#compound Initial Optimized Reoptimized Retrained
230001 0.19 0.16 0.16 0.15
230002 0.28 0.23 0.23 0.25
230003 0.16 0.14 0.14 0.14
230004 0.19 0.18 0.18 0.19
230005 0.06 0.05 0.05 0.05
230006 0.09 0.09 0.09 0.09
230007 0.92 0.43 0.43 0.89
230008 0.18 0.18 0.18 0.2
230009 0.14 0.12 0.12 0.13
23000A 0.18 0.15 0.15 0.15
23000B 0.15 0.15 0.15 0.15
23000C 0.15 0.13 0.13 0.12
23000D 0.56 0.15 0.15 0.49
23000E 0.27 0.2 0.2 0.22
23000F 0.39 0.39 0.39 0.39
23000G 0.25 0.21 0.21 0.23
23000H 0.06 0.12 0.12 0.1
23000J 0.15 0.13 0.13 0.13
23000I 0.15 0.14 0.14 0.14
23000K 0.56 0.32 0.32 0.29
23000L 0.13 0.11 0.11 0.11
23000M 0.2 0.17 0.15 0.15
23000N 0.09 0.09 0.09 0.09
23000O 0.1 0.08 0.08 0.08
23000P 0.5 0.11 0.11 0.27
23000Q 0.1 0.11 0.11 0.11
23000R 0.17 0.17 0.17 0.17
23000S 0.13 0.13 0.13 0.13
23000T 0.06 0.08 0.08 0.08
23000U 0.25 0.24 0.24 0.24
23000V 0.16 0.15 0.15 0.16
23000W 0.2 0.17 0.17 0.18
23000X 0.13 0.1 0.1 0.11
23000Y 0.16 0.09 0.09 0.1
23000Z 0.12 0.1 0.1 0.1
230010 0.08 0.05 0.05 0.06
230011 1.01 0.46 0.46 0.85
230012 0.15 0.12 0.14 0.14
230013 0.09 0.09 0.09 0.09
230014 0.21 0.23 0.23 0.23
230015 0.33 0.33 0.33 0.33
230016 0.11 0.11 0.11 0.11
230017 0.96 0.1 0.1 0.1
230018 0.32 0.27 0.27 0.27
230019 0.19 0.17 0.17 0.18
23001A 0.1 0.07 0.07 0.07
23001B 1.17 0.37 0.37 0.38
23001C 0.21 0.16 0.15 0.14
23001E 0.18 0.21 0.21 0.22
23001D 0.67 0.13 0.13 0.26
23001F 0.35 0.19 0.19 0.19
23001G 0.49 0.1 0.1 0.1
23001H 0.22 0.14 0.14 0.14
23001I 0.15 0.14 0.14 0.13
23001J 0.33 0.22 0.22 0.2
23001K 0.13 0.1 0.1 0.1
23001L 0.07 0.07 0.07 0.07
23001M 0.22 0.2 0.2 0.23
23001N 0.13 0.1 0.1 0.13
23001O 0.18 0.16 0.16 0.16
23001P 0.11 0.09 0.09 0.09
23001Q 0.19 0.16 0.16 0.16
230000 0.18 0.19 0.19 0.19
23001R 0.22 0.15 0.15 0.18
23001S 0.82 0.2 0.2 0.2
23001T 0.31 0.24 0.24 0.24
23001U 0.13 0.13 0.1 0.11
23001V 0.21 0.17 0.17 0.18
23001X 0.29 0.65 0.31 0.65
23001Y 0.13 0.09 0.09 0.1
23001Z 0.96 0.12 0.12 0.11
230020 0.09 0.1 0.1 0.09
230021 0.63 0.09 0.09 0.1
230022 1.39 0.09 0.09 0.09
230023 0.2 0.19 0.19 0.19
230024 0.11 0.07 0.07 0.08
230025 0.26 0.21 0.21 0.21
230026 0.96 0.14 0.14 0.58
230027 0.74 0.65 0.65 0.39
230028 0.29 0.27 0.27 0.27
23002A 0.12 0.1 0.1 0.11
230029 0.18 0.13 0.13 0.13
23002B 0.19 0.15 0.15 0.15
23002C 0.1 0.1 0.1 0.1
23002E 0.1 0.1 0.1 0.09
23002D 0.13 0.13 0.13 0.13
23002F 0.13 0.11 0.11 0.11
23002G 0.08 0.08 0.08 0.08
23002H 0.16 0.15 0.15 0.16
23002I 0.07 0.06 0.06 0.08
23002J 0.12 0.11 0.11 0.11
23002K 0.18 0.16 0.16 0.16
23002L 0.21 0.19 0.19 0.2
23002M 0.59 0.11 0.11 0.12
23002N 0.21 0.17 0.17 0.17
23002O 0.35 0.13 0.13 0.39
23002P 0.09 0.1 0.1 0.1
23002Q 0.33 0.24 0.24 0.21
23002R 1.1 0.2 0.2 0.2
23002S 0.1 0.1 0.09 0.09
23002T 0.56 0.28 0.28 0.28
23002U 0.17 0.12 0.12 0.11
23002V 0.11 0.11 0.11 0.11
23002W 0.15 0.14 0.14 0.14
23002X 0.17 0.15 0.15 0.15
23002Y 0.51 0.11 0.11 0.5
23002Z 0.17 0.15 0.15 0.15
230030 0.68 0.13 0.13 0.13
230031 0.17 0.18 0.18 0.18
230032 0.12 0.12 0.12 0.12
230033 1.04 0.17 0.17 0.17
230034 0.16 0.16 0.16 0.16
230035 0.66 0.18 0.18 0.19
230036 0.22 0.1 0.1 0.1
230037 0.19 0.14 0.14 0.15
230038 0.2 0.2 0.2 0.2
230039 0.2 0.17 0.17 0.17
23003A 0.29 0.26 0.26 0.25
23003B 0.94 0.16 0.16 0.16
23003C 0.18 0.16 0.16 0.18
23003D 0.21 0.19 0.19 0.19
23003E 0.16 0.14 0.14 0.14
23003F 0.19 0.15 0.15 0.17
23003G 0.32 0.15 0.15 0.17
23003I 0.75 0.13 0.15 0.15
23003H 0.5 0.1 0.11 0.11
23003J 0.13 0.14 0.14 0.14
23003K 0.47 0.21 0.21 0.21
23003L 0.13 0.15 0.11 0.11
23003M 0.42 0.18 0.18 0.17
23003N 0.33 0.14 0.14 0.15
23003O 0.1 0.09 0.09 0.09
23003P 0.5 0.82 0.34 0.52
23003Q 0.06 0.06 0.06 0.06
23003R 0.24 0.14 0.14 0.16
23003S 0.09 0.08 0.08 0.09
23003T 0.16 0.16 0.16 0.16
23003U 0.16 0.15 0.15 0.15
23003V 0.18 0.16 0.16 0.16
23003W 0.14 0.14 0.14 0.14
23003X 0.21 0.14 0.14 0.17
23003Y 0.07 0.06 0.06 0.06
230040 0.21 0.19 0.19 0.2
230042 0.17 0.14 0.14 0.14
230041 0.09 0.07 0.07 0.08
230043 0.63 0.11 0.11 0.11
230046 0.11 0.11 0.11 0.14
230047 0.64 0.61 0.61 0.58
230048 0.27 0.21 0.21 0.21
230049 0.1 0.08 0.08 0.08
23004A 0.13 0.13 0.13 0.13
23004B 0.77 0.53 0.15 0.16
23004C 0.22 0.19 0.19 0.22
23004D 0.17 0.15 0.15 0.17
23004E 0.12 0.13 0.13 0.13
23004F 0.12 0.11 0.1 0.11
23004G 0.09 0.08 0.08 0.08
23004H 0.74 0.13 0.13 0.13
23004I 0.15 0.1 0.1 0.13
23004K 0.49 0.11 0.11 0.13
23004J 0.15 0.15 0.15 0.16
23004L 0.2 0.16 0.16 0.17
23004M 0.06 0.07 0.07 0.07
23004N 0.06 0.07 0.07 0.07
23004O 0.15 0.1 0.1 0.1
23004P 0.16 0.14 0.14 0.15
23004Q 0.13 0.13 0.13 0.13
23004R 0.08 0.08 0.08 0.08
23004S 0.14 0.16 0.16 0.16
23004U 1.14 0.19 0.19 0.19
23004T 0.77 0.11 0.11 0.13
23004V 0.16 0.13 0.13 0.13
23004W 0.18 0.19 0.19 0.19
23004X 0.12 0.08 0.08 0.08
23004Y 0.09 0.06 0.06 0.07
23004Z 0.13 0.12 0.12 0.12
230050 0.13 0.13 0.13 0.13
230052 0.15 0.28 0.28 0.2
230051 0.2 0.16 0.16 0.18
230053 0.25 0.2 0.2 0.21
230054 0.1 0.1 0.1 0.1
230056 0.11 0.1 0.1 0.1
230055 0.17 0.16 0.16 0.16
230057 0.12 0.06 0.06 0.07
230058 0.12 0.12 0.12 0.11
230059 0.19 0.15 0.15 0.15
23005A 0.1 0.1 0.1 0.09
23005B 0.81 0.13 0.13 0.13
23005C 0.41 0.41 0.41 0.42
23005D 0.16 0.15 0.15 0.14
23005F 0.9 0.23 0.23 0.24
23005E 0.1 0.07 0.07 0.06
23005G 0.11 0.1 0.1 0.1
23005I 0.86 0.23 0.23 0.21
23005H 0.24 0.28 0.28 0.28
23005J 0.11 0.1 0.1 0.11
23005K 0.4 0.24 0.24 0.23
23005N 0.44 0.44 0.44 0.44
23005O 0.1 0.07 0.05 0.09
23005Q 0.13 0.08 0.08 0.09
23005M 0.1 0.06 0.06 0.07
23005L 0.16 0.12 0.12 0.16
23005R 0.15 0.15 0.15 0.15
23005S 0.1 0.09 0.09 0.09
23005T 0.45 0.11 0.1 0.1
23005V 0.07 0.07 0.07 0.07
23005U 0.07 0.06 0.06 0.05
23005W 0.81 0.18 0.18 0.19
23005X 0.19 0.19 0.16 0.17
23005Y 0.14 0.14 0.14 0.13
23005Z 0.26 0.22 0.22 0.22
230060 0.08 0.08 0.08 0.08
230061 0.26 0.23 0.23 0.23
230062 0.08 0.06 0.06 0.06
230063 0.19 0.18 0.18 0.19
230064 0.14 0.14 0.14 0.14
230065 0.11 0.1 0.1 0.09
230066 0.12 0.14 0.14 0.14
230067 0.25 0.2 0.2 0.2
230068 0.07 0.09 0.09 0.09
23006A 0.58 0.15 0.14 0.14
230069 0.24 0.14 0.14 0.17
23006B 0.21 0.16 0.16 0.16
23006C 0.19 0.14 0.14 0.15
23006D 0.3 0.2 0.2 0.26
23006E 0.06 0.06 0.06 0.05
23006F 0.07 0.06 0.07 0.07
23006G 0.11 0.1 0.1 0.1
23006H 0.15 0.12 0.12 0.14
23006I 0.28 0.25 0.24 0.23
23006J 0.23 0.21 0.21 0.21
23006K 0.73 0.19 0.19 0.75
23006L 0.23 0.22 0.22 0.22
23006N 0.08 0.09 0.09 0.09
23006M 0.25 0.24 0.24 0.23
23006O 0.15 0.12 0.12 0.12
23006P 0.13 0.12 0.12 0.12
23006Q 0.23 0.24 0.24 0.24
23006R 0.2 0.2 0.2 0.2
23006T 0.48 0.11 0.11 0.12
23006S 0.24 0.23 0.23 0.24
23006U 0.08 0.1 0.1 0.13
23006V 0.15 0.17 0.17 0.16
23006W 0.18 0.08 0.08 0.08
23006X 0.1 0.07 0.07 0.07
23006Y 0.1 0.07 0.07 0.08
23006Z 0.11 0.08 0.08 0.08
230070 0.1 0.11 0.11 0.1
230071 0.44 0.09 0.1 0.1
230072 0.18 0.17 0.17 0.18
230073 0.15 0.16 0.18 0.17
230074 0.26 0.21 0.21 0.21
230075 0.61 0.08 0.07 0.07
230076 0.1 0.08 0.08 0.08
230077 0.29 0.22 0.18 0.18
230078 0.6 0.22 0.22 0.41
230079 0.17 0.12 0.12 0.12
23007A 0.15 0.14 0.14 0.14
23007B 0.1 0.09 0.09 0.09
23007C 0.09 0.09 0.09 0.09
23007D 0.2 0.18 0.18 0.17
23007E 0.09 0.09 0.09 0.09
23007F 0.18 0.17 0.17 0.17
23007G 0.27 0.23 0.23 0.22
23007I 0.07 0.06 0.06 0.05
23007J 0.07 0.08 0.08 0.09
23007H 0.22 0.11 0.09 0.11
23007K 0.21 0.21 0.21 0.21
23007M 0.2 0.2 0.2 0.2
23007L 0.18 0.16 0.17 0.17
23007O 0.23 0.23 0.23 0.23
23007N 0.14 0.16 0.16 0.15
23007P 0.2 0.2 0.2 0.2
23007R 0.11 0.11 0.11 0.12
23007S 0.24 0.24 0.24 0.23
23007U 0.19 0.17 0.17 0.17
23007W 0.12 0.08 0.08 0.09
23007V 0.06 0.06 0.06 0.06
23007X 0.09 0.08 0.08 0.08
23007Y 0.91 0.09 0.09 0.09
23007Z 0.17 0.13 0.13 0.13
230080 0.1 0.17 0.17 0.17
230081 0.17 0.12 0.12 0.12
230082 0.59 0.13 0.13 0.18
230084 0.09 0.08 0.08 0.08
230083 0.62 0.12 0.12 0.12
230085 0.1 0.1 0.1 0.1
230086 0.1 0.08 0.08 0.09
230087 0.14 0.12 0.12 0.12
230088 0.09 0.1 0.1 0.1
230089 0.1 0.09 0.09 0.1
23008A 0.21 0.18 0.18 0.2
23008B 0.19 0.17 0.17 0.17
23008C 0.15 0.1 0.1 0.17
23008E 0.18 0.11 0.11 0.11
23008D 0.59 0.14 0.14 0.14
23008G 0.19 0.2 0.2 0.2
23008F 0.18 0.17 0.17 0.17
23008H 0.26 0.26 0.26 0.25
23008I 0.87 0.12 0.12 0.16
23008J 0.12 0.1 0.13 0.13
23008L 1.33 0.2 0.2 0.19
23008K 1.05 0.12 0.12 0.41
23008M 0.19 0.12 0.12 0.12
23008N 0.12 0.12 0.12 0.12
23008O 0.56 0.15 0.15 0.45
23008P 0.54 0.14 0.14 0.15
23008Q 0.11 0.1 0.1 0.1
23008R 0.14 0.12 0.12 0.13
23008S 0.18 0.09 0.08 0.1
23008T 0.12 0.11 0.11 0.11
23008U 0.08 0.08 0.08 0.08
23008V 0.13 0.12 0.12 0.12
23008W 0.07 0.07 0.07 0.07
23008X 0.1 0.1 0.1 0.1
23008Y 0.18 0.14 0.14 0.14
23008Z 0.17 0.15 0.15 0.14
230090 0.23 0.22 0.22 0.22
230091 0.14 0.12 0.12 0.12
230092 0.14 0.14 0.14 0.14
230093 0.2 0.18 0.18 0.18
230094 0.08 0.06 0.06 0.07
230095 0.24 0.19 0.19 0.22
230096 0.11 0.11 0.11 0.11
230097 0.94 0.09 0.09 0.09
230098 0.44 0.12 0.12 0.13
230099 0.16 0.15 0.15 0.16
23009A 0.1 0.09 0.09 0.09
23009C 0.09 0.08 0.08 0.08
23009B 0.21 0.2 0.2 0.21
23009D 0.23 0.17 0.17 0.2
23009E 0.15 0.15 0.15 0.15
23009F 0.48 0.17 0.17 0.14
23009G 0.2 0.16 0.16 0.16
23009H 0.19 0.2 0.2 0.19
23009I 0.88 0.14 0.14 0.11
23009J 0.1 0.11 0.11 0.11
23009K 0.14 0.11 0.11 0.12
23009L 0.16 0.18 0.18 0.18
23009M 0.16 0.16 0.16 0.16
23009O 0.07 0.07 0.07 0.07
23009N 0.09 0.07 0.07 0.07
23009P 0.26 0.23 0.23 0.23
23009Q 0.17 0.15 0.15 0.15
23009S 0.08 0.05 0.05 0.05
23009R 0.51 0.07 0.07 0.07
23009T 0.27 0.12 0.12 0.13
23009U 0.37 0.31 0.31 0.28
23009W 0.15 0.14 0.14 0.14
23009V 0.17 0.16 0.16 0.16
23009X 0.64 0.41 0.41 0.56
23009Y 0.23 0.18 0.18 0.18
23009Z 0.18 0.18 0.18 0.19
2300A0 0.57 0.57 0.57 0.56
2300A1 0.16 0.16 0.16 0.16
2300A2 0.08 0.08 0.08 0.08
2300A3 0.23 0.19 0.19 0.19
2300A5 0.1 0.11 0.11 0.11
2300A4 0.17 0.15 0.15 0.8
2300A6 0.19 0.15 0.15 0.15
2300A7 0.26 0.26 0.26 0.27
2300A8 0.13 0.13 0.13 0.13
2300A9 0.16 0.16 0.16 0.16
2300AA 0.06 0.06 0.06 0.06
2300AC 0.59 0.09 0.09 0.09
2300AB 0.33 0.19 0.19 0.25
2300AE 0.11 0.11 0.11 0.11
2300AD 0.19 0.13 0.13 0.15
2300AF 0.12 0.12 0.12 0.12
2300AG 0.13 0.12 0.12 0.13
2300AH 0.12 0.11 0.11 0.11
2300AJ 0.14 0.14 0.14 0.11
2300AI 0.14 0.09 0.09 0.12
2300AK 0.13 0.12 0.12 0.12
2300AL 0.6 0.11 0.11 0.13
2300AM 0.18 0.18 0.18 0.18
2300AO 0.63 0.18 0.18 0.16
2300AP 0.27 0.17 0.06 0.07
2300AQ 0.39 0.28 0.28 0.36
2300AR 0.19 0.13 0.13 0.13
2300AS 0.38 0.29 0.29 0.38
2300AT 0.57 0.15 0.15 0.14
2300AU 0.57 0.17 0.17 0.17
2300AV 0.2 0.13 0.13 0.12
2300AW 0.26 0.18 0.18 0.24
2300AX 0.08 0.05 0.05 0.05
2300AY 0.72 0.17 0.17 0.19
2300AZ 0.17 0.18 0.18 0.18
2300B0 0.8 0.08 0.08 0.08
2300B1 0.49 0.11 0.11 0.12
2300B2 0.27 0.27 0.27 0.27
2300B3 0.14 0.16 0.16 0.16
2300B5 0.06 0.07 0.07 0.07
2300B4 0.18 0.18 0.18 0.18
2300B6 0.11 0.1 0.1 0.1
2300B7 0.29 0.17 0.17 0.16
2300B8 0.14 0.08 0.08 0.1
2300B9 0.22 0.14 0.14 0.15
2300BA 0.53 0.12 0.12 0.12
2300BC 0.29 0.28 0.28 0.3
2300BB 0.18 0.16 0.16 0.17
2300BD 0.16 0.16 0.16 0.17
2300BF 0.29 0.2 0.2 0.17
2300BH 0.15 0.15 0.15 0.16
2300BG 0.21 0.21 0.21 0.21
2300BI 0.17 0.15 0.15 0.15
2300BK 0.09 0.05 0.05 0.05
2300BJ 0.17 0.14 0.14 0.14
2300BL 0.11 0.08 0.08 0.09
2300BN 0.16 0.15 0.15 0.16
2300BM 0.22 0.22 0.22 0.24
2300BO 0.23 0.12 0.12 0.12
2300BP 0.24 0.26 0.26 0.26
2300BQ 0.14 0.11 0.11 0.11
2300BR 0.24 0.24 0.23 0.24
2300BS 0.19 0.18 0.18 0.2
2300BT 0.11 0.1 0.1 0.1
2300BU 0.1 0.16 0.16 0.31
2300BW 0.73 0.2 0.2 0.21
2300BV 0.23 0.12 0.12 0.12
2300BX 0.78 0.14 0.14 0.12
2300BY 0.16 0.13 0.13 0.13
2300BZ 0.1 0.11 0.11 0.11
2300C0 1.12 0.16 0.16 0.16
2300C1 0.23 0.24 0.24 0.26
2300C2 0.15 0.16 0.16 0.16
2300C3 0.07 0.08 0.08 0.08
2300C4 0.14 0.13 0.13 0.13
2300C5 1.16 0.19 0.19 0.2
2300C6 0.18 0.18 0.16 0.14
2300C7 0.13 0.18 0.18 0.17
2300C8 0.11 0.07 0.07 0.07
2300C9 0.17 0.16 0.16 0.16
2300CA 0.18 0.19 0.19 0.19
2300CB 0.14 0.13 0.13 0.13
2300CC 0.71 0.08 0.08 0.1
2300CD 0.16 0.16 0.16 0.16
2300CF 0.25 0.21 0.21 0.22
2300CE 0.21 0.2 0.2 0.2
2300CG 0.17 0.14 0.14 0.15
2300CH 0.17 0.17 0.17 0.16
2300CI 0.12 0.09 0.09 0.1
2300CJ 0.15 0.16 0.16 0.17
2300CK 0.17 0.16 0.16 0.16
2300CL 0.09 0.06 0.06 0.06
2300CM 0.19 0.17 0.17 0.17
2300CO 0.28 0.23 0.23 0.25
2300CP 0.29 0.4 0.38 0.38
2300CQ 0.18 0.09 0.09 0.07
2300CR 0.18 0.17 0.17 0.18
2300CS 1.46 0.23 0.2 0.23
2300CT 0.17 0.14 0.14 0.14
2300CU 0.2 0.15 0.14 0.15
2300CV 0.34 0.22 0.23 0.25
2300CW 0.86 0.15 0.15 0.16
2300CX 0.22 0.21 0.21 0.21
2300CY 0.87 0.2 0.2 0.21
2300CZ 0.11 0.09 0.09 0.1
2300D0 0.28 0.18 0.18 0.19
2300D1 0.14 0.09 0.09 0.09
2300D2 0.14 0.13 0.13 0.12
2300D4 0.49 0.13 0.13 0.14
2300D5 0.1 0.09 0.09 0.12
2300D6 0.1 0.08 0.08 0.08
2300D7 0.1 0.1 0.1 0.1
2300D8 0.13 0.11 0.11 0.11
2300D9 0.14 0.15 0.15 0.15
2300DA 0.28 0.27 0.27 0.27
2300DC 0.45 0.12 0.12 0.14
2300DB 0.11 0.09 0.09 0.09
2300DD 0.13 0.1 0.1 0.11
2300DE 0.16 0.14 0.14 0.15
2300DF 1.0 0.46 0.43 0.44
2300DG 0.08 0.07 0.07 0.07
2300DH 0.15 0.08 0.08 0.09
2300DI 0.08 0.09 0.09 0.09
2300DJ 0.14 0.14 0.14 0.15
2300DK 0.09 0.06 0.06 0.06
2300DL 0.27 0.24 0.24 0.24
2300DM 0.08 0.08 0.08 0.08
2300DN 0.21 0.2 0.2 0.2
2300DO 0.15 0.13 0.13 0.15
2300DP 0.09 0.06 0.06 0.06
2300DQ 0.61 0.08 0.08 0.08
2300DR 0.18 0.17 0.17 0.17
2300DS 0.19 0.19 0.19 0.2
2300DT 0.2 0.18 0.18 0.18
2300DU 0.12 0.13 0.13 0.13
2300DV 0.22 0.19 0.19 0.21
2300DW 0.35 0.08 0.08 0.1
2300DX 0.76 0.82 0.82 0.81
2300DY 0.15 0.13 0.13 0.13
2300DZ 0.19 0.18 0.18 0.19
2300E1 0.08 0.06 0.06 0.06
2300E0 0.45 0.08 0.08 0.07
2300E2 0.1 0.09 0.09 0.09
2300E3 0.25 0.17 0.17 0.16
2300E4 0.1 0.11 0.11 0.11
2300E5 0.08 0.08 0.08 0.08
2300E6 0.17 0.15 0.15 0.15
2300E8 0.1 0.1 0.1 0.11
2300E7 0.17 0.13 0.13 0.15
2300EA 0.15 0.15 0.15 0.15
2300E9 0.67 0.14 0.14 0.14
2300EB 0.15 0.18 0.18 0.18
2300EC 0.09 0.09 0.09 0.09
2300ED 0.17 0.17 0.17 0.17
2300EE 0.09 0.08 0.08 0.09
2300EF 0.43 0.13 0.13 0.13
2300EH 0.13 0.12 0.12 0.12
2300EG 0.13 0.13 0.13 0.12
2300EI 0.11 0.1 0.1 0.1
2300EK 0.16 0.15 0.15 0.15
2300EL 0.09 0.08 0.08 0.08
2300EM 0.15 0.14 0.12 0.13
2300EN 0.69 0.26 0.26 0.7
2300EO 0.23 0.14 0.14 0.14
2300EP 0.25 0.24 0.24 0.24
2300ER 0.11 0.11 0.11 0.11
2300ES 0.26 0.25 0.25 0.24
2300ET 0.13 0.13 0.13 0.13
2300EU 0.24 0.22 0.22 0.22
2300EW 0.24 0.24 0.24 0.24
2300EV 0.25 0.27 0.27 0.25
2300EX 0.11 0.15 0.15 0.15
2300EY 0.92 0.13 0.13 0.14
2300F0 0.09 0.13 0.13 0.13
2300F2 0.15 0.14 0.14 0.14
2300F3 0.61 0.21 0.21 0.21
2300F4 0.09 0.1 0.1 0.09
2300F5 0.27 0.24 0.21 0.21
2300F6 0.18 0.09 0.09 0.09
2300F7 0.19 0.18 0.18 0.19
2300F8 0.23 0.23 0.23 0.23
2300F9 0.14 0.14 0.14 0.14
2300FA 0.12 0.12 0.12 0.12
2300FB 0.22 0.22 0.22 0.22
2300FC 0.22 0.22 0.22 0.22
2300FD 0.14 0.12 0.12 0.12
2300FE 0.06 0.07 0.07 0.07
2300FF 0.22 0.09 0.09 0.1
2300FG 0.12 0.08 0.08 0.08
2300FH 0.14 0.14 0.14 0.14
2300FI 0.17 0.15 0.15 0.15
2300FJ 0.18 0.14 0.13 0.13
2300FK 0.11 0.11 0.11 0.11
2300FL 0.21 0.17 0.17 0.17
2300FM 0.29 0.28 0.28 0.28
2300FN 0.68 0.11 0.11 0.12
2300FO 0.18 0.17 0.17 0.17
2300FP 0.1 0.09 0.09 0.09
2300FQ 0.08 0.07 0.07 0.08
2300FR 0.11 0.11 0.11 0.11
2300FS 0.18 0.54 0.07 0.09
2300FT 0.12 0.1 0.1 0.1
2300FV 0.31 0.31 0.31 0.29
2300FU 0.32 0.29 0.29 0.3
2300FW 0.63 0.65 0.65 0.65
2300FY 0.16 0.16 0.16 0.15
2300FX 0.2 0.18 0.18 0.19
2300G0 0.22 0.2 0.2 0.21
2300G1 0.62 0.08 0.08 0.62
2300G2 0.32 0.19 0.19 0.19
2300G3 0.92 0.92 0.92 0.92
2300G4 0.39 0.39 0.39 0.39
2300G5 0.57 0.38 0.39 0.5
2300G6 1.26 0.12 0.12 0.12
2300G7 0.22 0.2 0.2 0.2
2300G8 0.14 0.1 0.1 0.11
2300G9 0.55 0.05 0.05 0.05
2300GA 0.11 0.11 0.11 0.12
2300GB 0.1 0.11 0.11 0.11
2300GC 0.23 0.16 0.16 0.16
2300GE 0.13 0.11 0.11 0.11
2300GD 0.16 0.14 0.14 0.14
2300GF 0.18 0.11 0.11 0.12
2300GG 0.34 0.33 0.33 0.34
2300GK 0.91 0.08 0.08 0.09
2300GJ 0.1 0.05 0.05 0.06
2300GI 0.2 0.19 0.19 0.19
2300GL 0.29 0.27 0.27 0.28
2300GM 0.14 0.13 0.13 0.13
2300GN 1.32 0.25 0.23 0.24
2300GP 0.08 0.09 0.09 0.09
2300GQ 0.09 0.09 0.09 0.1
2300GO 0.13 0.12 0.12 0.12
2300GR 0.07 0.06 0.06 0.06
2300GS 0.08 0.07 0.07 0.07
2300GT 0.25 0.24 0.24 0.24
2300GV 0.11 0.11 0.11 0.11
2300GW 0.19 0.19 0.19 0.19
2300GX 0.13 0.1 0.12 0.11
2300GY 0.46 0.14 0.14 0.14
2300GZ 0.22 0.24 0.24 0.25
2300H0 0.14 0.11 0.11 0.12
2300H1 0.44 0.15 0.15 0.15
2300H3 0.11 0.12 0.12 0.12
2300H2 0.13 0.12 0.12 0.12
2300H4 0.26 0.21 0.21 0.21
2300H5 0.65 0.15 0.15 0.15
2300H6 0.41 0.25 0.21 0.23
2300H7 0.14 0.14 0.14 0.14
2300H8 0.58 0.06 0.06 0.06
2300H9 0.67 0.13 0.13 0.14
2300HA 0.1 0.09 0.09 0.09
2300HB 0.23 0.22 0.22 0.22
2300HC 0.22 0.23 0.23 0.23
2300HD 0.13 0.09 0.09 0.1
2300HF 0.09 0.09 0.09 0.09
2300HE 0.12 0.12 0.12 0.12
2300HG 0.44 0.11 0.08 0.09
2300HH 0.12 0.11 0.11 0.1
2300HI 0.14 0.15 0.15 0.15
2300HJ 0.1 0.11 0.11 0.11
2300HK 0.17 0.12 0.12 0.13
2300HM 0.13 0.12 0.12 0.12
2300HL 0.15 0.12 0.12 0.12
2300HN 0.66 0.14 0.14 0.14
2300HO 0.17 0.21 0.21 0.21
2300HP 0.12 0.08 0.08 0.08
2300HQ 0.19 0.17 0.17 0.18
2300HR 0.22 0.24 0.24 0.23
2300HS 0.14 0.13 0.13 0.13
2300HU 0.15 0.15 0.15 0.14
2300HT 0.11 0.06 0.06 0.06
2300HV 0.28 0.25 0.25 0.4
2300HW 0.09 0.07 0.07 0.08
2300HX 0.54 0.15 0.15 0.15
2300HZ 0.23 0.23 0.23 0.23
2300HY 0.13 0.13 0.13 0.13
2300I1 0.24 0.24 0.24 0.24
2300I2 0.47 0.06 0.06 0.05
2300I3 0.1 0.1 0.1 0.1
2300I4 0.18 0.16 0.16 0.16
2300I5 0.34 0.15 0.15 0.16
2300I6 0.14 0.15 0.15 0.15
2300I7 0.14 0.13 0.13 0.14
2300I8 0.79 0.28 0.28 0.44
2300I9 0.2 0.17 0.17 0.2
2300IA 0.11 0.15 0.15 0.15
2300IC 0.05 0.06 0.06 0.06
2300IB 0.16 0.14 0.14 0.14
2300IE 0.09 0.08 0.08 0.08
2300IF 0.12 0.12 0.12 0.12
2300IG 0.12 0.09 0.09 0.09
2300IH 0.12 0.13 0.13 0.12
2300IJ 0.63 0.11 0.11 0.12
2300II 0.92 0.28 0.47 0.73
2300IL 0.53 0.27 0.27 0.27
2300IM 0.27 0.19 0.19 0.17
2300IN 0.13 0.06 0.06 0.08
2300IO 0.11 0.08 0.08 0.09
2300IP 1.17 0.25 0.24 0.24
2300IQ 0.25 0.24 0.24 0.25
2300IR 0.25 0.18 0.18 0.17
2300IS 0.22 0.17 0.17 0.17
2300IT 0.14 0.12 0.12 0.13
2300IV 0.08 0.07 0.07 0.07
2300IU 0.07 0.06 0.06 0.06
2300IW 0.16 0.14 0.14 0.14
2300IX 0.18 0.18 0.18 0.18
2300IY 0.07 0.06 0.05 0.05
2300J0 0.1 0.07 0.07 0.07
2300IZ 0.12 0.09 0.09 0.09
2300J1 0.1 0.08 0.08 0.1
2300J2 0.14 0.11 0.11 0.11
2300J3 0.1 0.11 0.11 0.11
2300J4 0.14 0.09 0.09 0.1
2300J5 0.17 0.08 0.08 0.08
2300J6 0.55 0.15 0.15 0.15
2300J8 0.18 0.16 0.16 0.16
2300J7 0.67 0.25 0.25 0.66
2300JA 0.51 0.13 0.13 0.13
2300J9 0.11 0.11 0.11 0.11
2300JB 0.14 0.14 0.14 0.14
2300JC 0.18 0.17 0.17 0.17
2300JD 0.12 0.13 0.13 0.12
2300JE 0.15 0.12 0.12 0.12
2300JF 0.07 0.06 0.06 0.07
2300JH 0.13 0.13 0.13 0.13
2300JG 0.11 0.11 0.11 0.11
2300JI 0.58 0.35 0.34 0.33
2300JJ 0.24 0.2 0.2 0.21
2300JK 0.23 0.24 0.24 0.23
2300JL 0.23 0.23 0.23 0.23
2300JM 0.09 0.07 0.07 0.06
2300JN 0.18 0.17 0.17 0.18
2300JO 0.2 0.19 0.19 0.19
2300JP 0.27 0.23 0.23 0.23
2300JQ 0.18 0.19 0.19 0.19
2300JR 0.16 0.15 0.15 0.14
2300JS 0.12 0.12 0.12 0.12
2300JT 0.07 0.06 0.06 0.06
2300JU 0.19 0.15 0.15 0.15
2300JV 0.12 0.13 0.13 0.13
2300JW 0.13 0.11 0.11 0.11
2300K0 0.11 0.09 0.09 0.09
2300K1 0.64 0.07 0.07 0.06
2300JZ 0.1 0.07 0.07 0.1
2300JY 0.09 0.09 0.09 0.09
2300K3 0.11 0.06 0.06 0.06
2300K2 0.22 0.25 0.25 0.24
2300K5 0.13 0.08 0.08 0.09
2300K4 0.32 0.31 0.31 0.52
2300K6 0.12 0.08 0.08 0.09
2300K8 0.08 0.09 0.1 0.1
2300K9 0.15 0.15 0.15 0.15
2300KA 0.17 0.17 0.17 0.17
2300KC 0.26 0.16 0.16 0.16
2300KB 0.07 0.05 0.05 0.06
2300KD 0.33 0.11 0.11 0.11
2300KE 0.51 0.08 0.08 0.08
2300KF 0.11 0.12 0.12 0.12
2300KG 0.57 0.1 0.1 0.1
2300KH 0.49 0.17 0.17 0.16
2300KI 0.06 0.05 0.05 0.05
2300KJ 0.15 0.17 0.17 0.17
2300KK 0.17 0.16 0.16 0.16
2300KL 0.15 0.16 0.16 0.17
2300KM 0.25 0.23 0.23 0.24
2300KN 0.09 0.09 0.09 0.1
2300KO 0.17 0.16 0.16 0.16
2300KP 0.15 0.13 0.13 0.13
2300KQ 0.16 0.14 0.14 0.14
2300KR 0.15 0.14 0.14 0.14
2300KS 0.13 0.13 0.13 0.14
2300KT 0.11 0.11 0.11 0.11
2300KV 0.2 0.19 0.19 0.21
2300KW 0.07 0.06 0.06 0.07
2300KU 0.13 0.13 0.13 0.13
2300KX 0.19 0.15 0.15 0.15
2300KY 0.78 0.14 0.13 0.14
2300KZ 0.17 0.11 0.11 0.14
2300L0 0.14 0.13 0.13 0.15
2300L1 0.41 0.22 0.22 0.21
2300L2 0.09 0.13 0.13 0.12
2300L3 0.15 0.14 0.14 0.14
2300L4 0.28 0.3 0.29 0.28
2300L5 0.18 0.18 0.18 0.18
2300L6 0.49 0.15 0.15 0.15
2300L7 0.15 0.1 0.1 0.1
2300L8 0.19 0.13 0.13 0.14
2300L9 0.21 0.18 0.18 0.19
2300LA 0.17 0.17 0.17 0.17
2300LB 0.06 0.04 0.04 0.04
2300LC 0.16 0.15 0.15 0.15
2300LD 0.16 0.16 0.16 0.15
2300LE 0.13 0.13 0.13 0.13
2300LF 0.17 0.17 0.17 0.17
2300LH 0.16 0.17 0.17 0.17
2300LI 0.12 0.13 0.13 0.13
2300LK 0.27 0.25 0.25 0.23
2300LJ 0.1 0.1 0.1 0.1
2300LL 0.32 0.33 0.33 0.33
2300LM 0.16 0.14 0.14 0.14
2300LP 0.13 0.14 0.14 0.14
2300LO 0.19 0.2 0.2 0.19
2300LQ 0.24 0.24 0.24 0.24
2300LR 0.24 0.16 0.16 0.17
2300LS 0.15 0.18 0.18 0.18
2300LU 0.1 0.1 0.1 0.15
2300LT 0.12 0.12 0.1 0.12
2300LV 0.39 0.16 0.19 0.17
2300LW 0.91 0.16 0.16 0.19
2300LX 0.14 0.15 0.15 0.15
2300LY 0.17 0.16 0.16 0.16
2300LZ 0.08 0.06 0.06 0.09
2300M0 0.14 0.14 0.14 0.14
2300M1 0.18 0.18 0.18 0.18
2300M2 0.22 0.22 0.22 0.22
2300M4 0.08 0.08 0.08 0.08
2300M3 0.13 0.11 0.11 0.12
2300M5 0.08 0.06 0.06 0.07
2300M7 0.06 0.07 0.07 0.07
2300M6 0.28 0.33 0.33 0.34
2300M8 0.35 0.3 0.3 0.36
2300M9 0.75 0.22 0.22 0.22
2300MA 0.09 0.08 0.08 0.08
2300MB 0.22 0.23 0.23 0.23
2300MC 0.23 0.17 0.17 0.18
2300MD 0.13 0.14 0.14 0.14
2300ME 0.13 0.12 0.12 0.12
2300MG 0.11 0.08 0.08 0.09
2300MF 0.1 0.07 0.07 0.07
2300MH 0.18 0.16 0.16 0.17
2300MI 0.17 0.17 0.17 0.17
2300MJ 0.12 0.12 0.12 0.12
2300MK 0.09 0.08 0.08 0.08
2300ML 0.13 0.11 0.11 0.1
2300MM 0.16 0.17 0.17 0.17
2300MN 0.17 0.14 0.14 0.14
2300MO 0.22 0.21 0.21 0.21
2300MP 0.14 0.16 0.16 0.18
2300MQ 0.17 0.13 0.13 0.14
2300MR 0.16 0.12 0.12 0.12
2300MS 0.11 0.08 0.08 0.09
2300MT 0.09 0.08 0.08 0.08
2300MU 0.3 0.3 0.3 0.3
2300MV 0.24 0.1 0.1 0.1
2300MX 0.14 0.14 0.14 0.14
2300MW 0.21 0.18 0.18 0.21
2300MZ 0.11 0.1 0.1 0.1
2300MY 0.17 0.17 0.17 0.17
2300N0 0.15 0.12 0.12 0.12
2300N1 0.12 0.13 0.13 0.13
2300N2 0.46 0.51 0.51 0.51
2300N3 0.08 0.06 0.06 0.06
2300N5 0.1 0.1 0.1 0.1
2300N6 0.15 0.15 0.15 0.15
2300N7 0.08 0.06 0.06 0.06
2300N8 0.16 0.15 0.15 0.15
2300N4 0.09 0.1 0.1 0.1
2300N9 0.09 0.07 0.07 0.08
2300NA 0.23 0.24 0.24 0.25
2300NB 0.2 0.2 0.2 0.2
2300ND 0.16 0.16 0.16 0.16
2300NF 0.08 0.08 0.08 0.08
2300NE 0.21 0.2 0.2 0.2
2300NH 0.16 0.09 0.09 0.09
2300NG 0.43 0.07 0.07 0.07
2300NI 0.26 0.25 0.25 0.25
2300NJ 0.18 0.19 0.19 0.19
2300NK 0.77 0.18 0.18 0.18
2300NL 0.09 0.09 0.09 0.09
2300NM 0.35 0.26 0.26 0.26
2300NN 0.22 0.24 0.24 0.24
2300NO 0.06 0.05 0.05 0.05
2300NP 0.15 0.16 0.16 0.16
2300NR 0.1 0.1 0.1 0.1
2300NS 0.1 0.11 0.11 0.11
2300NT 0.33 0.17 0.17 0.18
2300NV 0.08 0.06 0.06 0.06
2300NU 0.09 0.07 0.07 0.07
2300NW 0.17 0.17 0.17 0.17
2300NX 0.15 0.11 0.11 0.1
2300NY 0.1 0.1 0.1 0.09
2300NZ 0.17 0.19 0.19 0.19
2300O0 0.24 0.15 0.15 0.17
2300O1 0.15 0.14 0.14 0.14
2300O2 0.16 0.1 0.1 0.1
2300O3 0.72 0.12 0.12 0.13
2300O4 0.54 0.21 0.21 0.23
2300O5 0.51 0.31 0.31 0.26
2300O6 0.13 0.11 0.11 0.11
2300O7 0.72 0.11 0.12 0.12
2300O8 0.1 0.07 0.07 0.07
2300O9 0.12 0.12 0.12 0.12
2300OA 0.08 0.08 0.08 0.09
2300OB 0.69 0.06 0.06 0.07
2300OC 0.45 0.23 0.23 0.23
2300OD 0.11 0.11 0.11 0.11
2300OE 0.3 0.32 0.32 0.3
2300OF 0.12 0.14 0.14 0.14
2300OG 0.14 0.15 0.15 0.13
2300OH 0.16 0.18 0.18 0.18
2300OI 0.17 0.17 0.17 0.17
2300OJ 0.1 0.07 0.07 0.08
2300OL 0.15 0.13 0.13 0.13
2300OK 0.15 0.17 0.17 0.17
2300OM 0.24 0.23 0.23 0.23
2300ON 0.2 0.18 0.18 0.18
2300OO 0.14 0.1 0.1 0.1
2300OP 0.14 0.15 0.15 0.15
2300OR 0.12 0.11 0.11 0.11
2300OS 0.17 0.14 0.14 0.16
2300OT 0.14 0.14 0.14 0.14
2300OU 0.26 0.25 0.25 0.24
2300OW 0.04 0.04 0.04 0.04
2300OV 0.08 0.14 0.14 0.14
2300OX 0.78 0.16 0.16 0.77
2300OZ 0.26 0.27 0.27 0.27
2300OY 0.19 0.19 0.19 0.19
2300P0 0.34 0.21 0.21 0.22
2300P1 0.19 0.16 0.16 0.17
2300P2 0.21 0.16 0.16 0.16
2300P3 0.17 0.17 0.17 0.17
2300P5 0.09 0.06 0.06 0.06
2300P6 0.53 0.16 0.15 0.15
2300P7 0.1 0.05 0.05 0.06
2300P8 0.28 0.17 0.17 0.17
2300P9 0.22 0.22 0.22 0.22
2300PA 0.4 0.32 0.32 0.33
2300PC 0.51 0.44 0.44 0.46
2300PB 0.16 0.16 0.16 0.16
2300PD 0.23 0.16 0.16 0.15
2300PE 0.07 0.1 0.1 0.1
2300PF 0.17 0.17 0.17 0.17
2300PG 0.08 0.08 0.08 0.08
2300PH 0.18 0.18 0.18 0.18
2300PI 0.55 0.25 0.25 0.25
2300PK 0.1 0.09 0.09 0.09
2300PL 0.24 0.21 0.21 0.21
2300PM 0.74 0.74 0.74 0.74
2300PN 0.26 0.27 0.27 0.27
2300PO 0.24 0.21 0.21 0.21
2300PP 0.33 0.32 0.32 0.32
2300PQ 0.1 0.08 0.08 0.08
2300PR 0.5 0.25 0.25 0.24
2300PS 0.18 0.17 0.17 0.17
2300PT 0.47 0.09 0.09 0.09
2300PU 0.11 0.1 0.1 0.1
2300PV 0.77 0.22 0.22 0.22
2300PW 0.2 0.18 0.18 0.18
2300PX 0.16 0.14 0.14 0.15
2300PY 0.15 0.14 0.14 0.14
2300PZ 0.19 0.2 0.2 0.2
2300Q0 0.13 0.12 0.12 0.12
2300Q1 0.12 0.12 0.12 0.12
2300Q2 0.21 0.15 0.15 0.15
2300Q3 0.21 0.21 0.21 0.21
2300Q5 0.23 0.25 0.25 0.23
2300Q4 0.18 0.18 0.18 0.18
2300Q6 0.27 0.24 0.24 0.24
2300Q7 0.23 0.24 0.24 0.23
2300Q8 0.38 0.16 0.16 0.15
2300Q9 0.24 0.15 0.15 0.16
2300QB 0.2 0.17 0.17 0.18
2300QA 0.19 0.22 0.22 0.22
2300QC 0.14 0.08 0.08 0.08
2300QE 0.08 0.08 0.08 0.08
2300QD 0.11 0.11 0.11 0.11
2300QF 0.12 0.12 0.12 0.12
2300QG 0.25 0.24 0.24 0.24
2300QI 0.13 0.12 0.12 0.12
2300QH 0.15 0.12 0.12 0.13
2300QK 0.13 0.11 0.11 0.11
2300QJ 0.23 0.22 0.22 0.23
2300QL 0.44 0.11 0.11 0.1
2300QM 0.18 0.18 0.18 0.18
2300QO 0.14 0.06 0.06 0.05
2300QN 0.15 0.07 0.07 0.08
2300QP 0.13 0.07 0.07 0.07
2300QQ 1.03 0.85 0.85 1.02
2300QR 0.13 0.12 0.12 0.12
2300QT 0.2 0.2 0.2 0.2
2300QS 0.74 0.62 0.62 0.61
2300QU 0.27 0.26 0.26 0.26
2300QV 0.17 0.15 0.15 0.15
2300QW 0.11 0.09 0.09 0.09
2300QX 0.08 0.08 0.08 0.08
2300QY 0.15 0.13 0.13 0.13
2300QZ 0.1 0.08 0.08 0.08
2300R0 0.11 0.12 0.12 0.12
2300R1 0.08 0.08 0.08 0.08
2300R2 0.18 0.15 0.15 0.14
2300R3 0.09 0.09 0.09 0.09
2300R4 0.17 0.16 0.16 0.16
2300R5 0.08 0.07 0.07 0.06
2300R6 0.38 0.28 0.28 0.28
2300R7 0.11 0.09 0.09 0.08
2300R8 0.07 0.07 0.07 0.07
2300R9 0.24 0.19 0.19 0.19
2300RB 0.25 0.12 0.12 0.14
2300RA 0.3 0.31 0.31 0.3
2300RC 0.2 0.21 0.21 0.21
2300RE 0.13 0.13 0.13 0.15
2300RF 0.14 0.13 0.13 0.13
2300RD 0.2 0.21 0.21 0.2
2300RG 0.12 0.09 0.09 0.09
2300RH 0.16 0.14 0.14 0.14
2300RI 0.15 0.14 0.14 0.15
2300RJ 0.14 0.14 0.14 0.13
2300RK 0.21 0.22 0.22 0.22
2300RL 0.07 0.06 0.06 0.06
2300RM 0.17 0.13 0.13 0.13
2300RN 0.16 0.18 0.18 0.18
2300RO 0.12 0.12 0.12 0.33
2300RP 0.09 0.08 0.08 0.08
2300RQ 0.26 0.23 0.22 0.22
2300RR 0.15 0.14 0.14 0.13
2300RS 0.12 0.09 0.09 0.09
2300RT 0.18 0.18 0.18 0.18
2300RW 0.12 0.11 0.11 0.11
2300RY 0.13 0.1 0.1 0.11
2300RZ 0.2 0.24 0.24 0.22
2300S0 0.12 0.13 0.13 0.13
2300S1 0.58 0.13 0.13 0.13
2300S2 0.16 0.14 0.14 0.14
2300S3 0.19 0.14 0.14 0.15
2300S4 0.1 0.11 0.11 0.11
2300S5 0.16 0.17 0.17 0.17
2300S6 0.12 0.12 0.12 0.12
2300S7 0.07 0.08 0.08 0.08
2300S8 0.19 0.2 0.2 0.2
2300S9 0.15 0.14 0.14 0.14
2300SA 0.1 0.09 0.09 0.09
2300SB 0.43 0.4 0.4 0.4
2300SC 0.12 0.1 0.1 0.11
2300SE 0.58 0.21 0.21 0.21
2300SD 0.12 0.13 0.13 0.12
2300SF 0.42 0.13 0.13 0.13
2300SH 0.11 0.1 0.1 0.11
2300SI 0.51 0.12 0.12 0.12
2300SJ 0.09 0.11 0.11 0.1
2300SK 0.25 0.24 0.24 0.24
2300SL 0.08 0.07 0.07 0.07
2300SM 0.17 0.17 0.17 0.17
2300SO 0.19 0.2 0.2 0.21
2300SP 0.18 0.16 0.16 0.3
2300SQ 0.15 0.14 0.14 0.14
2300SR 0.22 0.23 0.23 0.24
2300SS 1.05 1.05 1.05 1.05
2300ST 0.22 0.22 0.22 0.33
2300SU 0.19 0.21 0.21 0.27
2300SV 0.16 0.13 0.13 0.14
2300SW 0.19 0.2 0.2 0.2
2300SX 0.12 0.13 0.13 0.13
2300SY 0.1 0.1 0.1 0.1
2300SZ 0.12 0.1 0.1 0.1
2300T1 0.09 0.1 0.1 0.08
2300T0 0.12 0.11 0.11 0.11
2300T2 0.16 0.13 0.13 0.14
2300T3 0.13 0.13 0.13 0.13
2300T4 0.12 0.09 0.09 0.09
2300T5 0.17 0.18 0.18 0.18
2300T6 0.47 0.47 0.47 0.47
2300T8 0.08 0.08 0.08 0.09
2300T9 0.1 0.08 0.08 0.08
2300TA 0.17 0.17 0.17 0.17
2300TC 0.16 0.16 0.16 0.16
2300TD 0.08 0.06 0.06 0.07
2300TB 0.16 0.15 0.15 0.15
2300TF 0.11 0.11 0.09 0.09
2300TE 0.16 0.15 0.15 0.15
2300TH 0.09 0.09 0.09 0.09
2300TI 1.08 0.08 0.08 0.08
2300TJ 0.46 0.1 0.1 0.1
2300TK 0.07 0.06 0.06 0.06
2300TL 0.78 0.11 0.11 0.12
2300TM 0.13 0.13 0.13 0.13
2300TN 0.17 0.11 0.11 0.11
2300TO 0.51 0.13 0.13 0.13
2300TP 0.29 0.2 0.2 0.2
2300TQ 0.55 0.18 0.18 0.18
2300TR 0.21 0.2 0.2 0.2
2300TS 0.18 0.18 0.18 0.18
2300TT 0.13 0.1 0.1 0.1
2300TU 0.25 0.26 0.26 0.26
2300TV 0.1 0.12 0.12 0.13
2300TW 0.08 0.07 0.07 0.07
2300TX 0.05 0.05 0.05 0.07
2300TY 0.08 0.08 0.08 0.08
2300TZ 1.06 0.44 0.44 0.16
2300U0 0.07 0.06 0.06 0.07
2300U1 0.19 0.2 0.2 0.2
2300U2 0.93 0.14 0.14 0.14
2300U3 0.11 0.08 0.08 0.11
2300U4 0.13 0.1 0.1 0.1
2300U5 0.73 0.09 0.09 0.13
2300U6 0.48 0.1 0.1 0.1
2300U7 0.19 0.17 0.17 0.17
2300U8 0.08 0.09 0.09 0.09
2300U9 0.07 0.07 0.07 0.07
2300UA 0.13 0.13 0.13 0.13
2300UB 0.17 0.13 0.13 0.13
2300UD 0.69 0.11 0.11 0.11
2300UE 0.48 0.07 0.07 0.07
2300UF 0.17 0.17 0.17 0.17
2300UG 0.22 0.22 0.22 0.22
2300UH 0.15 0.1 0.1 0.1
2300UI 0.18 0.17 0.17 0.17
2300UJ 0.16 0.16 0.16 0.16
2300UK 0.2 0.21 0.21 0.21
2300UL 0.1 0.08 0.08 0.08
2300UM 0.13 0.11 0.11 0.12
2300UN 0.13 0.09 0.09 0.09
2300UO 0.15 0.16 0.16 0.15
2300UP 0.22 0.23 0.22 0.22
2300UR 0.17 0.17 0.17 0.17
2300UQ 0.13 0.12 0.12 0.13
2300US 0.13 0.13 0.13 0.13
2300UU 0.07 0.08 0.08 0.07
2300UT 0.44 0.12 0.12 0.14
2300UV 0.17 0.12 0.12 0.11
2300UW 0.14 0.14 0.14 0.14
2300UY 0.1 0.13 0.13 0.13
2300UX 0.15 0.14 0.14 0.14
2300UZ 0.16 0.16 0.16 0.16
2300V0 0.1 0.09 0.09 0.09
2300V1 0.09 0.08 0.08 0.09
2300V3 0.07 0.08 0.08 0.07
2300V2 0.08 0.07 0.07 0.08
2300V4 0.21 0.19 0.19 0.21
2300V5 0.53 0.31 0.31 0.31
2300V6 0.44 0.1 0.1 0.1
2300V7 0.2 0.19 0.19 0.18
2300V8 0.12 0.11 0.11 0.11
2300VA 0.06 0.07 0.07 0.07
2300V9 0.17 0.17 0.17 0.17
2300VB 1.31 0.12 0.15 0.16
2300VC 0.08 0.08 0.08 0.08
2300VE 0.16 0.09 0.09 0.09
2300VF 0.25 0.19 0.19 0.2
2300VD 0.11 0.1 0.1 0.1
2300VG 0.16 0.13 0.13 0.13
2300VH 0.25 0.16 0.15 0.15
2300VI 0.15 0.14 0.14 0.14
2300VJ 0.21 0.21 0.21 0.21
2300VL 0.1 0.1 0.1 0.1
2300VK 0.18 0.17 0.17 0.17
2300VM 0.11 0.13 0.13 0.13
2300VN 0.12 0.11 0.11 0.1
2300VO 0.22 0.21 0.21 0.22
2300VP 0.13 0.13 0.13 0.13
2300VQ 0.14 0.13 0.13 0.13
2300VR 0.81 0.1 0.1 0.1
2300VS 0.21 0.15 0.14 0.14
2300VT 0.09 0.12 0.12 0.12
2300VU 0.11 0.07 0.07 0.07
2300VV 0.15 0.12 0.12 0.12
2300VW 0.13 0.12 0.12 0.12
2300VX 0.09 0.07 0.07 0.07
2300VY 0.16 0.14 0.14 0.13
2300VZ 0.07 0.06 0.06 0.06
2300W0 0.14 0.15 0.15 0.15
2300W1 0.46 0.47 0.47 0.47
2300W2 0.11 0.11 0.11 0.11
2300W3 0.57 0.1 0.1 0.1
2300W4 0.12 0.09 0.09 0.09
2300W5 0.21 0.22 0.22 0.22
2300W6 0.1 0.09 0.09 0.1
2300W7 0.1 0.09 0.09 0.09
2300WA 0.27 0.26 0.26 0.28
2300WB 0.27 0.23 0.23 0.22
2300W9 0.3 0.24 0.24 0.25
2300W8 0.3 0.23 0.23 0.26
2300WC 0.13 0.12 0.12 0.11
2300WD 0.31 0.27 0.27 0.29
2300WE 0.18 0.18 0.18 0.18
2300WF 0.23 0.19 0.19 0.19
2300WG 0.07 0.08 0.08 0.06
2300WH 0.13 0.13 0.13 0.13
2300WI 0.24 0.25 0.25 0.25
2300WJ 0.15 0.13 0.13 0.13
2300WL 0.22 0.11 0.11 0.13
2300WK 0.25 0.2 0.2 0.2
2300WM 0.18 0.18 0.18 0.18
2300WN 0.23 0.23 0.23 0.23
2300WO 0.11 0.12 0.12 0.12
2300WP 0.12 0.11 0.11 0.11
2300WQ 0.73 0.08 0.08 0.07
2300WS 0.19 0.2 0.2 0.2
2300WT 0.17 0.12 0.12 0.13
2300WU 0.13 0.11 0.11 0.11
2300WV 0.11 0.12 0.12 0.12
2300WW 0.14 0.13 0.13 0.13
2300WX 0.67 0.25 0.25 0.25
2300WY 0.17 0.17 0.17 0.17
2300WZ 0.11 0.08 0.08 0.08
2300X0 0.17 0.17 0.17 0.17
2300X1 0.17 0.17 0.17 0.17
2300X2 0.4 0.12 0.12 0.12
2300X3 0.12 0.13 0.13 0.13
2300X4 0.2 0.18 0.16 0.53
2300X5 0.72 0.13 0.13 0.38
2300X6 0.19 0.19 0.19 0.19
2300X7 0.14 0.13 0.13 0.15
2300X8 0.09 0.08 0.08 0.08
2300X9 0.14 0.13 0.13 0.13
2300XA 0.08 0.09 0.09 0.09
2300XC 0.53 0.4 0.4 0.4
2300XB 0.18 0.11 0.11 0.12
2300XD 0.09 0.09 0.09 0.1
2300XE 0.49 0.1 0.1 0.1
2300XG 0.09 0.08 0.08 0.11
2300XF 1.79 0.14 0.14 0.13
2300XH 0.15 0.15 0.15 0.15
2300XI 0.12 0.11 0.11 0.12
2300XJ 0.11 0.1 0.1 0.1
2300XK 0.09 0.1 0.1 0.09
2300XL 0.91 0.08 0.08 0.08
2300XM 0.14 0.12 0.12 0.14
2300XN 0.11 0.07 0.07 0.06
2300XO 0.11 0.14 0.14 0.14
2300XP 0.23 0.25 0.25 0.23
2300XQ 0.11 0.13 0.13 0.13
2300XR 0.12 0.1 0.1 0.1
2300XS 0.23 0.19 0.19 0.17
2300XT 0.77 0.1 0.1 0.1
2300XU 0.17 0.16 0.16 0.16
2300XV 0.15 0.12 0.12 0.12
2300XX 0.13 0.12 0.12 0.12
2300XW 0.11 0.12 0.12 0.12
2300XY 0.13 0.14 0.14 0.14
2300XZ 0.34 0.2 0.2 0.22
2300Y0 0.54 0.17 0.17 0.18
2300Y1 0.09 0.09 0.09 0.09
2300Y2 0.14 0.14 0.14 0.14
2300Y3 0.09 0.09 0.09 0.09
2300Y4 0.11 0.15 0.15 0.15
2300Y5 0.18 0.14 0.14 0.14
2300Y6 0.1 0.1 0.1 0.1
2300Y7 0.08 0.08 0.08 0.08
2300Y8 0.11 0.09 0.09 0.09
2300Y9 0.09 0.09 0.09 0.09
2300YB 0.13 0.08 0.08 0.08
2300YA 0.09 0.07 0.07 0.07
2300YC 0.12 0.13 0.13 0.14
2300YD 0.52 0.13 0.13 0.13
2300YE 0.2 0.15 0.15 0.16
2300YG 0.06 0.09 0.09 0.09
2300YH 0.11 0.1 0.1 0.1
2300YF 0.53 0.16 0.16 0.17
2300YI 0.18 0.18 0.18 0.18
2300YJ 0.12 0.11 0.11 0.11
2300YL 0.15 0.17 0.17 0.17
2300YK 0.13 0.12 0.12 0.12
2300YM 0.07 0.06 0.06 0.1
2300YN 0.16 0.15 0.15 0.15
2300YO 0.1 0.1 0.1 0.1
2300YP 0.16 0.58 0.58 0.58
2300YR 0.2 0.19 0.19 0.19
2300YS 0.2 0.2 0.2 0.2
2300YT 0.6 0.09 0.09 0.34
2300YV 0.09 0.09 0.09 0.09
2300YU 0.19 0.13 0.13 0.15
2300YW 1.67 0.12 0.12 0.08
2300YX 0.63 0.1 0.1 0.11
2300YZ 0.16 0.16 0.16 0.15
2300YY 0.48 0.24 0.24 0.23
2300Z0 0.24 0.2 0.2 0.21
2300Z2 0.17 0.12 0.12 0.13
2300Z1 0.13 0.08 0.08 0.07
2300Z4 0.72 0.06 0.06 0.08
2300Z3 0.53 0.09 0.09 0.09
2300Z5 0.9 0.79 0.71 0.64
2300Z6 0.17 0.16 0.16 0.16
2300Z7 0.12 0.1 0.1 0.1
2300ZA 0.72 0.07 0.07 0.09
2300Z9 0.14 0.09 0.09 0.09
2300ZB 0.63 0.16 0.16 0.16
2300ZC 0.14 0.54 0.17 0.17
2300ZD 0.22 0.17 0.19 0.19
2300ZE 0.14 0.14 0.14 0.14
2300ZF 0.05 0.05 0.05 0.05
2300ZG 0.08 0.07 0.07 0.07
2300ZI 0.15 0.17 0.17 0.18
2300ZJ 0.13 0.1 0.1 0.1
2300ZK 0.14 0.19 0.19 0.24
2300ZL 0.32 0.3 0.3 0.29
2300ZM 0.08 0.07 0.07 0.07
2300ZN 0.64 0.11 0.11 0.12
2300ZO 0.1 0.1 0.1 0.1
2300ZP 0.07 0.06 0.06 0.06
2300ZQ 0.18 0.07 0.07 0.07
2300ZR 0.1 0.08 0.08 0.09
2300ZS 0.46 0.23 0.23 0.2
2300ZT 0.21 0.18 0.18 0.18
2300ZU 0.38 0.37 0.37 0.37
2300ZV 0.51 0.13 0.13 0.14
2300ZW 0.61 0.15 0.15 0.14
2300ZX 0.28 0.19 0.19 0.2
2300ZY 0.16 0.14 0.14 0.14
2300ZZ 0.11 0.1 0.1 0.1
230100 0.09 0.08 0.08 0.09
230101 0.13 0.15 0.15 0.15
230102 0.06 0.07 0.07 0.07
230103 0.54 0.14 0.14 0.14
230104 0.08 0.07 0.07 0.07
230105 0.27 0.25 0.25 0.27
230106 0.22 0.23 0.25 0.26
230107 0.16 0.14 0.14 0.14
230108 0.19 0.17 0.17 0.18
23010A 0.09 0.08 0.08 0.08
230109 0.13 0.09 0.12 0.11
23010B 0.36 0.34 0.34 0.35
23010C 0.17 0.17 0.17 0.17
23010D 0.31 0.14 0.14 0.14
23010E 0.15 0.13 0.13 0.13
23010F 0.09 0.08 0.08 0.08
23010G 0.67 0.47 0.47 0.47
23010H 0.21 0.15 0.15 0.19
23010I 0.46 0.18 0.19 0.19
23010J 0.38 0.21 0.21 0.2
23010K 0.34 0.25 0.25 0.26
23010L 0.13 0.1 0.1 0.11
23010M 0.08 0.07 0.07 0.08
23010N 0.15 0.14 0.14 0.14
23010O 0.12 0.11 0.11 0.11
23010P 1.16 0.16 0.16 0.17
23010Q 0.53 0.15 0.15 0.16
23010R 0.15 0.15 0.15 0.15
23010S 0.16 0.16 0.16 0.16
23010T 0.11 0.1 0.1 0.1
23010U 0.1 0.07 0.07 0.08
2300SG 0.15 0.14 0.14 0.14
23010W 0.09 0.06 0.06 0.06
23010X 0.1 0.09 0.09 0.09
23010Y 0.11 0.11 0.11 0.1
23010Z 0.09 0.07 0.07 0.07
23010V 0.08 0.07 0.07 0.07
230110 0.14 0.14 0.14 0.14
230111 0.13 0.13 0.13 0.13
230112 0.17 0.17 0.17 0.17
230113 0.15 0.15 0.15 0.15
230114 0.21 0.21 0.21 0.21
230115 0.26 0.26 0.26 0.26
230116 0.22 0.22 0.22 0.23
230117 0.24 0.23 0.23 0.23
230118 0.07 0.07 0.07 0.06
23012N 0.15 0.14 0.14 0.14
230119 0.17 0.17 0.17 0.18
23011A 0.13 0.12 0.12 0.12
23011B 0.53 0.14 0.14 0.14
23011C 0.17 0.16 0.16 0.16
23011D 0.27 0.08 0.08 0.08
23011E 0.11 0.11 0.11 0.1
23011F 0.64 0.12 0.12 0.13
23011G 0.22 0.22 0.22 0.22
23011H 0.08 0.08 0.08 0.08
23011J 0.12 0.16 0.16 0.16
23011I 0.28 0.11 0.11 0.11
23011K 0.58 0.15 0.11 0.12
23011L 0.22 0.22 0.22 0.22
23011M 0.06 0.07 0.07 0.06
23011N 0.51 0.14 0.12 0.13
23011P 0.11 0.11 0.11 0.12
23011Q 0.18 0.18 0.18 0.18
23011R 0.18 0.15 0.15 0.15
23011S 0.18 0.18 0.18 0.18
23011T 0.2 0.2 0.2 0.2
23011U 0.47 0.1 0.1 0.11
23011V 0.25 0.25 0.25 0.25
23011W 0.2 0.19 0.19 0.19
23011X 0.17 0.15 0.15 0.15
23011Y 0.2 0.2 0.2 0.2
23011Z 0.2 0.19 0.19 0.2
230120 0.1 0.1 0.1 0.1
230121 0.21 0.2 0.2 0.2
230122 0.67 0.11 0.11 0.12
230123 0.13 0.16 0.16 0.16
230124 0.09 0.08 0.07 0.08
230125 0.19 0.16 0.16 0.16
230126 0.23 0.24 0.24 0.24
230128 0.12 0.09 0.09 0.1
230127 0.15 0.14 0.14 0.14
230129 0.26 0.11 0.14 0.12
23012A 0.12 0.11 0.11 0.12
23012B 0.07 0.07 0.07 0.07
23012C 0.15 0.21 0.21 0.2
23012D 0.12 0.1 0.1 0.09
23012F 0.14 0.17 0.17 0.16
23012E 0.2 0.19 0.19 0.17
23012H 0.12 0.07 0.08 0.08
23012G 0.48 0.1 0.1 0.09
23012I 0.16 0.14 0.14 0.14
23012J 0.08 0.09 0.09 0.09
23012L 0.2 0.15 0.15 0.14
23012M 0.26 0.19 0.19 0.2
23012K 0.26 0.23 0.23 0.19
