#compound Initial Optimized Reoptimized Retrained
230001 23.39 0.83 0.83 7.66
230005 180.0 8.62 8.62 0.0
230006 31.3 1.07 1.07 7.29
230007 0.53 0.12 0.12 0.53
230008 9.97 0.67 0.67 5.03
230009 34.6 0.26 0.26 3.61
23000A 78.4 0.34 0.34 5.1
23000C 26.22 2.89 2.89 6.36
23000D 98.84 0.09 0.09 0.57
23000E 35.41 2.65 2.65 7.6
23000F 89.03 0.04 0.04 45.3
23000G 180.0 0.06 0.06 0.0
23000J 30.1 3.83 3.83 21.36
23000I 46.34 15.57 15.57 39.77
23000K 91.32 0.23 0.23 11.2
23000L 64.5 2.55 2.55 12.31
23000M 31.79 4.4 1.44 1.4
23000O 63.6 1.63 0.0 3.48
23000Q 9.41 0.99 0.99 2.78
23000S 25.89 0.06 0.06 18.13
23000T 2.63 1.21 1.21 1.35
23000U 12.02 2.28 2.28 2.33
23000V 16.73 0.05 0.05 0.22
23000W 0.57 1.4 1.4 6.9
23000X 27.61 0.63 0.63 0.58
23000Y 49.85 0.45 0.45 8.49
23000Z 16.02 1.17 1.17 3.68
230011 48.42 1.82 1.82 20.43
230014 13.95 1.44 1.44 3.55
230016 10.8 4.71 4.71 4.54
230017 117.59 1.1 1.1 2.9
230018 72.78 1.94 1.94 37.21
23001E 23.47 5.08 5.08 6.55
23001F 85.37 0.84 0.84 3.14
23001G 3.44 0.03 0.03 0.73
23001H 9.11 0.4 0.4 1.21
23001I 12.88 1.15 1.15 1.11
23001J 30.21 0.79 0.79 23.84
23001K 64.61 0.62 0.62 2.2
23001L 68.24 0.4 0.4 5.46
23001N 52.31 0.04 0.04 1.52
23001O 13.75 2.8 2.8 13.7
23001P 26.51 4.31 4.31 7.23
23001Q 64.06 3.19 3.19 6.77
23001S 72.46 0.68 0.68 9.13
23001T 62.02 0.3 0.59 76.53
23001U 131.17 0.04 0.32 6.01
23001X 43.55 0.49 0.67 6.58
23001Y 88.5 0.46 0.46 5.39
23001Z 172.75 0.07 0.07 5.08
230021 10.0 0.65 0.65 3.08
230022 149.06 0.36 0.36 0.53
230023 10.45 0.8 0.8 0.93
230024 12.58 2.07 2.67 18.21
230025 180.0 0.79 0.79 0.0
230026 85.14 0.2 0.2 19.49
230027 7.58 1.99 1.99 5.07
23002A 11.16 0.28 0.33 40.27
230029 17.62 0.07 0.21 16.72
23002C 6.9 0.46 0.46 2.48
23002E 3.6 2.14 2.14 12.74
23002F 61.3 0.14 0.14 4.28
23002G 36.86 0.08 0.08 0.54
23002H 7.86 0.22 0.22 11.05
23002I 0.0 0.37 0.37 0.0
23002K 13.24 0.62 0.62 2.23
23002L 54.21 0.03 0.03 35.97
23002M 101.77 1.97 1.97 45.61
23002O 8.23 0.05 0.05 14.32
23002P 21.1 0.45 0.45 7.93
23002Q 162.36 0.09 0.09 30.7
23002R 103.34 1.76 1.76 1.64
23002T 91.07 0.19 0.19 3.98
23002U 11.79 0.75 0.75 8.46
23002V 8.74 1.06 1.06 2.1
23002W 38.81 0.11 0.11 1.25
23002X 1.74 0.58 0.58 1.47
23002Y 22.09 0.67 0.67 6.85
23002Z 20.34 1.09 1.09 28.5
230030 156.49 0.79 0.79 3.1
230031 33.51 0.91 0.91 1.5
230032 10.42 1.45 1.45 1.06
230033 52.95 1.75 1.75 6.26
230034 8.63 1.23 1.23 6.62
230035 73.58 0.25 0.25 0.61
230036 49.92 1.01 1.01 36.49
230037 105.64 2.49 2.49 9.46
230038 10.61 0.19 0.19 12.56
230039 85.21 2.76 2.76 13.74
23003A 31.67 0.1 0.1 28.24
23003B 178.86 0.7 0.7 0.49
23003G 60.02 0.1 0.1 16.49
23003I 34.86 0.89 1.45 1.65
23003H 24.51 0.73 1.51 2.29
23003K 148.04 4.22 4.22 4.05
23003L 5.45 1.61 1.38 1.8
23003N 19.58 1.98 0.4 28.64
23003O 13.26 3.44 3.44 4.46
23003P 7.37 0.82 0.41 5.76
23003Q 38.18 1.5 1.5 9.4
23003S 23.27 0.5 0.5 7.76
23003T 10.37 0.37 0.37 10.45
23003W 2.57 0.65 0.65 3.38
23003Y 41.2 2.1 2.1 4.17
230040 6.72 1.22 1.22 9.21
230042 40.48 1.81 1.81 4.39
230047 20.36 4.91 4.91 20.83
230048 16.34 0.3 0.3 2.18
230049 11.29 0.27 0.27 10.41
23004A 4.58 0.38 0.38 3.49
23004F 4.38 2.24 1.25 6.46
23004G 14.75 0.19 0.19 17.41
23004K 4.36 1.27 1.27 1.67
23004J 0.0 0.0 0.0 180.0
23004M 10.21 0.27 0.27 1.57
23004N 22.18 1.28 1.28 1.59
23004O 26.14 0.95 0.95 6.73
23004P 22.38 0.57 0.57 9.22
23004Q 5.06 2.2 2.2 2.21
23004R 5.64 2.51 2.51 2.33
23004S 101.67 2.37 2.37 20.79
23004U 162.16 7.42 7.42 27.58
23004V 5.25 3.43 3.43 14.12
23004W 1.14 1.16 1.16 1.36
23004Y 57.22 0.44 0.44 5.07
23004Z 44.55 0.85 0.85 1.72
230052 19.45 0.23 0.23 11.77
230054 1.46 1.93 1.93 2.39
230056 16.2 1.48 1.48 8.65
230057 11.81 1.13 1.13 5.38
230058 43.86 0.06 0.06 19.51
230059 179.98 0.16 0.16 0.0
23005A 20.02 0.25 0.25 6.85
23005B 11.86 0.44 0.44 0.29
23005D 62.76 4.71 4.71 4.72
23005F 85.05 0.76 0.76 5.28
23005E 81.11 3.34 3.34 7.85
23005G 43.64 0.43 0.43 4.53
23005I 179.93 0.1 0.1 0.0
23005H 15.62 0.31 0.31 2.15
23005J 15.27 1.45 1.45 11.94
23005N 15.11 0.07 0.07 10.91
23005O 41.01 0.39 0.84 36.15
23005Q 12.77 2.78 2.78 61.52
23005M 36.38 0.94 0.94 49.57
23005R 5.63 5.63 5.63 5.63
23005S 6.84 0.96 0.96 2.89
23005T 57.01 0.1 0.08 4.59
23005V 11.66 0.49 0.49 6.62
23005W 37.11 0.5 0.5 10.42
23005X 4.3 0.4 0.97 10.07
23005Y 7.57 0.17 0.17 1.59
230061 24.77 8.57 8.57 7.55
230064 17.63 1.21 1.21 1.36
230065 5.98 2.65 2.09 2.82
230066 1.67 0.44 0.44 2.24
230067 13.94 1.95 1.95 1.55
230068 5.11 0.03 0.03 2.66
23006A 9.73 1.1 1.91 1.57
23006C 77.59 1.61 1.61 8.43
23006E 0.0 0.0 0.0 180.0
23006F 12.83 1.21 0.27 64.65
23006G 7.75 1.72 1.72 1.56
23006I 2.82 0.02 0.16 10.42
23006K 19.87 0.89 0.89 72.31
23006N 43.38 4.01 4.01 4.38
23006M 42.21 0.28 0.28 9.26
23006O 24.19 1.71 1.71 9.83
23006P 9.08 0.81 0.81 2.98
23006T 35.8 0.4 0.4 4.39
23006U 132.02 0.28 0.28 47.23
23006V 13.3 1.0 1.0 8.13
23006W 20.67 0.76 0.76 2.16
23006X 78.85 4.03 4.03 14.58
23006Y 9.89 0.53 0.53 38.67
23006Z 18.26 0.57 0.57 10.91
230070 1.81 2.26 2.26 2.57
230071 23.05 3.38 1.9 1.45
230073 32.71 0.08 1.76 6.04
230074 50.62 0.09 0.09 2.88
230075 89.53 0.19 2.04 9.05
230076 79.84 0.13 0.13 17.65
230077 30.29 0.34 0.74 7.83
230078 50.12 0.33 0.33 132.59
23007A 10.44 0.34 0.34 0.65
23007B 25.35 0.82 0.82 3.24
23007C 21.24 0.96 0.96 8.21
23007D 56.84 0.37 0.37 20.16
23007E 3.8 0.09 0.09 1.22
23007G 74.21 8.52 8.52 29.47
23007I 10.52 1.06 1.06 1.0
23007J 11.74 1.08 1.08 4.74
23007H 5.24 0.4 0.35 49.06
23007L 6.46 2.32 1.16 1.96
23007O 12.25 0.19 0.19 7.63
23007P 3.96 3.76 3.76 4.23
23007R 10.74 2.12 2.12 8.17
23007S 6.52 2.17 2.17 2.11
23007U 6.69 0.92 0.92 1.33
23007W 57.27 1.14 1.14 8.66
23007V 2.1 0.6 0.6 0.8
23007X 14.73 0.77 0.77 2.4
23007Y 47.08 0.9 0.09 7.57
23007Z 23.42 1.5 1.5 1.44
230080 68.01 8.28 8.28 8.84
230081 13.16 0.9 0.9 0.83
230082 136.74 1.03 1.03 89.42
230084 18.08 1.26 1.26 5.46
230085 20.98 0.32 0.32 7.27
230086 9.5 0.71 0.71 7.36
230087 39.86 0.14 0.14 2.86
230088 7.6 0.27 0.27 11.61
230089 13.62 1.2 1.2 11.5
23008B 15.57 0.08 0.08 1.9
23008C 13.75 0.33 0.33 34.28
23008E 11.01 1.14 1.14 5.67
23008G 4.87 0.47 0.47 1.95
23008F 0.0 0.27 0.27 0.0
23008H 13.84 0.68 0.68 7.06
23008I 26.58 0.48 0.48 6.27
23008L 146.2 2.71 2.71 0.36
23008K 179.25 2.85 2.85 12.37
23008M 32.57 0.52 0.52 8.32
23008N 21.78 2.17 2.17 2.09
23008O 27.65 0.79 0.79 15.48
23008P 131.43 0.45 0.45 2.35
23008Q 43.36 0.74 0.74 5.18
23008R 9.22 1.47 1.47 4.18
23008S 94.91 0.22 0.33 22.57
23008T 53.97 0.35 0.35 44.68
23008U 2.54 0.55 0.55 3.9
23008V 5.21 0.23 0.23 1.88
23008X 8.4 0.56 0.56 1.94
23008Y 97.63 0.18 0.18 41.11
230091 3.49 0.61 0.61 1.82
230093 8.77 0.67 0.67 6.99
230094 12.39 0.4 0.4 17.77
230096 51.25 0.71 0.71 3.08
230097 91.0 3.26 3.26 2.79
230098 21.33 0.57 0.57 6.54
230099 57.03 0.7 0.7 11.25
23009A 17.0 3.83 3.83 17.85
23009C 28.04 1.57 1.57 12.23
23009E 42.63 0.27 0.27 43.11
23009F 29.9 0.4 0.4 1.08
23009I 46.93 0.31 0.31 22.93
23009J 16.0 0.72 0.72 8.15
23009K 74.15 0.08 0.08 13.81
23009L 30.16 1.0 1.0 8.63
23009O 53.95 8.24 8.24 9.61
23009N 65.47 6.92 6.92 12.54
23009Q 6.02 0.63 0.63 1.83
23009S 24.87 1.62 1.62 0.41
23009T 32.23 0.61 0.61 1.47
23009U 16.58 1.76 1.76 2.72
23009W 4.82 4.18 4.18 4.32
23009V 6.48 4.67 4.67 5.24
23009Y 67.23 0.55 0.55 4.61
2300A0 31.98 0.44 0.44 2.84
2300A1 24.21 12.21 12.21 21.79
2300A2 27.41 0.76 0.76 10.58
2300A3 32.71 0.44 0.44 5.96
2300A5 0.03 0.28 0.28 0.03
2300A4 3.23 0.85 0.85 20.63
2300A6 18.04 1.39 1.39 0.88
2300A7 26.75 0.95 0.95 1.35
2300A9 16.91 0.15 0.15 4.35
2300AA 7.43 1.84 1.84 10.92
2300AB 152.47 2.25 2.25 2.22
2300AE 11.48 6.46 6.46 30.26
2300AF 10.57 0.37 0.37 7.86
2300AG 15.29 1.65 1.65 12.92
2300AH 15.07 1.39 1.39 2.45
2300AK 17.41 0.39 0.39 1.53
2300AO 5.49 1.29 1.29 1.51
2300AQ 3.55 3.49 3.49 9.05
2300AT 69.34 2.63 2.63 7.38
2300AU 21.6 0.93 0.93 15.13
2300AV 71.24 2.41 2.41 4.29
2300AW 44.2 5.06 5.06 23.46
2300AX 94.53 0.15 0.15 18.04
2300AZ 3.71 0.05 0.05 5.79
2300B0 0.9 2.26 2.26 2.9
2300B1 80.14 6.71 6.71 77.3
2300B2 7.13 2.17 2.17 4.07
2300B5 44.78 1.53 1.53 15.86
2300B7 3.91 0.45 0.45 1.34
2300B8 11.73 0.66 0.66 5.18
2300BA 23.66 2.02 2.02 3.7
2300BC 44.28 1.15 1.15 38.96
2300BD 8.93 0.42 0.42 22.66
2300BF 11.62 0.19 0.19 6.27
2300BH 50.56 0.66 0.66 3.91
2300BI 40.44 0.82 0.82 20.23
2300BK 76.66 0.23 0.23 5.14
2300BN 15.32 0.25 0.25 7.28
2300BO 12.68 0.57 0.57 15.48
2300BQ 6.01 0.46 0.46 10.87
2300BR 33.97 0.5 0.89 44.01
2300BT 8.01 6.08 6.08 6.21
2300BU 7.18 0.09 0.09 2.73
2300BW 56.61 0.29 0.29 13.06
2300BX 4.17 1.9 1.9 7.48
2300BY 6.84 0.25 0.25 8.15
2300BZ 22.47 0.39 0.39 14.69
2300C0 48.94 1.63 1.63 5.47
2300C1 4.21 0.84 0.84 3.81
2300C3 39.38 0.63 0.63 18.43
2300C4 11.52 2.37 2.37 8.81
2300C5 4.6 0.13 0.13 4.01
2300C6 21.54 0.13 0.47 30.97
2300C7 35.82 7.57 7.57 21.9
2300C8 90.87 3.04 3.61 7.86
2300C9 69.97 0.6 0.6 21.76
2300CB 80.96 11.99 11.99 15.13
2300CC 142.87 1.48 1.48 23.62
2300CD 9.4 3.55 3.55 5.01
2300CF 25.94 0.64 0.64 6.34
2300CK 34.09 0.3 0.3 5.96
2300CL 118.79 2.71 2.71 4.74
2300CM 5.42 0.08 0.08 11.45
2300CP 0.34 0.14 0.14 0.14
2300CQ 95.14 0.68 0.68 13.99
2300CT 26.31 1.33 1.33 1.03
2300CW 16.94 0.48 0.48 2.18
2300CY 112.19 2.97 2.97 4.81
2300CZ 0.0 0.0 0.0 0.0
2300D0 14.97 0.06 0.06 4.12
2300D1 52.24 0.22 0.22 3.64
2300D2 4.64 0.15 0.15 5.12
2300D5 32.8 0.62 0.23 39.27
2300D6 51.61 0.7 0.7 4.93
2300D8 15.32 0.79 0.79 3.32
2300DC 37.92 5.33 5.33 12.8
2300DB 25.89 0.4 0.4 3.8
2300DF 63.02 0.78 2.63 7.37
2300DI 79.09 3.44 3.44 20.16
2300DK 12.73 0.19 0.19 0.49
2300DL 34.39 1.03 1.03 5.31
2300DM 2.36 0.64 0.64 1.9
2300DN 87.13 0.53 0.53 1.28
2300DP 20.76 1.86 1.86 2.56
2300DQ 13.64 1.05 1.05 3.37
2300DU 59.99 0.07 0.07 3.09
2300DX 33.07 1.42 1.42 4.98
2300E1 6.42 3.68 3.68 5.79
2300E0 10.72 3.61 3.61 7.71
2300E2 29.15 0.76 0.76 2.71
2300E3 3.05 1.11 1.11 2.87
2300E4 2.25 0.2 0.2 0.39
2300E5 4.5 1.5 1.5 6.45
2300E8 49.46 0.62 0.62 12.97
2300EB 5.38 1.99 1.99 3.21
2300EC 12.4 0.09 0.09 7.39
2300ED 6.88 0.37 0.37 0.83
2300EE 48.06 0.61 0.61 36.05
2300EF 31.41 0.12 0.12 15.5
2300EH 46.48 0.18 0.18 24.34
2300EL 19.72 0.65 0.65 10.0
2300EM 20.03 2.43 1.31 44.24
2300EO 30.06 0.11 0.11 5.73
2300EP 22.4 1.11 1.11 10.08
2300ER 3.4 1.66 1.66 1.57
2300ES 25.58 0.93 0.93 15.02
2300ET 12.0 1.15 1.15 2.62
2300F2 4.96 1.91 1.91 1.66
2300F3 65.12 0.07 0.07 8.97
2300F4 9.9 0.78 0.78 6.21
2300F5 52.67 0.38 0.12 3.34
2300F6 15.56 0.08 0.08 7.42
2300F8 10.93 3.59 3.59 7.45
2300FE 19.75 0.54 0.54 1.91
2300FG 45.87 1.3 1.3 18.34
2300FK 13.08 0.61 0.61 2.28
2300FM 81.23 0.94 0.94 39.4
2300FN 32.7 0.05 0.05 2.15
2300FP 11.29 1.3 1.3 5.01
2300FQ 19.59 1.03 1.03 16.62
2300FR 9.33 0.92 0.92 6.34
2300FT 9.37 1.92 1.92 3.97
2300FV 7.31 7.31 7.31 13.92
2300FW 5.91 1.37 1.37 10.06
2300FY 9.79 2.88 2.88 4.6
2300G1 24.0 0.05 0.05 35.6
2300G3 50.52 2.2 2.2 5.46
2300G4 3.69 2.2 2.2 2.29
2300G5 139.83 0.04 0.18 18.68
2300G6 41.57 0.86 0.86 18.53
2300G8 24.94 0.58 0.58 9.41
2300G9 19.55 6.68 5.99 12.84
2300GA 79.86 0.3 0.3 33.82
2300GB 28.22 3.92 3.92 3.92
2300GC 162.16 1.11 1.11 72.47
2300GE 23.87 0.91 0.91 7.09
2300GF 13.28 0.17 0.17 9.32
2300GK 22.27 1.62 1.62 10.08
2300GJ 131.25 4.39 4.39 8.13
2300GN 124.46 0.62 0.66 7.07
2300GP 15.83 0.25 0.25 2.63
2300GQ 23.23 0.26 0.26 26.93
2300GR 96.37 0.18 0.18 22.74
2300GS 106.5 13.14 13.14 110.1
2300GT 146.13 1.21 1.21 107.12
2300GV 5.26 1.25 1.25 5.34
2300GX 115.41 1.02 1.66 96.55
2300GY 11.75 0.66 0.66 4.7
2300GZ 1.89 1.0 1.0 6.68
2300H0 4.79 0.48 0.32 0.66
2300H1 26.89 0.02 0.02 4.76
2300H3 20.18 1.42 1.42 0.83
2300H4 9.75 0.91 0.91 0.57
2300H5 31.39 5.97 5.97 5.82
2300H6 16.77 2.71 2.49 20.85
2300H8 14.92 0.28 0.28 0.29
2300H9 43.15 0.29 0.29 15.06
2300HA 34.98 0.16 0.16 6.38
2300HD 27.04 0.39 0.39 11.9
2300HF 2.72 0.63 0.63 0.65
2300HE 27.71 0.85 0.85 3.0
2300HG 15.63 1.79 1.01 14.73
2300HH 54.26 0.65 0.65 13.25
2300HI 4.18 1.0 1.0 2.25
2300HJ 0.2 0.29 0.29 0.89
2300HK 4.35 0.99 0.99 16.32
2300HM 13.46 0.91 0.91 8.0
2300HN 87.22 0.21 0.21 2.22
2300HO 36.17 1.62 1.62 18.26
2300HP 13.21 0.46 0.46 0.11
2300HQ 5.88 0.06 0.06 0.03
2300HR 42.61 1.87 1.87 2.28
2300HS 10.55 0.99 0.99 2.56
2300HU 29.8 1.16 1.16 20.74
2300HV 85.84 0.63 0.63 46.29
2300HW 3.96 0.47 0.47 1.88
2300HX 15.14 0.13 0.13 7.76
2300HZ 11.3 0.19 0.19 4.11
2300I1 0.0 0.22 0.22 0.0
2300I2 45.7 0.63 0.63 18.99
2300I3 1.31 0.17 0.17 2.73
2300I5 0.93 0.85 0.85 0.63
2300I6 17.84 2.27 2.27 2.26
2300I8 8.94 0.3 0.3 12.19
2300IA 29.28 1.06 1.06 19.34
2300IC 11.64 2.89 2.89 3.79
2300IE 13.0 3.79 3.79 5.37
2300IG 20.38 2.83 2.83 3.49
2300IH 15.18 5.35 5.35 103.87
2300IJ 16.2 0.59 0.59 4.62
2300II 23.55 2.71 2.07 29.61
2300IL 140.47 0.04 0.04 8.6
2300IM 7.05 2.08 2.08 15.16
2300IN 17.91 0.05 0.05 17.77
2300IO 15.02 0.61 0.61 5.28
2300IR 34.04 0.24 0.24 25.87
2300IV 0.43 1.31 1.31 7.28
2300IU 22.72 0.3 0.3 9.11
2300IW 34.03 2.24 2.24 12.27
2300IY 14.03 0.82 0.24 1.58
2300J0 38.55 1.0 1.0 3.01
2300IZ 19.56 0.1 0.1 3.99
2300J1 4.09 0.58 0.58 12.43
2300J2 34.87 0.19 0.19 19.5
2300J4 46.36 0.71 0.71 11.87
2300J5 18.15 0.29 0.29 0.38
2300J8 23.43 5.66 5.66 14.51
2300JA 79.11 3.96 3.96 22.03
2300JD 5.56 0.82 0.82 3.01
2300JE 9.22 1.74 1.74 15.54
2300JF 10.55 4.87 4.87 10.08
2300JH 6.59 8.85 8.85 7.8
2300JG 9.32 3.5 3.5 3.17
2300JI 18.96 0.25 0.44 6.56
2300JK 73.92 0.47 0.47 25.5
2300JL 8.73 2.39 2.39 4.52
2300JM 15.28 2.12 2.12 2.28
2300JP 9.75 1.3 1.3 5.66
2300JQ 11.35 0.04 0.04 3.12
2300JR 75.31 0.23 0.23 7.48
2300JS 8.54 121.0 121.0 7.8
2300JT 13.9 0.51 0.51 2.4
2300JV 9.57 1.1 1.1 3.42
2300JW 8.54 0.62 0.62 4.72
2300K0 20.8 1.0 1.0 9.16
2300K1 23.84 0.62 0.62 1.03
2300JZ 46.89 0.34 0.34 21.72
2300K3 36.04 0.03 0.03 2.29
2300K5 43.26 0.85 0.85 5.17
2300K8 14.72 0.14 2.46 15.93
2300KA 13.83 3.91 3.91 5.51
2300KC 24.04 1.2 1.2 2.18
2300KE 27.25 0.38 0.38 2.95
2300KF 7.76 0.77 0.77 2.39
2300KG 2.74 0.52 0.52 0.54
2300KH 3.36 0.06 0.06 5.67
2300KI 26.55 1.52 1.52 1.66
2300KL 39.81 0.76 0.76 1.75
2300KM 18.13 5.69 5.69 6.9
2300KN 2.39 0.29 0.29 0.33
2300KP 4.45 0.76 0.76 1.33
2300KQ 126.01 0.74 0.74 18.95
2300KR 8.38 1.68 1.68 3.79
2300KS 19.95 0.13 0.13 6.87
2300KT 6.62 0.56 0.56 1.41
2300KV 5.41 4.08 4.08 3.89
2300KW 5.64 0.24 0.24 2.61
2300KY 13.77 0.68 0.46 17.29
2300KZ 32.19 0.21 0.21 1.46
2300L2 14.38 7.14 7.14 10.34
2300L4 1.9 1.19 0.98 1.7
2300L6 29.65 2.92 2.92 8.53
2300L7 12.26 0.21 0.21 3.58
2300L9 14.93 0.4 0.4 20.84
2300LB 20.55 0.59 0.59 0.68
2300LD 11.91 2.24 2.24 2.94
2300LK 21.73 0.64 0.64 6.44
2300LL 33.58 1.32 1.32 0.96
2300LP 61.78 0.51 0.51 1.86
2300LQ 0.75 0.28 0.28 3.1
2300LS 11.1 0.77 0.77 3.15
2300LU 7.67 0.8 0.8 4.45
2300LV 66.92 0.2 0.12 8.59
2300LW 163.45 0.37 0.37 0.53
2300LZ 7.5 0.1 0.1 16.35
2300M2 45.38 2.47 2.47 2.68
2300M4 9.61 0.09 0.09 9.67
2300M3 4.47 0.76 0.76 0.66
2300M5 10.62 1.61 1.61 4.12
2300M7 23.72 1.3 1.3 4.83
2300M6 10.2 2.73 2.73 6.59
2300M8 15.42 1.94 1.94 11.15
2300M9 49.06 0.16 0.16 1.17
2300MA 1.7 1.1 1.1 3.71
2300MD 26.89 0.54 0.54 0.34
2300ME 16.44 0.77 0.77 0.86
2300MG 25.6 3.03 3.03 5.34
2300MF 32.62 0.2 0.2 0.3
2300MH 33.11 0.96 0.96 2.57
2300MK 7.9 0.19 0.19 2.48
2300ML 29.36 0.3 0.3 19.74
2300MM 15.46 0.1 0.1 0.33
2300MP 22.82 0.98 0.98 1.22
2300MS 11.03 0.9 0.9 6.25
2300MT 17.75 0.57 0.57 28.87
2300MU 19.55 0.09 0.09 5.37
2300MV 23.86 1.89 1.89 1.0
2300MX 0.02 0.08 0.08 0.0
2300MW 7.42 2.0 2.0 9.74
2300MZ 15.69 0.79 0.79 12.85
2300N0 4.11 1.1 1.1 1.72
2300N1 97.76 0.17 0.17 0.43
2300N2 22.24 0.42 1.19 6.29
2300N3 14.24 4.04 4.04 3.13
2300N5 10.14 9.93 9.93 108.19
2300N8 6.42 0.41 0.41 2.0
2300N4 1.76 0.29 0.29 1.76
2300N9 9.51 0.34 0.34 1.87
2300NA 5.89 0.13 0.13 9.73
2300NF 3.68 1.02 1.02 1.89
2300NE 5.12 1.19 1.19 1.46
2300NH 7.46 0.13 0.13 16.05
2300NI 22.78 0.83 0.83 2.87
2300NJ 58.81 2.08 2.08 2.0
2300NK 16.51 0.23 0.23 2.32
2300NL 4.44 0.75 0.75 4.5
2300NM 3.23 0.87 0.87 1.14
2300NO 14.89 1.73 1.73 3.02
2300NT 25.89 1.12 1.12 3.81
2300NV 12.9 1.41 1.41 1.95
2300NU 10.95 2.67 2.67 4.67
2300NX 6.35 0.46 0.46 6.42
2300NY 35.26 5.32 5.32 19.48
2300NZ 70.88 2.13 2.13 4.14
2300O0 150.55 0.77 0.77 11.62
2300O1 20.23 2.15 2.15 2.18
2300O2 14.52 0.12 0.13 3.48
2300O3 6.59 0.07 0.07 5.52
2300O4 36.97 1.3 1.3 16.21
2300O5 57.1 0.39 0.39 12.97
2300O6 5.38 0.37 0.37 3.96
2300O7 60.95 0.77 0.08 10.36
2300O8 17.69 4.64 4.64 5.04
2300O9 24.78 0.1 0.1 1.93
2300OA 3.09 0.26 0.26 22.31
2300OC 27.67 0.06 0.06 5.7
2300OF 58.51 0.76 0.76 6.67
2300OG 17.28 1.68 1.68 3.39
2300OH 72.66 1.84 1.84 2.38
2300OJ 83.42 2.66 2.66 23.09
2300OL 41.97 0.42 0.42 14.53
2300OK 1.97 0.68 0.68 1.82
2300ON 15.49 6.34 6.34 10.0
2300OO 9.66 1.48 1.48 1.45
2300OP 20.28 0.14 0.14 1.69
2300OT 7.98 7.98 7.98 7.98
2300OU 7.22 0.57 0.57 0.56
2300OW 3.53 0.87 0.87 1.15
2300OV 89.48 1.2 1.2 3.26
2300OX 75.87 5.48 5.48 11.95
2300OZ 13.88 0.6 0.6 4.16
2300P0 17.73 0.33 0.33 25.52
2300P1 48.13 3.57 3.57 10.24
2300P2 50.44 0.77 0.77 21.76
2300P5 30.99 1.8 1.8 0.55
2300P6 3.54 0.48 0.3 0.63
2300P8 16.85 0.81 0.81 2.7
2300PA 73.15 2.39 2.39 22.98
2300PC 10.76 0.24 0.24 18.06
2300PD 62.9 0.84 0.84 17.6
2300PF 3.68 2.28 2.28 6.39
2300PG 6.31 0.77 0.77 1.96
2300PI 33.1 0.66 0.66 4.8
2300PK 23.7 1.24 1.24 12.85
2300PL 5.83 0.4 0.4 0.0
2300PM 9.27 0.36 0.36 2.65
2300PO 4.77 1.39 1.39 2.56
2300PP 38.64 4.87 4.87 10.22
2300PQ 19.51 0.11 0.11 16.51
2300PR 18.53 0.59 0.59 0.28
2300PS 5.25 2.37 2.37 4.54
2300PT 25.29 0.12 0.12 1.98
2300PV 143.62 0.59 0.59 17.58
2300PW 21.43 0.09 0.09 6.1
2300PX 15.88 1.31 1.31 21.54
2300PY 6.54 1.27 1.27 2.82
2300PZ 21.82 6.85 6.85 6.98
2300Q0 12.1 2.12 2.12 9.16
2300Q5 18.41 3.1 3.1 13.41
2300Q8 19.88 1.54 1.54 4.33
2300Q9 4.06 3.02 3.02 8.46
2300QB 24.78 2.44 2.44 5.79
2300QA 93.48 1.25 1.25 11.56
2300QE 12.16 0.35 0.35 4.66
2300QD 26.93 0.14 0.14 4.54
2300QF 12.29 0.33 0.33 6.89
2300QG 13.58 2.49 2.49 2.77
2300QI 67.42 0.61 0.61 47.16
2300QK 16.39 0.64 0.64 4.18
2300QL 34.73 1.22 1.22 4.51
2300QO 27.42 0.21 0.21 5.51
2300QN 19.89 2.83 2.83 11.49
2300QP 18.89 0.99 0.99 23.62
2300QT 6.15 6.15 6.15 6.15
2300QS 15.13 0.31 0.31 17.76
2300QU 25.9 2.92 2.92 3.51
2300QX 15.25 0.21 0.21 12.22
2300QY 12.64 1.26 1.26 4.44
2300QZ 36.39 1.09 1.09 2.18
2300R1 9.97 1.01 1.01 0.13
2300R2 2.06 1.98 1.98 2.34
2300R3 12.44 6.82 6.82 6.7
2300R5 13.84 0.94 0.94 2.45
2300R6 25.08 0.23 0.23 1.03
2300R7 10.27 1.19 1.19 7.5
2300R8 8.45 2.05 2.05 2.29
2300R9 55.36 0.17 0.17 1.0
2300RB 17.77 0.85 0.85 8.61
2300RA 19.13 0.2 0.2 0.14
2300RE 18.1 0.12 0.12 6.64
2300RF 14.12 0.07 0.07 0.45
2300RG 5.14 1.71 1.71 2.35
2300RI 6.49 0.45 0.45 17.14
2300RJ 4.73 0.86 0.86 4.29
2300RL 3.18 0.73 0.73 1.77
2300RM 2.94 1.97 1.97 1.61
2300RN 79.47 0.83 0.83 3.31
2300RO 20.9 0.28 0.28 5.14
2300RR 5.28 0.14 0.14 4.46
2300RS 43.77 1.1 1.1 22.62
2300RY 39.05 19.82 19.82 23.42
2300RZ 5.3 0.55 0.55 4.71
2300S1 22.05 0.08 0.08 7.1
2300S4 6.25 1.78 1.78 3.37
2300S7 6.98 0.5 0.5 4.58
2300S8 10.94 3.28 3.28 3.35
2300S9 19.25 0.81 0.81 0.87
2300SB 76.93 0.23 0.23 2.6
2300SC 5.72 1.41 1.41 3.12
2300SE 117.65 0.27 0.27 1.03
2300SD 118.09 1.36 1.36 1.46
2300SF 28.54 0.22 0.22 8.18
2300SH 4.91 0.05 0.05 0.92
2300SI 39.6 0.42 0.42 6.64
2300SJ 22.22 0.7 0.7 13.88
2300SL 21.4 0.25 0.25 6.11
2300SM 7.14 1.35 1.35 1.71
2300SP 1.18 0.71 0.71 6.24
2300SS 43.5 0.61 0.61 5.93
2300SU 17.07 0.33 0.33 12.86
2300SV 34.78 0.07 0.07 2.65
2300SX 16.01 1.54 1.54 1.21
2300SY 20.48 6.9 6.9 17.93
2300SZ 13.42 1.12 1.12 1.32
2300T1 26.41 0.34 0.34 17.19
2300T4 17.96 0.17 0.17 1.44
2300T5 17.78 0.13 0.13 2.86
2300T8 47.5 1.56 1.56 15.4
2300T9 45.1 0.26 0.26 25.39
2300TD 18.33 7.02 7.02 14.26
2300TF 16.55 0.22 0.29 2.3
2300TH 33.28 1.73 1.73 0.5
2300TI 14.75 2.57 2.57 2.63
2300TJ 38.79 1.59 1.59 2.85
2300TK 7.92 2.37 2.37 3.11
2300TL 48.09 0.26 0.26 12.24
2300TM 179.91 0.81 0.81 0.0
2300TN 32.28 0.85 0.85 11.39
2300TO 123.38 0.26 0.26 3.14
2300TQ 143.38 0.59 0.59 56.39
2300TT 23.62 3.75 3.75 7.77
2300TV 40.87 8.03 8.03 33.77
2300TW 35.35 0.73 0.73 5.47
2300TX 34.61 0.69 0.46 85.8
2300TY 21.05 7.65 7.65 19.39
2300TZ 26.78 0.97 0.97 0.97
2300U0 12.53 1.41 1.41 5.63
2300U2 52.29 0.41 0.41 13.85
2300U3 19.39 0.37 0.37 36.69
2300U4 8.26 2.15 2.15 2.84
2300U6 53.99 12.01 12.01 6.54
2300U8 1.03 0.63 0.63 1.16
2300U9 24.83 0.24 0.24 6.68
2300UB 11.42 1.21 1.21 22.5
2300UE 41.12 0.96 0.96 4.13
2300UH 34.18 1.13 1.13 4.69
2300UK 19.32 1.47 1.47 1.68
2300UN 51.91 0.43 0.43 0.54
2300UR 0.99 0.99 0.99 0.99
2300UQ 5.99 0.2 0.22 4.96
2300US 9.6 0.63 0.63 0.52
2300UU 23.68 0.07 0.07 11.51
2300UV 39.32 0.58 0.58 20.79
2300UW 28.38 0.24 0.24 3.96
2300UY 46.44 1.02 1.02 3.03
2300UX 11.29 1.25 1.25 1.45
2300V0 11.08 0.31 0.31 11.58
2300V1 36.05 8.12 8.12 19.1
2300V3 1.05 0.31 0.31 3.19
2300V2 22.51 0.55 0.55 6.22
2300V5 69.8 0.33 0.33 3.65
2300V6 18.22 1.48 1.48 3.66
2300V7 16.99 7.18 7.18 7.45
2300V8 43.45 1.17 1.17 31.92
2300VA 135.16 2.72 2.72 12.66
2300V9 9.15 2.88 2.88 2.29
2300VB 39.0 0.11 0.75 12.86
2300VC 4.54 4.54 4.54 4.54
2300VE 13.39 1.78 1.78 2.33
2300VF 3.46 1.35 1.35 2.1
2300VD 9.42 0.12 0.12 3.45
2300VG 10.69 0.48 0.48 13.12
2300VH 13.17 2.9 49.15 48.13
2300VL 14.28 0.26 0.26 7.33
2300VM 33.51 14.05 14.05 13.45
2300VN 38.79 0.18 0.18 13.68
2300VP 31.98 1.82 1.82 2.55
2300VQ 6.95 1.71 1.71 2.1
2300VR 27.27 0.19 0.19 0.23
2300VS 27.69 0.73 0.76 1.02
2300VT 12.3 0.05 0.05 0.41
2300VU 64.19 0.79 0.79 6.72
2300VV 25.52 0.99 0.99 5.33
2300VW 5.35 1.27 1.27 2.77
2300VX 19.93 1.32 1.32 4.37
2300VY 21.68 0.26 0.26 14.58
2300VZ 21.19 5.37 5.37 6.99
2300W0 29.18 1.93 1.93 2.16
2300W2 6.13 0.4 0.4 5.07
2300W3 14.61 0.21 0.21 3.45
2300W4 36.71 0.45 0.45 4.18
2300W6 22.25 2.52 2.52 9.1
2300W7 16.82 0.62 0.62 8.27
2300WA 2.26 2.53 2.53 0.51
2300WB 2.91 4.46 4.46 12.62
2300W9 12.67 0.27 0.27 17.65
2300W8 8.95 0.71 0.71 11.61
2300WC 35.8 0.66 0.66 11.71
2300WD 10.96 0.25 0.25 8.47
2300WF 3.78 0.18 0.18 0.89
2300WG 63.46 0.61 0.61 59.65
2300WI 32.0 1.71 1.71 1.29
2300WJ 4.41 0.34 0.34 13.11
2300WL 23.63 0.23 0.23 2.02
2300WK 26.32 0.08 0.08 12.98
2300WN 11.23 0.37 0.37 2.05
2300WP 6.2 1.84 1.84 2.24
2300WQ 56.2 0.13 0.13 9.72
2300WS 16.85 1.39 1.39 1.93
2300WU 36.65 0.62 0.62 4.71
2300WV 19.77 1.06 1.06 1.34
2300WW 3.03 0.6 0.6 19.87
2300WX 12.82 5.05 5.05 5.09
2300WZ 18.96 0.1 0.1 5.44
2300X4 89.79 0.27 0.42 39.39
2300X5 67.1 2.31 2.31 4.37
2300X7 13.45 0.04 0.04 7.28
2300X8 77.27 13.17 13.17 60.75
2300X9 32.2 0.12 0.12 8.36
2300XA 5.91 0.37 0.37 18.57
2300XC 29.2 2.46 2.46 7.35
2300XB 6.94 0.63 0.63 10.16
2300XD 5.78 9.32 9.32 26.74
2300XE 108.28 1.38 1.38 0.47
2300XG 36.27 2.91 2.91 30.09
2300XF 115.26 0.61 0.61 30.33
2300XJ 8.14 1.4 1.4 1.68
2300XK 9.65 1.12 1.12 3.16
2300XL 112.15 15.97 15.97 11.43
2300XN 44.87 1.14 1.14 11.34
2300XO 28.06 0.09 0.09 0.13
2300XQ 7.68 1.8 1.8 5.98
2300XR 17.61 1.02 1.02 2.77
2300XS 0.38 1.06 1.06 4.99
2300XV 21.09 0.02 0.02 1.09
2300XX 18.24 4.95 4.95 4.99
2300XW 121.81 0.93 0.93 15.6
2300Y0 20.46 0.44 0.44 0.23
2300Y1 7.59 1.79 1.79 2.87
2300Y3 43.27 0.06 0.06 3.93
2300Y7 50.74 2.35 2.35 50.75
2300Y8 14.15 2.16 2.16 2.61
2300Y9 8.46 4.73 4.73 4.21
2300YB 89.64 4.01 4.01 6.03
2300YA 55.8 0.26 0.26 0.49
2300YC 24.89 3.01 3.01 5.65
2300YD 21.2 0.7 0.7 0.42
2300YE 38.54 0.11 0.11 9.69
2300YH 16.88 0.17 0.17 4.48
2300YI 41.13 2.12 2.12 7.92
2300YL 13.21 0.35 0.35 19.6
2300YK 13.9 0.19 0.19 14.63
2300YM 1.89 0.85 0.85 44.43
2300YO 18.54 8.1 8.1 9.42
2300YT 68.53 3.36 3.36 28.7
2300YV 4.64 2.1 2.1 2.07
2300YW 144.61 0.26 0.26 45.59
2300YX 29.27 1.38 1.59 6.7
2300YZ 32.36 0.45 0.45 10.51
2300YY 21.82 0.04 0.04 13.57
2300Z0 50.64 5.12 5.12 10.61
2300Z2 38.13 2.57 2.57 0.29
2300Z1 54.58 1.76 1.76 29.48
2300Z4 22.59 0.15 0.15 11.39
2300Z3 22.94 0.2 0.2 9.9
2300Z5 106.55 0.04 2.11 46.51
2300Z7 40.91 5.53 5.53 22.87
2300ZA 112.07 4.9 5.09 10.86
2300Z9 150.07 0.33 0.33 11.87
2300ZB 30.08 2.8 2.8 2.82
2300ZC 20.18 0.27 0.27 16.47
2300ZF 7.05 1.18 1.18 11.89
2300ZG 16.05 2.71 2.71 3.42
2300ZI 41.14 4.5 4.5 6.24
2300ZK 85.73 0.27 0.27 26.45
2300ZL 144.76 0.7 0.7 5.68
2300ZM 64.06 3.75 3.75 23.67
2300ZP 11.16 2.32 2.32 3.21
2300ZQ 1.78 0.59 0.59 3.63
2300ZR 3.13 1.11 1.11 3.12
2300ZS 32.65 9.22 9.22 27.47
2300ZT 0.79 2.42 2.42 2.5
2300ZU 0.53 0.19 0.19 2.3
2300ZV 38.88 0.17 0.17 0.02
2300ZW 116.64 1.01 1.01 18.95
2300ZX 0.06 0.67 0.67 2.51
2300ZY 1.84 0.73 0.73 10.63
2300ZZ 27.02 5.0 5.0 5.65
230100 11.13 0.24 0.24 0.63
230101 14.63 1.47 1.47 6.15
230102 3.93 0.97 0.97 2.23
230103 69.03 0.18 0.18 10.41
230104 10.06 1.96 1.96 1.13
230105 4.93 0.02 0.02 4.29
230106 35.53 0.12 0.19 27.53
230107 19.3 0.8 0.8 3.29
230108 32.34 0.31 0.31 16.06
23010A 6.83 6.67 6.67 3.96
230109 19.19 0.03 0.15 13.81
23010B 14.74 3.56 3.56 4.88
23010C 13.88 1.01 1.01 1.38
23010D 4.37 0.66 0.66 6.59
23010E 13.41 2.35 2.35 5.86
23010F 12.63 1.0 1.0 10.06
23010G 154.28 0.65 0.65 3.98
23010H 49.15 0.12 0.12 12.26
23010I 48.5 0.34 0.37 13.26
23010K 2.38 0.21 0.21 13.02
23010L 10.18 1.41 1.41 2.16
23010M 16.34 1.22 1.22 9.21
23010O 13.48 1.57 1.57 2.31
23010P 59.39 0.61 0.61 8.19
23010Q 77.89 0.91 0.91 15.35
2300SG 4.96 8.68 8.68 7.94
23010W 5.23 0.28 0.28 11.5
23010X 11.71 1.85 1.85 1.1
23010Y 22.71 27.9 27.9 42.11
23010Z 5.45 0.34 0.34 14.16
23010V 1.49 0.5 0.5 8.22
230118 16.59 0.15 0.15 1.62
230119 8.92 0.05 0.05 5.03
23011A 150.48 0.62 0.62 5.21
23011B 31.43 0.55 0.55 1.46
23011E 12.28 0.3 0.3 1.34
23011F 14.43 0.31 0.31 39.64
23011G 7.58 0.23 0.23 11.26
23011H 6.95 2.42 2.42 2.4
23011J 0.0 0.14 0.14 0.0
23011I 8.13 0.05 0.05 0.84
23011K 15.48 0.23 1.22 5.66
23011L 7.35 2.94 2.94 2.96
23011M 69.47 2.65 2.65 42.94
23011N 25.31 0.54 0.29 5.79
23011P 10.2 0.17 0.17 10.72
23011R 17.87 0.57 0.57 14.51
23011U 23.27 1.07 1.07 23.16
230120 18.06 0.59 0.59 0.44
230123 65.88 3.75 3.75 18.42
230124 15.0 0.35 3.8 6.88
230125 134.55 0.17 0.17 22.03
230128 19.01 1.4 1.4 4.34
230129 59.93 0.07 0.07 26.07
23012A 39.62 0.72 0.72 10.21
23012B 37.92 1.96 1.96 38.87
23012C 78.9 0.1 0.1 4.68
23012F 9.76 1.52 1.52 18.6
23012E 3.39 2.9 2.9 8.3
23012H 0.14 0.42 1.17 2.46
23012G 57.83 3.91 3.91 72.44
23012I 42.93 0.99 0.99 5.5
23012J 14.19 2.01 2.01 4.25
23012L 41.63 3.49 3.49 4.9
23012M 25.52 2.77 2.77 2.24
23012K 14.01 0.12 0.12 157.94
