230001 4.21 1.74	230001 4.21 4.06	230001 4.21 4.06	230001 4.21 3.69
230005 0.31 1.2	230005 0.31 0.38	230005 0.31 0.38	230005 0.31 0.29
230006 5.83 6.26	230006 5.83 5.71	230006 5.83 5.71	230006 5.83 4.92
230007 13.63 5.56	230007 13.63 13.52	230007 13.63 13.52	230007 13.63 16.15
230008 8.53 4.95	230008 8.53 7.52	230008 8.53 7.52	230008 8.53 6.61
230009 4.12 3.5	230009 4.12 4.12	230009 4.12 4.12	230009 4.12 3.42
23000A 2.09 0.6	23000A 2.09 2.1	23000A 2.09 2.1	23000A 2.09 2.24
23000C 3.57 7.21	23000C 3.57 3.35	23000C 3.57 3.35	23000C 3.57 2.9
23000D 9.24 2.61	23000D 9.24 9.23	23000D 9.24 9.23	23000D 9.24 9.08
23000E 4.89 3.5	23000E 4.89 4.8	23000E 4.89 4.8	23000E 4.89 3.72
23000F 3.31 0.82	23000F 3.31 3.32	23000F 3.31 3.32	23000F 3.31 3.81
23000G 1.15 3.34	23000G 1.15 1.02	23000G 1.15 1.02	23000G 1.15 0.33
23000J 2.83 3.71	23000J 2.83 2.46	23000J 2.83 2.46	23000J 2.83 2.58
23000I 1.72 4.56	23000I 1.72 1.63	23000I 1.72 1.63	23000I 1.72 2.74
23000K 3.68 9.57	23000K 3.68 3.73	23000K 3.68 3.73	23000K 3.68 2.87
23000L 2.73 2.06	23000L 2.73 2.48	23000L 2.73 2.48	23000L 2.73 3.0
23000M 3.94 2.59	23000M 3.94 3.71	23000M 3.94 3.76	23000M 3.94 3.64
23000O 2.4 1.33	23000O 2.4 2.39	23000O 2.4 2.41	23000O 2.4 2.53
23000Q 5.05 3.54	23000Q 5.05 4.29	23000Q 5.05 4.29	23000Q 5.05 4.31
23000S 3.23 2.97	23000S 3.23 3.25	23000S 3.23 3.25	23000S 3.23 4.24
23000T 1.83 2.94	23000T 1.83 1.83	23000T 1.83 1.83	23000T 1.83 1.84
23000U 4.07 3.46	23000U 4.07 3.47	23000U 4.07 3.47	23000U 4.07 3.35
23000V 7.66 6.57	23000V 7.66 7.59	23000V 7.66 7.59	23000V 7.66 5.78
23000W 7.4 5.86	23000W 7.4 6.33	23000W 7.4 6.33	23000W 7.4 5.98
23000X 11.08 5.8	23000X 11.08 9.76	23000X 11.08 9.76	23000X 11.08 8.82
23000Y 6.69 2.59	23000Y 6.69 6.62	23000Y 6.69 6.62	23000Y 6.69 5.88
23000Z 9.47 8.02	23000Z 9.47 7.89	23000Z 9.47 7.89	23000Z 9.47 7.53
230011 2.91 2.22	230011 2.91 2.72	230011 2.91 2.72	230011 2.91 2.47
230014 6.3 4.2	230014 6.3 5.88	230014 6.3 5.88	230014 6.3 5.79
230016 2.93 1.94	230016 2.93 2.44	230016 2.93 2.44	230016 2.93 2.37
230017 10.4 1.84	230017 10.4 8.96	230017 10.4 8.96	230017 10.4 8.83
230018 2.52 4.37	230018 2.52 2.5	230018 2.52 2.5	230018 2.52 2.7
23001E 1.69 3.09	23001E 1.69 1.63	23001E 1.69 1.63	23001E 1.69 1.19
23001F 9.69 2.97	23001F 9.69 9.13	23001F 9.69 9.13	23001F 9.69 9.45
23001G 12.1 7.35	23001G 12.1 10.77	23001G 12.1 11.08	23001G 12.1 11.01
23001H 10.02 9.78	23001H 10.02 9.73	23001H 10.02 9.73	23001H 10.02 9.77
23001I 3.71 2.95	23001I 3.71 2.96	23001I 3.71 2.96	23001I 3.71 2.83
23001J 2.29 2.09	23001J 2.29 2.26	23001J 2.29 2.26	23001J 2.29 4.39
23001K 0.63 2.02	23001K 0.63 0.61	23001K 0.63 0.61	23001K 0.63 0.46
23001L 2.15 1.73	23001L 2.15 2.16	23001L 2.15 2.16	23001L 2.15 1.96
23001N 7.55 1.93	23001N 7.55 7.51	23001N 7.55 7.51	23001N 7.55 7.64
23001O 4.3 3.44	23001O 4.3 3.57	23001O 4.3 3.57	23001O 4.3 4.44
23001P 2.15 3.11	23001P 2.15 2.09	23001P 2.15 2.09	23001P 2.15 2.1
23001Q 4.88 3.52	23001Q 4.88 4.23	23001Q 4.88 4.23	23001Q 4.88 4.18
23001S 2.97 6.59	23001S 2.97 2.72	23001S 2.97 2.72	23001S 2.97 2.84
23001T 0.68 2.0	23001T 0.68 0.68	23001T 0.68 0.69	23001T 0.68 2.24
23001U 1.5 1.52	23001U 1.5 1.51	23001U 1.5 1.56	23001U 1.5 0.8
23001X 1.99 2.54	23001X 1.99 2.0	23001X 1.99 1.98	23001X 1.99 2.81
23001Y 3.58 4.66	23001Y 3.58 3.46	23001Y 3.58 3.46	23001Y 3.58 2.9
23001Z 6.42 4.79	23001Z 6.42 6.16	23001Z 6.42 6.16	23001Z 6.42 6.0
230021 7.69 11.78	230021 7.69 6.57	230021 7.69 6.57	230021 7.69 6.64
230022 6.5 5.89	230022 6.5 5.5	230022 6.5 5.5	230022 6.5 5.45
230023 7.78 3.16	230023 7.78 6.91	230023 7.78 6.91	230023 7.78 6.88
230024 4.39 4.0	230024 4.39 4.15	230024 4.39 4.07	230024 4.39 4.39
230025 2.21 2.2	230025 2.21 2.21	230025 2.21 2.21	230025 2.21 1.12
230026 11.28 3.45	230026 11.28 11.11	230026 11.28 11.11	230026 11.28 10.08
230027 5.45 5.55	230027 5.45 4.48	230027 5.45 4.48	230027 5.45 4.48
23002A 3.16 5.82	23002A 3.16 3.18	23002A 3.16 3.18	23002A 3.16 1.75
230029 3.72 4.99	230029 3.72 3.71	230029 3.72 3.76	230029 3.72 5.35
23002C 3.39 2.56	23002C 3.39 3.07	23002C 3.39 3.07	23002C 3.39 2.72
23002E 4.13 3.49	23002E 4.13 3.37	23002E 4.13 3.37	23002E 4.13 2.8
23002F 2.01 2.06	23002F 2.01 2.01	23002F 2.01 2.01	23002F 2.01 1.96
23002G 5.77 4.0	23002G 5.77 5.77	23002G 5.77 5.77	23002G 5.77 5.74
23002H 8.94 4.84	23002H 8.94 8.2	23002H 8.94 8.2	23002H 8.94 4.31
23002I 2.66 5.56	23002I 2.66 2.61	23002I 2.66 2.61	23002I 2.66 0.28
23002K 10.94 7.11	23002K 10.94 9.41	23002K 10.94 9.41	23002K 10.94 9.38
23002L 2.19 3.99	23002L 2.19 2.18	23002L 2.19 2.18	23002L 2.19 2.9
23002M 0.97 11.11	23002M 0.97 0.97	23002M 0.97 0.97	23002M 0.97 1.59
23002O 3.0 3.84	23002O 3.0 3.01	23002O 3.0 3.01	23002O 3.0 4.29
23002P 2.33 2.18	23002P 2.33 2.33	23002P 2.33 2.33	23002P 2.33 2.27
23002Q 2.69 3.91	23002Q 2.69 2.58	23002Q 2.69 2.58	23002Q 2.69 2.17
23002R 5.36 8.36	23002R 5.36 4.71	23002R 5.36 4.71	23002R 5.36 4.76
23002T 4.77 5.21	23002T 4.77 4.72	23002T 4.77 4.72	23002T 4.77 4.3
23002U 4.99 5.34	23002U 4.99 5.05	23002U 4.99 5.05	23002U 4.99 5.62
23002V 5.02 3.77	23002V 5.02 4.18	23002V 5.02 4.18	23002V 5.02 4.19
23002W 4.22 3.0	23002W 4.22 4.22	23002W 4.22 4.22	23002W 4.22 4.28
23002X 11.3 8.8	23002X 11.3 9.16	23002X 11.3 9.16	23002X 11.3 9.43
23002Y 13.08 4.91	23002Y 13.08 11.39	23002Y 13.08 11.39	23002Y 13.08 8.66
23002Z 1.46 2.06	23002Z 1.46 1.48	23002Z 1.46 1.48	23002Z 1.46 1.75
230030 5.23 5.6	230030 5.23 4.85	230030 5.23 4.85	230030 5.23 3.96
230031 3.96 4.58	230031 3.96 3.24	230031 3.96 3.24	230031 3.96 3.02
230032 9.15 7.18	230032 9.15 8.1	230032 9.15 8.1	230032 9.15 8.04
230033 3.92 10.94	230033 3.92 3.87	230033 3.92 3.87	230033 3.92 6.31
230034 3.25 2.08	230034 3.25 2.45	230034 3.25 2.45	230034 3.25 2.38
230035 3.69 3.46	230035 3.69 3.58	230035 3.69 3.58	230035 3.69 3.8
230036 2.33 1.93	230036 2.33 2.29	230036 2.33 2.29	230036 2.33 2.37
230037 5.67 2.19	230037 5.67 5.07	230037 5.67 5.07	230037 5.67 5.67
230038 3.94 4.15	230038 3.94 3.94	230038 3.94 3.94	230038 3.94 3.39
230039 3.64 1.41	230039 3.64 3.39	230039 3.64 3.39	230039 3.64 3.41
23003A 4.15 4.82	23003A 4.15 3.75	23003A 4.15 3.75	23003A 4.15 3.79
23003B 7.1 4.76	23003B 7.1 6.54	23003B 7.1 6.54	23003B 7.1 6.56
23003G 3.52 2.89	23003G 3.52 3.52	23003G 3.52 3.52	23003G 3.52 2.6
23003I 7.19 3.01	23003I 7.19 6.73	23003I 7.19 5.89	23003I 7.19 5.78
23003H 8.41 5.18	23003H 8.41 8.19	23003H 8.41 6.96	23003H 8.41 6.96
23003K 5.76 1.06	23003K 5.76 5.3	23003K 5.76 5.3	23003K 5.76 4.8
23003L 7.08 6.88	23003L 7.08 6.14	23003L 7.08 6.3	23003L 7.08 6.28
23003N 1.21 11.14	23003N 1.21 1.22	23003N 1.21 1.22	23003N 1.21 1.17
23003O 3.12 2.45	23003O 3.12 2.69	23003O 3.12 2.69	23003O 3.12 2.64
23003P 9.06 3.94	23003P 9.06 8.58	23003P 9.06 8.51	23003P 9.06 4.68
23003Q 1.73 1.03	23003Q 1.73 1.61	23003Q 1.73 1.61	23003Q 1.73 1.32
23003S 5.91 5.83	23003S 5.91 5.34	23003S 5.91 5.34	23003S 5.91 5.34
23003T 7.95 5.84	23003T 7.95 6.66	23003T 7.95 6.66	23003T 7.95 5.91
23003W 5.79 7.93	23003W 5.79 5.55	23003W 5.79 5.55	23003W 5.79 5.59
23003Y 1.72 1.49	23003Y 1.72 1.58	23003Y 1.72 1.58	23003Y 1.72 1.46
230040 5.07 6.26	230040 5.07 4.95	230040 5.07 4.95	230040 5.07 5.13
230042 6.7 4.61	230042 6.7 5.6	230042 6.7 5.6	230042 6.7 4.52
230047 4.93 2.22	230047 4.93 4.56	230047 4.93 4.56	230047 4.93 4.2
230048 5.06 4.49	230048 5.06 5.04	230048 5.06 5.04	230048 5.06 4.94
230049 2.65 2.56	230049 2.65 2.56	230049 2.65 2.56	230049 2.65 2.35
23004A 6.66 5.06	23004A 6.66 5.66	23004A 6.66 5.66	23004A 6.66 5.61
23004F 8.61 6.25	23004F 8.61 7.71	23004F 8.61 7.5	23004F 8.61 6.42
23004G 2.86 2.12	23004G 2.86 2.8	23004G 2.86 2.8	23004G 2.86 2.3
23004K 2.14 0.94	23004K 2.14 2.02	23004K 2.14 2.02	23004K 2.14 2.48
23004J 2.05 4.37	23004J 2.05 2.17	23004J 2.05 2.17	23004J 2.05 1.68
23004M 5.79 4.04	23004M 5.79 4.87	23004M 5.79 4.87	23004M 5.79 4.51
23004N 4.93 3.85	23004N 4.93 4.71	23004N 4.93 4.71	23004N 4.93 4.66
23004O 4.26 3.27	23004O 4.26 3.79	23004O 4.26 3.79	23004O 4.26 3.32
23004P 8.78 5.9	23004P 8.78 7.65	23004P 8.78 7.65	23004P 8.78 5.11
23004Q 3.68 3.32	23004Q 3.68 3.45	23004Q 3.68 3.45	23004Q 3.68 3.49
23004R 5.16 4.73	23004R 5.16 4.52	23004R 5.16 4.52	23004R 5.16 4.54
23004S 1.87 1.81	23004S 1.87 1.82	23004S 1.87 1.82	23004S 1.87 1.51
23004U 3.67 4.19	23004U 3.67 3.02	23004U 3.67 3.02	23004U 3.67 2.21
23004V 1.94 1.51	23004V 1.94 1.6	23004V 1.94 1.6	23004V 1.94 1.37
23004W 7.99 5.01	23004W 7.99 6.65	23004W 7.99 6.65	23004W 7.99 5.88
23004Y 3.87 5.0	23004Y 3.87 3.89	23004Y 3.87 3.89	23004Y 3.87 3.95
23004Z 5.84 5.79	23004Z 5.84 5.18	23004Z 5.84 5.18	23004Z 5.84 5.15
230052 3.89 4.64	230052 3.89 3.72	230052 3.89 3.72	230052 3.89 3.5
230054 4.37 2.69	230054 4.37 3.34	230054 4.37 3.34	230054 4.37 3.38
230056 2.52 2.97	230056 2.52 2.47	230056 2.52 2.47	230056 2.52 2.32
230057 5.09 3.25	230057 5.09 4.93	230057 5.09 4.93	230057 5.09 4.43
230058 2.08 1.9	230058 2.08 2.07	230058 2.08 2.07	230058 2.08 1.9
230059 2.12 3.6	230059 2.12 2.12	230059 2.12 2.12	230059 2.12 2.14
23005A 4.5 2.43	23005A 4.5 3.95	23005A 4.5 3.95	23005A 4.5 4.23
23005B 7.62 12.72	23005B 7.62 6.5	23005B 7.62 6.5	23005B 7.62 6.46
23005D 3.32 2.42	23005D 3.32 2.92	23005D 3.32 2.92	23005D 3.32 2.94
23005F 4.61 5.55	23005F 4.61 3.58	23005F 4.61 3.58	23005F 4.61 3.66
23005E 4.9 6.35	23005E 4.9 4.39	23005E 4.9 4.39	23005E 4.9 3.17
23005G 4.79 3.37	23005G 4.79 4.09	23005G 4.79 4.09	23005G 4.79 4.09
23005I 8.23 0.19	23005I 8.23 7.18	23005I 8.23 7.18	23005I 8.23 6.49
23005H 9.0 2.38	23005H 9.0 8.77	23005H 9.0 8.77	23005H 9.0 8.73
23005J 1.11 2.19	23005J 1.11 1.11	23005J 1.11 1.11	23005J 1.11 2.15
23005N 2.29 3.09	23005N 2.29 2.3	23005N 2.29 2.3	23005N 2.29 1.99
23005O 1.74 2.41	23005O 1.74 1.74	23005O 1.74 1.74	23005O 1.74 3.1
23005Q 0.52 2.16	23005Q 0.52 0.55	23005Q 0.52 0.55	23005Q 0.52 0.57
23005M 2.08 2.68	23005M 2.08 1.87	23005M 2.08 1.87	23005M 2.08 2.39
23005R 15.99 16.1	23005R 15.99 16.1	23005R 15.99 16.1	23005R 15.99 16.1
23005S 7.07 2.1	23005S 7.07 5.96	23005S 7.07 5.96	23005S 7.07 3.52
23005T 3.85 4.19	23005T 3.85 3.85	23005T 3.85 3.85	23005T 3.85 3.45
23005V 7.82 6.99	23005V 7.82 6.56	23005V 7.82 6.56	23005V 7.82 6.29
23005W 12.83 11.45	23005W 12.83 11.03	23005W 12.83 11.03	23005W 12.83 9.16
23005X 7.39 5.71	23005X 7.39 6.63	23005X 7.39 6.37	23005X 7.39 5.83
23005Y 7.36 4.9	23005Y 7.36 5.85	23005Y 7.36 5.85	23005Y 7.36 5.7
230061 4.75 4.28	230061 4.75 4.16	230061 4.75 4.16	230061 4.75 4.14
230064 8.68 4.23	230064 8.68 7.0	230064 8.68 7.0	230064 8.68 6.92
230065 9.01 7.41	230065 9.01 8.09	230065 9.01 7.67	230065 9.01 7.31
230066 9.13 9.12	230066 9.13 8.21	230066 9.13 8.21	230066 9.13 7.76
230067 6.38 5.77	230067 6.38 5.46	230067 6.38 5.46	230067 6.38 5.46
230068 1.62 2.93	230068 1.62 1.61	230068 1.62 1.61	230068 1.62 1.6
23006A 11.02 7.7	23006A 11.02 9.72	23006A 11.02 9.45	23006A 11.02 9.74
23006C 8.45 1.22	23006C 8.45 7.31	23006C 8.45 7.31	23006C 8.45 5.2
23006E 0.79 0.45	23006E 0.79 0.78	23006E 0.79 0.78	23006E 0.79 0.78
23006F 1.91 1.97	23006F 1.91 1.9	23006F 1.91 1.91	23006F 1.91 2.99
23006G 5.62 4.36	23006G 5.62 4.44	23006G 5.62 4.44	23006G 5.62 4.19
23006I 4.85 2.87	23006I 4.85 4.84	23006I 4.85 4.84	23006I 4.85 5.42
23006K 4.58 5.58	23006K 4.58 4.3	23006K 4.58 4.3	23006K 4.58 3.58
23006N 1.18 1.4	23006N 1.18 1.24	23006N 1.18 1.24	23006N 1.18 1.27
23006M 3.32 3.79	23006M 3.32 3.3	23006M 3.32 3.3	23006M 3.32 3.52
23006O 5.45 4.49	23006O 5.45 4.98	23006O 5.45 4.98	23006O 5.45 5.18
23006P 7.67 6.65	23006P 7.67 6.7	23006P 7.67 6.7	23006P 7.67 6.32
23006T 1.51 5.64	23006T 1.51 1.48	23006T 1.51 1.48	23006T 1.51 1.72
23006U 2.76 2.15	23006U 2.76 2.78	23006U 2.76 2.78	23006U 2.76 3.84
23006V 4.7 4.17	23006V 4.7 4.14	23006V 4.7 4.14	23006V 4.7 4.22
23006W 4.95 6.12	23006W 4.95 4.87	23006W 4.95 4.87	23006W 4.95 5.11
23006X 0.96 1.28	23006X 0.96 0.97	23006X 0.96 0.97	23006X 0.96 0.86
23006Y 2.01 2.59	23006Y 2.01 1.98	23006Y 2.01 1.98	23006Y 2.01 1.62
23006Z 2.14 3.81	23006Z 2.14 2.15	23006Z 2.14 2.15	23006Z 2.14 2.22
230070 3.78 3.72	230070 3.78 3.74	230070 3.78 3.74	230070 3.78 3.43
230071 6.79 2.94	230071 6.79 5.62	230071 6.79 5.68	230071 6.79 5.55
230073 5.99 5.88	230073 5.99 5.98	230073 5.99 5.82	230073 5.99 5.64
230074 2.72 2.27	230074 2.72 2.72	230074 2.72 2.72	230074 2.72 2.55
230075 4.96 4.52	230075 4.96 4.93	230075 4.96 4.71	230075 4.96 4.55
230076 0.87 1.12	230076 0.87 0.87	230076 0.87 0.87	230076 0.87 0.77
230077 2.0 4.7	230077 2.0 2.02	230077 2.0 1.95	230077 2.0 2.25
230078 2.38 2.21	230078 2.38 2.2	230078 2.38 2.2	230078 2.38 0.82
23007A 5.53 4.47	23007A 5.53 4.78	23007A 5.53 4.78	23007A 5.53 4.83
23007B 1.98 2.35	23007B 1.98 1.94	23007B 1.98 1.94	23007B 1.98 1.97
23007C 1.65 1.82	23007C 1.65 1.66	23007C 1.65 1.66	23007C 1.65 1.87
23007D 5.24 0.8	23007D 5.24 5.15	23007D 5.24 5.15	23007D 5.24 2.7
23007E 4.3 5.05	23007E 4.3 3.89	23007E 4.3 3.89	23007E 4.3 4.0
23007G 1.66 3.32	23007G 1.66 1.45	23007G 1.66 1.45	23007G 1.66 0.91
23007I 6.11 6.33	23007I 6.11 5.61	23007I 6.11 5.61	23007I 6.11 5.4
23007J 4.94 6.67	23007J 4.94 4.82	23007J 4.94 4.82	23007J 4.94 3.51
23007H 4.19 7.91	23007H 4.19 4.15	23007H 4.19 4.18	23007H 4.19 2.57
23007L 12.71 12.79	23007L 12.71 11.23	23007L 12.71 11.21	23007L 12.71 11.35
23007O 1.85 1.56	23007O 1.85 1.85	23007O 1.85 1.85	23007O 1.85 2.14
23007P 3.06 3.14	23007P 3.06 2.9	23007P 3.06 2.9	23007P 3.06 2.88
23007R 2.57 2.99	23007R 2.57 2.29	23007R 2.57 2.29	23007R 2.57 3.48
23007S 4.41 4.33	23007S 4.41 4.11	23007S 4.41 4.11	23007S 4.41 4.14
23007U 6.4 6.49	23007U 6.4 5.29	23007U 6.4 5.29	23007U 6.4 5.3
23007W 1.82 1.84	23007W 1.82 1.71	23007W 1.82 1.71	23007W 1.82 1.74
23007V 0.92 1.35	23007V 0.92 0.97	23007V 0.92 0.97	23007V 0.92 1.01
23007X 5.97 6.78	23007X 5.97 5.45	23007X 5.97 5.45	23007X 5.97 5.37
23007Y 4.89 7.75	23007Y 4.89 4.66	23007Y 4.89 4.89	23007Y 4.89 5.24
23007Z 6.19 6.61	23007Z 6.19 5.62	23007Z 6.19 5.62	23007Z 6.19 5.66
230080 3.06 2.17	230080 3.06 2.84	230080 3.06 2.84	230080 3.06 2.81
230081 6.67 5.13	230081 6.67 5.67	230081 6.67 5.67	230081 6.67 5.47
230082 4.26 4.95	230082 4.26 3.96	230082 4.26 3.96	230082 4.26 3.9
230084 7.7 9.74	230084 7.7 6.28	230084 7.7 6.28	230084 7.7 6.39
230085 1.8 2.85	230085 1.8 1.8	230085 1.8 1.8	230085 1.8 1.68
230086 3.65 4.06	230086 3.65 3.51	230086 3.65 3.51	230086 3.65 3.57
230087 3.05 5.97	230087 3.05 3.06	230087 3.05 3.06	230087 3.05 2.81
230088 2.22 2.83	230088 2.22 2.21	230088 2.22 2.21	230088 2.22 2.6
230089 1.87 2.45	230089 1.87 1.83	230089 1.87 1.83	230089 1.87 1.68
23008B 4.89 5.69	23008B 4.89 4.89	23008B 4.89 4.89	23008B 4.89 4.94
23008C 5.68 5.86	23008C 5.68 5.51	23008C 5.68 5.51	23008C 5.68 8.54
23008E 3.75 6.88	23008E 3.75 3.33	23008E 3.75 3.33	23008E 3.75 3.64
23008G 4.41 2.65	23008G 4.41 3.55	23008G 4.41 3.55	23008G 4.41 3.56
23008F 4.96 2.88	23008F 4.96 4.0	23008F 4.96 4.0	23008F 4.96 4.02
23008H 6.59 2.92	23008H 6.59 5.56	23008H 6.59 5.56	23008H 6.59 3.71
23008I 9.83 14.41	23008I 9.83 7.97	23008I 9.83 7.97	23008I 9.83 11.61
23008L 5.05 2.76	23008L 5.05 4.31	23008L 5.05 4.31	23008L 5.05 3.41
23008K 4.27 4.74	23008K 4.27 3.27	23008K 4.27 3.27	23008K 4.27 1.28
23008M 4.31 1.46	23008M 4.31 4.27	23008M 4.31 4.27	23008M 4.31 4.03
23008N 3.72 3.51	23008N 3.72 3.35	23008N 3.72 3.35	23008N 3.72 3.35
23008O 9.35 5.63	23008O 9.35 8.01	23008O 9.35 8.01	23008O 9.35 6.56
23008P 1.88 3.3	23008P 1.88 1.87	23008P 1.88 1.87	23008P 1.88 2.06
23008Q 2.13 1.46	23008Q 2.13 2.12	23008Q 2.13 2.12	23008Q 2.13 2.15
23008R 6.12 3.65	23008R 6.12 5.89	23008R 6.12 5.89	23008R 6.12 4.22
23008S 3.19 1.14	23008S 3.19 3.2	23008S 3.19 3.16	23008S 3.19 2.05
23008T 1.83 3.26	23008T 1.83 1.83	23008T 1.83 1.83	23008T 1.83 3.22
23008U 7.47 6.61	23008U 7.47 6.04	23008U 7.47 6.04	23008U 7.47 6.09
23008V 4.89 5.95	23008V 4.89 4.88	23008V 4.89 4.88	23008V 4.89 4.81
23008X 2.07 1.5	23008X 2.07 2.05	23008X 2.07 2.05	23008X 2.07 2.04
23008Y 3.53 2.68	23008Y 3.53 3.54	23008Y 3.53 3.54	23008Y 3.53 3.16
230091 7.45 7.77	230091 7.45 6.28	230091 7.45 6.28	230091 7.45 6.33
230093 6.15 6.62	230093 6.15 5.48	230093 6.15 5.48	230093 6.15 5.52
230094 5.45 5.95	230094 5.45 4.91	230094 5.45 4.91	230094 5.45 4.71
230096 4.22 3.91	230096 4.22 4.03	230096 4.22 4.03	230096 4.22 3.93
230097 8.77 7.59	230097 8.77 6.78	230097 8.77 6.78	230097 8.77 6.74
230098 10.42 15.49	230098 10.42 8.82	230098 10.42 8.82	230098 10.42 10.05
230099 1.62 1.37	230099 1.62 1.65	230099 1.62 1.65	230099 1.62 1.77
23009A 1.74 1.94	23009A 1.74 1.73	23009A 1.74 1.73	23009A 1.74 1.29
23009C 5.23 4.24	23009C 5.23 4.69	23009C 5.23 4.69	23009C 5.23 5.44
23009E 0.91 0.47	23009E 0.91 0.91	23009E 0.91 0.91	23009E 0.91 1.22
23009F 7.66 4.55	23009F 7.66 7.24	23009F 7.66 7.24	23009F 7.66 6.01
23009I 3.22 4.55	23009I 3.22 3.22	23009I 3.22 3.22	23009I 3.22 3.13
23009J 3.4 1.74	23009J 3.4 3.41	23009J 3.4 3.41	23009J 3.4 2.75
23009K 4.9 2.12	23009K 4.9 4.9	23009K 4.9 4.9	23009K 4.9 3.13
23009L 3.84 2.13	23009L 3.84 3.42	23009L 3.84 3.42	23009L 3.84 3.4
23009O 1.39 0.83	23009O 1.39 1.11	23009O 1.39 1.11	23009O 1.39 0.98
23009N 2.11 0.66	23009N 2.11 1.88	23009N 2.11 1.88	23009N 2.11 1.59
23009Q 9.42 9.63	23009Q 9.42 8.19	23009Q 9.42 8.19	23009Q 9.42 8.35
23009S 3.42 4.78	23009S 3.42 3.04	23009S 3.42 3.04	23009S 3.42 3.0
23009T 12.37 5.36	23009T 12.37 10.63	23009T 12.37 10.63	23009T 12.37 8.96
23009U 3.44 3.8	23009U 3.44 3.2	23009U 3.44 3.2	23009U 3.44 3.42
23009W 7.04 9.47	23009W 7.04 6.37	23009W 7.04 6.37	23009W 7.04 6.28
23009V 8.14 9.95	23009V 8.14 7.15	23009V 8.14 7.15	23009V 8.14 6.88
23009Y 9.76 1.29	23009Y 9.76 8.45	23009Y 9.76 8.45	23009Y 9.76 6.75
2300A0 7.33 3.42	2300A0 7.33 6.67	2300A0 7.33 6.67	2300A0 7.33 6.33
2300A1 1.32 1.93	2300A1 1.32 1.25	2300A1 1.32 1.25	2300A1 1.32 0.99
2300A2 4.41 2.63	2300A2 4.41 4.21	2300A2 4.41 4.21	2300A2 4.41 4.06
2300A3 5.9 4.57	2300A3 5.9 4.98	2300A3 5.9 4.98	2300A3 5.9 4.67
2300A5 1.07 0.87	2300A5 1.07 1.02	2300A5 1.07 1.02	2300A5 1.07 0.94
2300A4 2.29 2.44	2300A4 2.29 2.29	2300A4 2.29 2.29	2300A4 2.29 5.4
2300A6 4.82 4.2	2300A6 4.82 4.6	2300A6 4.82 4.6	2300A6 4.82 4.63
2300A7 7.41 4.88	2300A7 7.41 6.25	2300A7 7.41 6.25	2300A7 7.41 6.22
2300A9 5.96 5.52	2300A9 5.96 5.96	2300A9 5.96 5.96	2300A9 5.96 5.92
2300AA 6.77 6.76	2300AA 6.77 6.13	2300AA 6.77 6.13	2300AA 6.77 5.44
2300AB 10.49 1.37	2300AB 10.49 9.99	2300AB 10.49 9.99	2300AB 10.49 4.47
2300AE 3.05 3.93	2300AE 3.05 2.77	2300AE 3.05 2.77	2300AE 3.05 2.88
2300AF 5.53 3.64	2300AF 5.53 4.67	2300AF 5.53 4.67	2300AF 5.53 4.84
2300AG 1.84 2.08	2300AG 1.84 1.82	2300AG 1.84 1.82	2300AG 1.84 2.01
2300AH 6.52 4.86	2300AH 6.52 5.85	2300AH 6.52 5.85	2300AH 6.52 6.18
2300AK 7.03 4.92	2300AK 7.03 6.39	2300AK 7.03 6.39	2300AK 7.03 6.27
2300AO 8.4 2.66	2300AO 8.4 7.21	2300AO 8.4 7.21	2300AO 8.4 6.87
2300AQ 7.04 2.9	2300AQ 7.04 5.68	2300AQ 7.04 5.68	2300AQ 7.04 5.64
2300AT 5.92 3.54	2300AT 5.92 5.11	2300AT 5.92 5.11	2300AT 5.92 4.34
2300AU 3.55 2.25	2300AU 3.55 2.86	2300AU 3.55 2.86	2300AU 3.55 2.7
2300AV 2.23 2.24	2300AV 2.23 2.07	2300AV 2.23 2.07	2300AV 2.23 2.19
2300AW 3.95 9.6	2300AW 3.95 3.58	2300AW 3.95 3.58	2300AW 3.95 3.26
2300AX 1.62 2.1	2300AX 1.62 1.62	2300AX 1.62 1.62	2300AX 1.62 1.45
2300AZ 3.8 3.25	2300AZ 3.8 3.8	2300AZ 3.8 3.8	2300AZ 3.8 3.66
2300B0 2.99 6.29	2300B0 2.99 2.92	2300B0 2.99 2.92	2300B0 2.99 2.78
2300B1 1.23 2.43	2300B1 1.23 1.15	2300B1 1.23 1.15	2300B1 1.23 0.48
2300B2 6.87 6.13	2300B2 6.87 5.62	2300B2 6.87 5.62	2300B2 6.87 5.41
2300B5 0.41 0.21	2300B5 0.41 0.43	2300B5 0.41 0.43	2300B5 0.41 0.74
2300B7 10.46 10.86	2300B7 10.46 10.18	2300B7 10.46 10.18	2300B7 10.46 9.75
2300B8 9.87 7.34	2300B8 9.87 8.66	2300B8 9.87 8.66	2300B8 9.87 8.43
2300BA 5.49 9.42	2300BA 5.49 5.06	2300BA 5.49 5.06	2300BA 5.49 4.27
2300BC 1.62 0.7	2300BC 1.62 1.58	2300BC 1.62 1.58	2300BC 1.62 3.64
2300BD 8.27 6.93	2300BD 8.27 6.94	2300BD 8.27 6.94	2300BD 8.27 6.57
2300BF 7.71 6.1	2300BF 7.71 6.5	2300BF 7.71 6.5	2300BF 7.71 6.26
2300BH 6.85 2.68	2300BH 6.85 6.38	2300BH 6.85 6.38	2300BH 6.85 5.68
2300BI 1.27 1.61	2300BI 1.27 1.27	2300BI 1.27 1.27	2300BI 1.27 1.77
2300BK 1.39 2.89	2300BK 1.39 1.39	2300BK 1.39 1.39	2300BK 1.39 1.4
2300BN 1.31 1.94	2300BN 1.31 1.3	2300BN 1.31 1.3	2300BN 1.31 1.3
2300BO 10.72 7.65	2300BO 10.72 9.89	2300BO 10.72 9.89	2300BO 10.72 8.71
2300BQ 3.34 3.35	2300BQ 3.34 3.34	2300BQ 3.34 3.34	2300BQ 3.34 1.94
2300BR 2.38 6.94	2300BR 2.38 2.38	2300BR 2.38 2.37	2300BR 2.38 3.75
2300BT 2.63 2.71	2300BT 2.63 2.33	2300BT 2.63 2.33	2300BT 2.63 2.39
2300BU 6.56 9.75	2300BU 6.56 6.55	2300BU 6.56 6.55	2300BU 6.56 6.55
2300BW 0.94 3.64	2300BW 0.94 0.95	2300BW 0.94 0.95	2300BW 0.94 1.03
2300BX 11.32 5.58	2300BX 11.32 9.72	2300BX 11.32 9.72	2300BX 11.32 7.48
2300BY 3.83 4.71	2300BY 3.83 3.83	2300BY 3.83 3.83	2300BY 3.83 3.51
2300BZ 3.41 3.46	2300BZ 3.41 3.42	2300BZ 3.41 3.42	2300BZ 3.41 3.13
2300C0 4.5 9.7	2300C0 4.5 4.36	2300C0 4.5 4.36	2300C0 4.5 4.59
2300C1 9.15 6.99	2300C1 9.15 8.75	2300C1 9.15 8.75	2300C1 9.15 8.46
2300C3 2.08 1.87	2300C3 2.08 2.1	2300C3 2.08 2.1	2300C3 2.08 1.97
2300C4 2.32 1.84	2300C4 2.32 1.84	2300C4 2.32 1.84	2300C4 2.32 1.77
2300C5 9.67 1.75	2300C5 9.67 9.62	2300C5 9.67 9.62	2300C5 9.67 8.84
2300C6 7.24 6.44	2300C6 7.24 7.23	2300C6 7.24 6.94	2300C6 7.24 7.17
2300C7 3.45 2.39	2300C7 3.45 2.78	2300C7 3.45 2.78	2300C7 3.45 1.76
2300C8 2.51 2.26	2300C8 2.51 2.48	2300C8 2.51 2.43	2300C8 2.51 1.73
2300C9 2.93 1.13	2300C9 2.93 2.92	2300C9 2.93 2.92	2300C9 2.93 2.8
2300CB 1.02 1.44	2300CB 1.02 0.94	2300CB 1.02 0.94	2300CB 1.02 0.91
2300CC 8.74 3.74	2300CC 8.74 8.04	2300CC 8.74 8.04	2300CC 8.74 6.78
2300CD 4.36 4.41	2300CD 4.36 4.04	2300CD 4.36 4.04	2300CD 4.36 3.83
2300CF 7.65 6.34	2300CF 7.65 6.51	2300CF 7.65 6.51	2300CF 7.65 6.46
2300CK 11.04 6.64	2300CK 11.04 10.91	2300CK 11.04 10.91	2300CK 11.04 11.0
2300CL 2.38 0.36	2300CL 2.38 1.97	2300CL 2.38 1.97	2300CL 2.38 2.1
2300CM 1.47 0.9	2300CM 1.47 1.48	2300CM 1.47 1.48	2300CM 1.47 1.4
2300CP 8.19 1.55	2300CP 8.19 8.18	2300CP 8.19 8.18	2300CP 8.19 8.24
2300CQ 9.55 0.68	2300CQ 9.55 8.95	2300CQ 9.55 8.95	2300CQ 9.55 6.62
2300CT 9.73 5.06	2300CT 9.73 8.56	2300CT 9.73 8.56	2300CT 9.73 8.54
2300CW 6.05 3.73	2300CW 6.05 5.94	2300CW 6.05 5.94	2300CW 6.05 6.02
2300CY 3.53 8.55	2300CY 3.53 2.97	2300CY 3.53 2.97	2300CY 3.53 2.98
2300CZ 0.0 0.0	2300CZ 0.0 0.03	2300CZ 0.0 0.03	2300CZ 0.0 0.0
2300D0 0.58 0.8	2300D0 0.58 0.56	2300D0 0.58 0.56	2300D0 0.58 1.98
2300D1 5.94 9.65	2300D1 5.94 5.94	2300D1 5.94 5.94	2300D1 5.94 6.2
2300D2 7.26 6.95	2300D2 7.26 6.54	2300D2 7.26 6.54	2300D2 7.26 6.54
2300D5 4.01 3.11	2300D5 4.01 3.97	2300D5 4.01 4.04	2300D5 4.01 5.37
2300D6 1.72 1.91	2300D6 1.72 1.59	2300D6 1.72 1.59	2300D6 1.72 1.63
2300D8 2.89 2.44	2300D8 2.89 2.86	2300D8 2.89 2.92	2300D8 2.89 2.53
2300DC 2.67 4.62	2300DC 2.67 2.33	2300DC 2.67 2.33	2300DC 2.67 3.2
2300DB 4.47 3.52	2300DB 4.47 4.5	2300DB 4.47 4.5	2300DB 4.47 5.09
2300DF 4.2 4.03	2300DF 4.2 4.14	2300DF 4.2 3.95	2300DF 4.2 3.8
2300DI 3.69 3.26	2300DI 3.69 3.37	2300DI 3.69 3.37	2300DI 3.69 4.12
2300DK 5.56 5.19	2300DK 5.56 5.51	2300DK 5.56 5.51	2300DK 5.56 5.48
2300DL 6.59 3.59	2300DL 6.59 6.24	2300DL 6.59 6.24	2300DL 6.59 5.25
2300DM 8.85 7.98	2300DM 8.85 8.3	2300DM 8.85 8.3	2300DM 8.85 8.22
2300DN 9.11 1.84	2300DN 9.11 8.12	2300DN 9.11 8.12	2300DN 9.11 7.36
2300DP 3.9 2.61	2300DP 3.9 3.47	2300DP 3.9 3.47	2300DP 3.9 3.47
2300DQ 4.71 2.89	2300DQ 4.71 4.57	2300DQ 4.71 4.57	2300DQ 4.71 3.7
2300DU 2.63 1.17	2300DU 2.63 2.28	2300DU 2.63 2.28	2300DU 2.63 2.24
2300DX 4.4 4.0	2300DX 4.4 4.14	2300DX 4.4 4.14	2300DX 4.4 4.3
2300E1 6.46 5.02	2300E1 6.46 5.69	2300E1 6.46 5.69	2300E1 6.46 5.76
2300E0 4.6 3.26	2300E0 4.6 4.33	2300E0 4.6 4.33	2300E0 4.6 4.34
2300E2 1.64 1.29	2300E2 1.64 1.47	2300E2 1.64 1.47	2300E2 1.64 1.26
2300E3 7.91 2.7	2300E3 7.91 6.65	2300E3 7.91 6.65	2300E3 7.91 6.45
2300E4 7.48 6.08	2300E4 7.48 6.25	2300E4 7.48 6.25	2300E4 7.48 5.98
2300E5 5.96 5.35	2300E5 5.96 5.63	2300E5 5.96 5.63	2300E5 5.96 5.65
2300E8 1.88 3.78	2300E8 1.88 1.88	2300E8 1.88 1.88	2300E8 1.88 2.12
2300EB 9.52 6.11	2300EB 9.52 7.99	2300EB 9.52 7.99	2300EB 9.52 8.08
2300EC 6.6 6.75	2300EC 6.6 6.61	2300EC 6.6 6.61	2300EC 6.6 7.53
2300ED 4.71 3.13	2300ED 4.71 4.19	2300ED 4.71 4.19	2300ED 4.71 4.23
2300EE 1.86 1.46	2300EE 1.86 1.87	2300EE 1.86 1.87	2300EE 1.86 1.28
2300EF 1.8 2.23	2300EF 1.8 1.8	2300EF 1.8 1.8	2300EF 1.8 2.25
2300EH 3.27 3.19	2300EH 3.27 3.27	2300EH 3.27 3.27	2300EH 3.27 3.05
2300EL 1.26 1.94	2300EL 1.26 1.25	2300EL 1.26 1.25	2300EL 1.26 1.23
2300EM 2.25 2.19	2300EM 2.25 2.32	2300EM 2.25 2.29	2300EM 2.25 4.33
2300EO 2.97 4.61	2300EO 2.97 2.97	2300EO 2.97 2.97	2300EO 2.97 3.22
2300EP 5.73 3.31	2300EP 5.73 4.92	2300EP 5.73 4.92	2300EP 5.73 4.9
2300ER 14.25 10.9	2300ER 14.25 11.71	2300ER 14.25 11.71	2300ER 14.25 11.8
2300ES 4.64 4.58	2300ES 4.64 4.15	2300ES 4.64 4.15	2300ES 4.64 3.84
2300ET 4.74 4.13	2300ET 4.74 4.24	2300ET 4.74 4.24	2300ET 4.74 3.82
2300F2 8.77 6.45	2300F2 8.77 7.06	2300F2 8.77 7.06	2300F2 8.77 7.0
2300F3 1.87 2.46	2300F3 1.87 1.84	2300F3 1.87 1.84	2300F3 1.87 2.16
2300F4 5.1 6.22	2300F4 5.1 5.05	2300F4 5.1 5.05	2300F4 5.1 4.98
2300F5 4.0 4.02	2300F5 4.0 4.0	2300F5 4.0 3.93	2300F5 4.0 4.08
2300F6 2.55 6.65	2300F6 2.55 2.54	2300F6 2.55 2.54	2300F6 2.55 3.23
2300F8 5.01 4.72	2300F8 5.01 4.37	2300F8 5.01 4.37	2300F8 5.01 4.23
2300FE 6.11 4.68	2300FE 6.11 5.44	2300FE 6.11 5.44	2300FE 6.11 5.61
2300FG 5.05 4.1	2300FG 5.05 4.24	2300FG 5.05 4.24	2300FG 5.05 4.07
2300FK 5.06 2.82	2300FK 5.06 4.27	2300FK 5.06 4.27	2300FK 5.06 4.13
2300FM 2.75 2.59	2300FM 2.75 2.56	2300FM 2.75 2.56	2300FM 2.75 2.06
2300FN 9.42 12.24	2300FN 9.42 9.4	2300FN 9.42 9.4	2300FN 9.42 8.77
2300FP 2.45 2.75	2300FP 2.45 2.35	2300FP 2.45 2.35	2300FP 2.45 2.46
2300FQ 2.09 2.44	2300FQ 2.09 1.96	2300FQ 2.09 1.96	2300FQ 2.09 2.12
2300FR 4.64 4.3	2300FR 4.64 4.24	2300FR 4.64 4.24	2300FR 4.64 3.37
2300FT 6.5 4.86	2300FT 6.5 5.53	2300FT 6.5 5.53	2300FT 6.5 5.34
2300FV 5.72 5.41	2300FV 5.72 5.41	2300FV 5.72 5.41	2300FV 5.72 4.77
2300FW 6.61 5.07	2300FW 6.61 5.94	2300FW 6.61 5.94	2300FW 6.61 5.57
2300FY 4.11 4.18	2300FY 4.11 3.58	2300FY 4.11 3.58	2300FY 4.11 3.9
2300G1 3.44 5.12	2300G1 3.44 3.46	2300G1 3.44 3.46	2300G1 3.44 4.03
2300G3 3.76 1.79	2300G3 3.76 3.39	2300G3 3.76 3.39	2300G3 3.76 3.23
2300G4 8.58 8.88	2300G4 8.58 7.64	2300G4 8.58 7.64	2300G4 8.58 7.83
2300G5 3.39 0.91	2300G5 3.39 3.38	2300G5 3.39 3.4	2300G5 3.39 4.05
2300G6 2.51 4.05	2300G6 2.51 2.48	2300G6 2.51 2.48	2300G6 2.51 1.93
2300G8 6.63 4.6	2300G8 6.63 5.68	2300G8 6.63 5.68	2300G8 6.63 4.43
2300G9 4.17 4.18	2300G9 4.17 3.72	2300G9 4.17 3.78	2300G9 4.17 3.96
2300GA 2.48 2.2	2300GA 2.48 2.42	2300GA 2.48 2.42	2300GA 2.48 1.89
2300GB 3.58 1.63	2300GB 3.58 2.89	2300GB 3.58 2.89	2300GB 3.58 2.85
2300GC 0.92 1.7	2300GC 0.92 0.9	2300GC 0.92 0.9	2300GC 0.92 2.94
2300GE 6.93 5.68	2300GE 6.93 6.51	2300GE 6.93 6.51	2300GE 6.93 5.55
2300GF 5.1 4.91	2300GF 5.1 5.11	2300GF 5.1 5.11	2300GF 5.1 5.04
2300GK 1.83 2.92	2300GK 1.83 1.87	2300GK 1.83 1.87	2300GK 1.83 1.73
2300GJ 2.26 1.95	2300GJ 2.26 2.07	2300GJ 2.26 2.07	2300GJ 2.26 1.55
2300GN 7.16 13.42	2300GN 7.16 6.08	2300GN 7.16 6.15	2300GN 7.16 5.71
2300GP 2.14 2.09	2300GP 2.14 2.15	2300GP 2.14 2.15	2300GP 2.14 2.1
2300GQ 1.75 1.72	2300GQ 1.75 1.75	2300GQ 1.75 1.75	2300GQ 1.75 1.46
2300GR 1.59 0.99	2300GR 1.59 1.59	2300GR 1.59 1.59	2300GR 1.59 1.01
2300GS 0.04 0.35	2300GS 0.04 0.03	2300GS 0.04 0.03	2300GS 0.04 0.19
2300GT 0.33 0.86	2300GT 0.33 0.34	2300GT 0.33 0.34	2300GT 0.33 0.33
2300GV 6.23 5.64	2300GV 6.23 5.64	2300GV 6.23 5.64	2300GV 6.23 5.97
2300GX 1.32 5.37	2300GX 1.32 1.31	2300GX 1.32 1.33	2300GX 1.32 2.86
2300GY 6.82 5.47	2300GY 6.82 5.94	2300GY 6.82 5.94	2300GY 6.82 5.54
2300GZ 6.38 3.48	2300GZ 6.38 5.41	2300GZ 6.38 5.41	2300GZ 6.38 5.57
2300H0 13.55 7.94	2300H0 13.55 12.34	2300H0 13.55 12.18	2300H0 13.55 10.13
2300H1 2.17 3.92	2300H1 2.17 2.18	2300H1 2.17 2.18	2300H1 2.17 2.17
2300H3 4.19 4.13	2300H3 4.19 3.43	2300H3 4.19 3.43	2300H3 4.19 3.61
2300H4 4.98 5.38	2300H4 4.98 4.21	2300H4 4.98 4.21	2300H4 4.98 4.19
2300H5 6.09 4.43	2300H5 6.09 5.12	2300H5 6.09 5.12	2300H5 6.09 5.2
2300H6 4.27 10.42	2300H6 4.27 4.08	2300H6 4.27 4.06	2300H6 4.27 6.52
2300H8 21.98 25.21	2300H8 21.98 17.64	2300H8 21.98 17.64	2300H8 21.98 18.14
2300H9 4.32 5.28	2300H9 4.32 4.33	2300H9 4.32 4.33	2300H9 4.32 5.36
2300HA 2.99 1.96	2300HA 2.99 2.96	2300HA 2.99 2.96	2300HA 2.99 2.79
2300HD 1.79 2.72	2300HD 1.79 1.79	2300HD 1.79 1.79	2300HD 1.79 2.5
2300HF 1.84 2.19	2300HF 1.84 1.81	2300HF 1.84 1.81	2300HF 1.84 1.81
2300HE 1.48 2.35	2300HE 1.48 1.49	2300HE 1.48 1.49	2300HE 1.48 1.56
2300HG 1.54 5.07	2300HG 1.54 1.52	2300HG 1.54 1.53	2300HG 1.54 2.11
2300HH 1.96 1.38	2300HH 1.96 1.96	2300HH 1.96 1.96	2300HH 1.96 1.36
2300HI 4.72 2.82	2300HI 4.72 3.87	2300HI 4.72 3.87	2300HI 4.72 3.88
2300HJ 4.24 2.64	2300HJ 4.24 3.41	2300HJ 4.24 3.41	2300HJ 4.24 3.38
2300HK 4.74 5.47	2300HK 4.74 4.43	2300HK 4.74 4.43	2300HK 4.74 4.59
2300HM 5.42 4.88	2300HM 5.42 4.75	2300HM 5.42 4.75	2300HM 5.42 4.5
2300HN 2.92 3.73	2300HN 2.92 2.91	2300HN 2.92 2.91	2300HN 2.92 2.23
2300HO 5.44 3.97	2300HO 5.44 4.85	2300HO 5.44 4.85	2300HO 5.44 3.98
2300HP 12.7 13.99	2300HP 12.7 10.79	2300HP 12.7 10.79	2300HP 12.7 10.96
2300HQ 10.57 9.51	2300HQ 10.57 9.3	2300HQ 10.57 9.3	2300HQ 10.57 9.52
2300HR 1.71 0.77	2300HR 1.71 1.63	2300HR 1.71 1.63	2300HR 1.71 1.45
2300HS 5.8 4.75	2300HS 5.8 4.86	2300HS 5.8 4.86	2300HS 5.8 4.88
2300HU 1.99 1.56	2300HU 1.99 2.0	2300HU 1.99 2.0	2300HU 1.99 1.82
2300HV 6.1 2.04	2300HV 6.1 5.39	2300HV 6.1 5.39	2300HV 6.1 3.15
2300HW 5.05 5.61	2300HW 5.05 4.97	2300HW 5.05 4.97	2300HW 5.05 4.14
2300HX 5.45 12.78	2300HX 5.45 5.48	2300HX 5.45 5.48	2300HX 5.45 5.72
2300HZ 2.86 1.36	2300HZ 2.86 2.85	2300HZ 2.86 2.85	2300HZ 2.86 2.27
2300I1 3.76 2.99	2300I1 3.76 3.15	2300I1 3.76 3.15	2300I1 3.76 3.15
2300I2 2.29 4.35	2300I2 2.29 2.28	2300I2 2.29 2.28	2300I2 2.29 2.96
2300I3 3.41 4.14	2300I3 3.41 3.41	2300I3 3.41 3.41	2300I3 3.41 3.41
2300I5 8.63 7.62	2300I5 8.63 8.26	2300I5 8.63 8.26	2300I5 8.63 8.01
2300I6 7.35 6.31	2300I6 7.35 6.64	2300I6 7.35 6.64	2300I6 7.35 6.22
2300I8 5.27 14.05	2300I8 5.27 5.26	2300I8 5.27 5.26	2300I8 5.27 5.35
2300IA 2.06 1.99	2300IA 2.06 2.08	2300IA 2.06 2.08	2300IA 2.06 3.12
2300IC 6.07 4.1	2300IC 6.07 4.86	2300IC 6.07 4.86	2300IC 6.07 4.76
2300IE 5.04 4.05	2300IE 5.04 4.35	2300IE 5.04 4.35	2300IE 5.04 4.18
2300IG 5.2 5.57	2300IG 5.2 4.45	2300IG 5.2 4.45	2300IG 5.2 4.45
2300IH 0.11 0.59	2300IH 0.11 0.13	2300IH 0.11 0.13	2300IH 0.11 1.17
2300IJ 3.4 7.27	2300IJ 3.4 2.99	2300IJ 3.4 2.99	2300IJ 3.4 3.49
2300II 3.66 11.08	2300II 3.66 3.37	2300II 3.66 3.41	2300II 3.66 5.88
2300IL 2.62 0.94	2300IL 2.62 2.64	2300IL 2.62 2.64	2300IL 2.62 3.24
2300IM 4.79 1.52	2300IM 4.79 4.23	2300IM 4.79 4.23	2300IM 4.79 3.63
2300IN 1.24 3.94	2300IN 1.24 1.23	2300IN 1.24 1.23	2300IN 1.24 1.75
2300IO 4.31 5.43	2300IO 4.31 4.1	2300IO 4.31 4.1	2300IO 4.31 3.57
2300IR 6.54 3.19	2300IR 6.54 6.41	2300IR 6.54 6.41	2300IR 6.54 4.76
2300IV 1.95 2.08	2300IV 1.95 2.02	2300IV 1.95 2.02	2300IV 1.95 2.15
2300IU 3.79 3.56	2300IU 3.79 3.62	2300IU 3.79 3.62	2300IU 3.79 3.39
2300IW 4.04 3.78	2300IW 4.04 3.72	2300IW 4.04 3.72	2300IW 4.04 3.99
2300IY 3.82 3.89	2300IY 3.82 3.53	2300IY 3.82 3.82	2300IY 3.82 3.93
2300J0 5.66 5.43	2300J0 5.66 4.65	2300J0 5.66 4.65	2300J0 5.66 4.55
2300IZ 5.24 5.18	2300IZ 5.24 4.91	2300IZ 5.24 4.91	2300IZ 5.24 4.94
2300J1 6.29 5.88	2300J1 6.29 5.53	2300J1 6.29 5.53	2300J1 6.29 4.92
2300J2 1.85 2.51	2300J2 1.85 1.85	2300J2 1.85 1.85	2300J2 1.85 1.86
2300J4 0.51 3.61	2300J4 0.51 0.51	2300J4 0.51 0.51	2300J4 0.51 1.46
2300J5 1.29 5.47	2300J5 1.29 1.28	2300J5 1.29 1.28	2300J5 1.29 1.23
2300J8 2.63 4.06	2300J8 2.63 2.44	2300J8 2.63 2.44	2300J8 2.63 2.14
2300JA 2.87 2.03	2300JA 2.87 2.44	2300JA 2.87 2.44	2300JA 2.87 2.33
2300JD 13.18 11.45	2300JD 13.18 11.96	2300JD 13.18 11.96	2300JD 13.18 11.97
2300JE 4.67 4.9	2300JE 4.67 4.36	2300JE 4.67 4.36	2300JE 4.67 4.16
2300JF 4.15 4.27	2300JF 4.15 4.0	2300JF 4.15 4.0	2300JF 4.15 3.99
2300JH 2.46 1.42	2300JH 2.46 1.65	2300JH 2.46 1.65	2300JH 2.46 1.59
2300JG 2.84 1.37	2300JG 2.84 2.18	2300JG 2.84 2.18	2300JG 2.84 2.09
2300JI 3.85 7.02	2300JI 3.85 3.87	2300JI 3.85 3.84	2300JI 3.85 4.0
2300JK 2.0 2.61	2300JK 2.0 1.99	2300JK 2.0 1.99	2300JK 2.0 1.89
2300JL 4.11 3.69	2300JL 4.11 3.82	2300JL 4.11 3.82	2300JL 4.11 3.66
2300JM 5.33 7.13	2300JM 5.33 4.61	2300JM 5.33 4.61	2300JM 5.33 4.63
2300JP 6.96 5.74	2300JP 6.96 6.18	2300JP 6.96 6.18	2300JP 6.96 5.25
2300JQ 4.38 3.13	2300JQ 4.38 4.39	2300JQ 4.38 4.39	2300JQ 4.38 4.26
2300JR 2.07 0.9	2300JR 2.07 2.08	2300JR 2.07 2.08	2300JR 2.07 1.74
2300JS 0.0 0.0	2300JS 0.0 0.04	2300JS 0.0 0.04	2300JS 0.0 0.0
2300JT 6.66 5.91	2300JT 6.66 5.82	2300JT 6.66 5.82	2300JT 6.66 5.66
2300JV 4.36 3.11	2300JV 4.36 3.73	2300JV 4.36 3.73	2300JV 4.36 3.65
2300JW 3.89 4.29	2300JW 3.89 3.49	2300JW 3.89 3.49	2300JW 3.89 3.43
2300K0 1.89 2.0	2300K0 1.89 1.85	2300K0 1.89 1.85	2300K0 1.89 1.95
2300K1 4.14 6.74	2300K1 4.14 3.64	2300K1 4.14 3.64	2300K1 4.14 3.31
2300JZ 3.35 4.75	2300JZ 3.35 3.37	2300JZ 3.35 3.37	2300JZ 3.35 1.99
2300K3 3.27 3.92	2300K3 3.27 3.28	2300K3 3.27 3.28	2300K3 3.27 3.34
2300K5 5.16 2.68	2300K5 5.16 4.41	2300K5 5.16 4.41	2300K5 5.16 4.07
2300K8 1.87 3.25	2300K8 1.87 1.87	2300K8 1.87 1.89	2300K8 1.87 2.99
2300KA 4.23 3.76	2300KA 4.23 3.97	2300KA 4.23 3.97	2300KA 4.23 3.78
2300KC 3.12 3.61	2300KC 3.12 2.94	2300KC 3.12 2.94	2300KC 3.12 2.9
2300KE 4.37 6.64	2300KE 4.37 3.87	2300KE 4.37 3.87	2300KE 4.37 3.67
2300KF 8.68 7.76	2300KF 8.68 8.3	2300KF 8.68 8.3	2300KF 8.68 8.12
2300KG 8.1 17.77	2300KG 8.1 7.78	2300KG 8.1 7.78	2300KG 8.1 7.85
2300KH 7.48 18.06	2300KH 7.48 7.47	2300KH 7.48 7.47	2300KH 7.48 7.87
2300KI 3.03 3.06	2300KI 3.03 2.87	2300KI 3.03 2.87	2300KI 3.03 2.9
2300KL 9.57 3.69	2300KL 9.57 8.04	2300KL 9.57 8.04	2300KL 9.57 7.88
2300KM 5.71 7.04	2300KM 5.71 5.08	2300KM 5.71 5.08	2300KM 5.71 4.93
2300KN 22.61 22.39	2300KN 22.61 20.76	2300KN 22.61 20.76	2300KN 22.61 20.42
2300KP 8.88 4.84	2300KP 8.88 7.56	2300KP 8.88 7.56	2300KP 8.88 7.37
2300KQ 2.69 3.72	2300KQ 2.69 2.55	2300KQ 2.69 2.55	2300KQ 2.69 2.04
2300KR 4.25 2.42	2300KR 4.25 3.47	2300KR 4.25 3.47	2300KR 4.25 3.22
2300KS 2.64 3.88	2300KS 2.64 2.64	2300KS 2.64 2.64	2300KS 2.64 2.16
2300KT 6.72 5.77	2300KT 6.72 6.39	2300KT 6.72 6.39	2300KT 6.72 6.81
2300KV 5.79 5.21	2300KV 5.79 4.49	2300KV 5.79 4.49	2300KV 5.79 4.94
2300KW 5.85 5.41	2300KW 5.85 4.7	2300KW 5.85 4.7	2300KW 5.85 4.56
2300KY 5.26 8.43	2300KY 5.26 5.3	2300KY 5.26 5.28	2300KY 5.26 5.7
2300KZ 9.51 6.96	2300KZ 9.51 8.21	2300KZ 9.51 8.21	2300KZ 9.51 5.55
2300L2 2.67 2.66	2300L2 2.67 2.72	2300L2 2.67 2.72	2300L2 2.67 2.66
2300L4 2.09 2.47	2300L4 2.09 2.02	2300L4 2.09 2.1	2300L4 2.09 2.85
2300L6 2.08 5.41	2300L6 2.08 2.04	2300L6 2.08 2.04	2300L6 2.08 1.89
2300L7 6.41 7.66	2300L7 6.41 5.47	2300L7 6.41 5.47	2300L7 6.41 5.47
2300L9 1.1 1.35	2300L9 1.1 1.09	2300L9 1.1 1.09	2300L9 1.1 1.96
2300LB 2.11 2.21	2300LB 2.11 2.05	2300LB 2.11 2.05	2300LB 2.11 1.99
2300LD 7.82 5.86	2300LD 7.82 6.64	2300LD 7.82 6.64	2300LD 7.82 6.49
2300LK 6.73 5.76	2300LK 6.73 5.71	2300LK 6.73 5.71	2300LK 6.73 5.6
2300LL 5.81 3.83	2300LL 5.81 5.25	2300LL 5.81 5.25	2300LL 5.81 5.15
2300LP 3.7 0.74	2300LP 3.7 3.37	2300LP 3.7 3.37	2300LP 3.7 3.14
2300LQ 5.33 4.55	2300LQ 5.33 4.69	2300LQ 5.33 4.69	2300LQ 5.33 4.74
2300LS 4.29 7.32	2300LS 4.29 4.29	2300LS 4.29 4.29	2300LS 4.29 4.2
2300LU 9.54 6.52	2300LU 9.54 7.91	2300LU 9.54 7.91	2300LU 9.54 7.09
2300LV 3.36 7.86	2300LV 3.36 3.36	2300LV 3.36 3.35	2300LV 3.36 3.04
2300LW 7.06 3.46	2300LW 7.06 6.63	2300LW 7.06 6.63	2300LW 7.06 7.1
2300LZ 4.9 3.69	2300LZ 4.9 4.91	2300LZ 4.9 4.91	2300LZ 4.9 7.57
2300M2 4.36 3.34	2300M2 4.36 3.91	2300M2 4.36 3.91	2300M2 4.36 3.81
2300M4 1.5 0.58	2300M4 1.5 1.51	2300M4 1.5 1.51	2300M4 1.5 1.76
2300M3 4.51 4.61	2300M3 4.51 4.32	2300M3 4.51 4.32	2300M3 4.51 4.62
2300M5 5.04 6.1	2300M5 5.04 4.6	2300M5 5.04 4.6	2300M5 5.04 4.68
2300M7 2.41 1.12	2300M7 2.41 2.2	2300M7 2.41 2.2	2300M7 2.41 1.37
2300M6 3.76 3.67	2300M6 3.76 3.57	2300M6 3.76 3.57	2300M6 3.76 3.45
2300M8 4.8 5.0	2300M8 4.8 4.55	2300M8 4.8 4.55	2300M8 4.8 4.64
2300M9 3.53 6.9	2300M9 3.53 3.54	2300M9 3.53 3.54	2300M9 3.53 3.57
2300MA 7.0 6.54	2300MA 7.0 6.07	2300MA 7.0 6.07	2300MA 7.0 4.74
2300MD 6.43 2.99	2300MD 6.43 5.54	2300MD 6.43 5.54	2300MD 6.43 5.57
2300ME 7.62 6.79	2300ME 7.62 6.93	2300ME 7.62 6.93	2300ME 7.62 6.98
2300MG 5.79 5.74	2300MG 5.79 5.46	2300MG 5.79 5.46	2300MG 5.79 5.05
2300MF 2.61 4.5	2300MF 2.61 2.62	2300MF 2.61 2.62	2300MF 2.61 2.66
2300MH 4.56 4.36	2300MH 4.56 4.05	2300MH 4.56 4.05	2300MH 4.56 4.38
2300MK 3.03 2.92	2300MK 3.03 3.03	2300MK 3.03 3.03	2300MK 3.03 2.92
2300ML 7.11 4.84	2300ML 7.11 6.36	2300ML 7.11 6.36	2300ML 7.11 6.3
2300MM 5.12 8.14	2300MM 5.12 5.09	2300MM 5.12 5.09	2300MM 5.12 5.73
2300MP 7.22 4.98	2300MP 7.22 6.15	2300MP 7.22 6.15	2300MP 7.22 6.85
2300MS 3.29 3.69	2300MS 3.29 2.9	2300MS 3.29 2.9	2300MS 3.29 3.17
2300MT 1.25 2.79	2300MT 1.25 1.26	2300MT 1.25 1.26	2300MT 1.25 1.93
2300MU 5.52 6.19	2300MU 5.52 5.52	2300MU 5.52 5.52	2300MU 5.52 5.35
2300MV 10.92 6.0	2300MV 10.92 9.37	2300MV 10.92 9.37	2300MV 10.92 9.18
2300MX 7.79 5.67	2300MX 7.79 6.33	2300MX 7.79 6.33	2300MX 7.79 6.21
2300MW 6.81 7.39	2300MW 6.81 5.96	2300MW 6.81 5.96	2300MW 6.81 5.97
2300MZ 2.58 2.02	2300MZ 2.58 2.56	2300MZ 2.58 2.56	2300MZ 2.58 2.35
2300N0 8.67 9.37	2300N0 8.67 7.42	2300N0 8.67 7.42	2300N0 8.67 7.32
2300N1 4.01 0.94	2300N1 4.01 4.0	2300N1 4.01 4.0	2300N1 4.01 2.96
2300N2 6.05 3.07	2300N2 6.05 5.04	2300N2 6.05 5.71	2300N2 6.05 5.01
2300N3 2.97 3.45	2300N3 2.97 2.64	2300N3 2.97 2.64	2300N3 2.97 2.77
2300N5 0.14 0.44	2300N5 0.14 0.14	2300N5 0.14 0.14	2300N5 0.14 0.49
2300N8 6.68 6.54	2300N8 6.68 6.06	2300N8 6.68 6.06	2300N8 6.68 6.0
2300N4 17.22 20.03	2300N4 17.22 14.09	2300N4 17.22 14.09	2300N4 17.22 14.64
2300N9 2.79 2.98	2300N9 2.79 2.75	2300N9 2.79 2.75	2300N9 2.79 2.79
2300NA 7.85 8.32	2300NA 7.85 7.86	2300NA 7.85 7.86	2300NA 7.85 8.2
2300NF 8.16 6.47	2300NF 8.16 6.47	2300NF 8.16 6.47	2300NF 8.16 6.49
2300NE 7.63 6.21	2300NE 7.63 6.09	2300NE 7.63 6.09	2300NE 7.63 6.05
2300NH 1.36 4.97	2300NH 1.36 1.37	2300NH 1.36 1.37	2300NH 1.36 1.59
2300NI 4.63 5.21	2300NI 4.63 4.34	2300NI 4.63 4.34	2300NI 4.63 3.83
2300NJ 6.41 2.01	2300NJ 6.41 5.37	2300NJ 6.41 5.37	2300NJ 6.41 5.4
2300NK 3.73 4.43	2300NK 3.73 3.75	2300NK 3.73 3.75	2300NK 3.73 3.37
2300NL 6.87 5.07	2300NL 6.87 6.25	2300NL 6.87 6.25	2300NL 6.87 6.55
2300NM 10.97 19.56	2300NM 10.97 10.67	2300NM 10.97 10.67	2300NM 10.97 10.34
2300NO 6.73 7.83	2300NO 6.73 6.6	2300NO 6.73 6.6	2300NO 6.73 6.53
2300NT 10.22 10.6	2300NT 10.22 8.52	2300NT 10.22 8.52	2300NT 10.22 9.79
2300NV 5.51 5.16	2300NV 5.51 4.33	2300NV 5.51 4.33	2300NV 5.51 4.35
2300NU 4.45 5.4	2300NU 4.45 3.96	2300NU 4.45 3.96	2300NU 4.45 4.17
2300NX 8.02 9.22	2300NX 8.02 7.05	2300NX 8.02 7.05	2300NX 8.02 7.62
2300NY 2.55 0.71	2300NY 2.55 2.1	2300NY 2.55 2.1	2300NY 2.55 1.92
2300NZ 2.64 2.76	2300NZ 2.64 2.32	2300NZ 2.64 2.32	2300NZ 2.64 2.28
2300O0 5.55 6.53	2300O0 5.55 5.41	2300O0 5.55 5.41	2300O0 5.55 4.83
2300O1 6.61 7.23	2300O1 6.61 5.97	2300O1 6.61 5.97	2300O1 6.61 5.96
2300O2 9.22 4.42	2300O2 9.22 8.51	2300O2 9.22 7.8	2300O2 9.22 6.22
2300O3 7.04 4.09	2300O3 7.04 7.05	2300O3 7.04 7.05	2300O3 7.04 5.39
2300O4 12.62 11.2	2300O4 12.62 10.86	2300O4 12.62 10.86	2300O4 12.62 9.19
2300O5 12.22 1.8	2300O5 12.22 10.13	2300O5 12.22 10.13	2300O5 12.22 6.85
2300O6 1.55 3.48	2300O6 1.55 1.55	2300O6 1.55 1.55	2300O6 1.55 1.62
2300O7 2.75 2.46	2300O7 2.75 2.75	2300O7 2.75 2.69	2300O7 2.75 3.16
2300O8 4.49 3.53	2300O8 4.49 4.03	2300O8 4.49 4.03	2300O8 4.49 3.92
2300O9 6.45 4.16	2300O9 6.45 5.4	2300O9 6.45 5.4	2300O9 6.45 5.46
2300OA 1.42 1.49	2300OA 1.42 1.42	2300OA 1.42 1.42	2300OA 1.42 1.51
2300OC 5.74 3.28	2300OC 5.74 5.74	2300OC 5.74 5.74	2300OC 5.74 5.71
2300OF 0.91 0.38	2300OF 0.91 0.91	2300OF 0.91 0.91	2300OF 0.91 0.91
2300OG 8.62 5.2	2300OG 8.62 7.45	2300OG 8.62 7.45	2300OG 8.62 6.48
2300OH 3.94 3.59	2300OH 3.94 3.3	2300OH 3.94 3.3	2300OH 3.94 3.04
2300OJ 3.37 3.95	2300OJ 3.37 2.87	2300OJ 3.37 2.87	2300OJ 3.37 2.54
2300OL 1.96 2.08	2300OL 1.96 1.78	2300OL 1.96 1.78	2300OL 1.96 1.63
2300OK 12.17 14.74	2300OK 12.17 10.07	2300OK 12.17 10.07	2300OK 12.17 10.16
2300ON 2.17 1.75	2300ON 2.17 1.91	2300ON 2.17 1.91	2300ON 2.17 1.93
2300OO 5.22 5.48	2300OO 5.22 4.54	2300OO 5.22 4.54	2300OO 5.22 4.52
2300OP 3.45 2.47	2300OP 3.45 3.43	2300OP 3.45 3.43	2300OP 3.45 3.38
2300OT 6.34 5.64	2300OT 6.34 5.64	2300OT 6.34 5.64	2300OT 6.34 5.64
2300OU 3.18 5.41	2300OU 3.18 3.12	2300OU 3.18 3.12	2300OU 3.18 2.76
2300OW 2.09 1.94	2300OW 2.09 1.96	2300OW 2.09 1.96	2300OW 2.09 1.99
2300OV 1.69 2.31	2300OV 1.69 1.7	2300OV 1.69 1.7	2300OV 1.69 1.86
2300OX 4.26 1.84	2300OX 4.26 3.85	2300OX 4.26 3.85	2300OX 4.26 2.87
2300OZ 3.72 3.31	2300OZ 3.72 3.6	2300OZ 3.72 3.6	2300OZ 3.72 3.51
2300P0 5.05 2.06	2300P0 5.05 4.86	2300P0 5.05 4.86	2300P0 5.05 3.72
2300P1 2.44 2.88	2300P1 2.44 2.34	2300P1 2.44 2.34	2300P1 2.44 3.12
2300P2 3.85 6.88	2300P2 3.85 3.65	2300P2 3.85 3.65	2300P2 3.85 3.82
2300P5 7.09 5.89	2300P5 7.09 6.48	2300P5 7.09 6.48	2300P5 7.09 6.37
2300P6 33.83 31.42	2300P6 33.83 28.97	2300P6 33.83 29.09	2300P6 33.83 29.55
2300P8 9.55 4.08	2300P8 9.55 8.35	2300P8 9.55 8.35	2300P8 9.55 7.75
2300PA 1.06 2.86	2300PA 1.06 1.06	2300PA 1.06 1.06	2300PA 1.06 2.83
2300PC 1.56 3.23	2300PC 1.56 1.57	2300PC 1.56 1.57	2300PC 1.56 1.69
2300PD 5.34 3.91	2300PD 5.34 5.0	2300PD 5.34 5.0	2300PD 5.34 4.07
2300PF 6.26 7.58	2300PF 6.26 5.84	2300PF 6.26 5.84	2300PF 6.26 5.92
2300PG 7.81 6.77	2300PG 7.81 6.64	2300PG 7.81 6.64	2300PG 7.81 6.12
2300PI 4.4 4.38	2300PI 4.4 4.37	2300PI 4.4 4.37	2300PI 4.4 4.19
2300PK 5.63 6.65	2300PK 5.63 5.11	2300PK 5.63 5.11	2300PK 5.63 4.77
2300PL 9.25 6.59	2300PL 9.25 7.29	2300PL 9.25 7.29	2300PL 9.25 7.19
2300PM 8.2 5.87	2300PM 8.2 7.31	2300PM 8.2 7.31	2300PM 8.2 7.31
2300PO 7.0 6.43	2300PO 7.0 5.92	2300PO 7.0 5.92	2300PO 7.0 5.92
2300PP 2.82 2.06	2300PP 2.82 2.46	2300PP 2.82 2.46	2300PP 2.82 1.54
2300PQ 3.09 4.87	2300PQ 3.09 3.1	2300PQ 3.09 3.1	2300PQ 3.09 3.44
2300PR 10.98 8.15	2300PR 10.98 9.96	2300PR 10.98 9.96	2300PR 10.98 8.55
2300PS 3.55 3.09	2300PS 3.55 2.98	2300PS 3.55 2.98	2300PS 3.55 2.94
2300PT 4.9 9.0	2300PT 4.9 4.92	2300PT 4.9 4.92	2300PT 4.9 4.72
2300PV 4.0 3.69	2300PV 4.0 3.89	2300PV 4.0 3.89	2300PV 4.0 2.04
2300PW 3.79 4.39	2300PW 3.79 3.49	2300PW 3.79 3.49	2300PW 3.79 3.52
2300PX 4.1 1.89	2300PX 4.1 3.98	2300PX 4.1 3.98	2300PX 4.1 4.17
2300PY 4.26 4.99	2300PY 4.26 4.09	2300PY 4.26 4.09	2300PY 4.26 4.1
2300PZ 2.55 1.79	2300PZ 2.55 2.14	2300PZ 2.55 2.14	2300PZ 2.55 2.13
2300Q0 5.55 5.08	2300Q0 5.55 4.91	2300Q0 5.55 4.91	2300Q0 5.55 4.73
2300Q5 5.19 3.26	2300Q5 5.19 4.63	2300Q5 5.19 4.63	2300Q5 5.19 2.77
2300Q8 5.06 4.29	2300Q8 5.06 4.44	2300Q8 5.06 4.44	2300Q8 5.06 4.46
2300Q9 3.84 8.17	2300Q9 3.84 3.73	2300Q9 3.84 3.73	2300Q9 3.84 3.21
2300QB 3.02 3.83	2300QB 3.02 2.62	2300QB 3.02 2.62	2300QB 3.02 2.11
2300QA 2.92 4.01	2300QA 2.92 2.68	2300QA 2.92 2.68	2300QA 2.92 2.94
2300QE 5.77 5.22	2300QE 5.77 4.78	2300QE 5.77 4.78	2300QE 5.77 4.94
2300QD 4.91 5.49	2300QD 4.91 4.9	2300QD 4.91 4.9	2300QD 4.91 5.06
2300QF 4.61 4.84	2300QF 4.61 4.61	2300QF 4.61 4.61	2300QF 4.61 4.62
2300QG 5.4 4.53	2300QG 5.4 4.5	2300QG 5.4 4.5	2300QG 5.4 4.46
2300QI 1.77 1.67	2300QI 1.77 1.74	2300QI 1.77 1.74	2300QI 1.77 2.32
2300QK 5.21 4.48	2300QK 5.21 4.57	2300QK 5.21 4.57	2300QK 5.21 4.63
2300QL 6.8 5.02	2300QL 6.8 6.22	2300QL 6.8 6.22	2300QL 6.8 5.73
2300QO 3.84 2.49	2300QO 3.84 3.84	2300QO 3.84 3.84	2300QO 3.84 4.08
2300QN 4.39 3.18	2300QN 4.39 4.0	2300QN 4.39 4.0	2300QN 4.39 4.83
2300QP 1.56 3.6	2300QP 1.56 1.53	2300QP 1.56 1.53	2300QP 1.56 1.48
2300QT 1.34 3.21	2300QT 1.34 3.21	2300QT 1.34 3.21	2300QT 1.34 3.21
2300QS 3.37 5.73	2300QS 3.37 3.38	2300QS 3.37 3.38	2300QS 3.37 5.84
2300QU 2.5 2.38	2300QU 2.5 2.37	2300QU 2.5 2.37	2300QU 2.5 2.36
2300QX 2.72 1.97	2300QX 2.72 2.72	2300QX 2.72 2.72	2300QX 2.72 2.42
2300QY 7.71 8.17	2300QY 7.71 7.31	2300QY 7.71 7.31	2300QY 7.71 7.31
2300QZ 3.52 3.99	2300QZ 3.52 3.39	2300QZ 3.52 3.39	2300QZ 3.52 3.37
2300R1 5.26 2.85	2300R1 5.26 4.54	2300R1 5.26 4.54	2300R1 5.26 4.5
2300R2 6.97 6.57	2300R2 6.97 6.17	2300R2 6.97 6.17	2300R2 6.97 5.97
2300R3 4.05 4.07	2300R3 4.05 3.66	2300R3 4.05 3.66	2300R3 4.05 3.65
2300R5 6.12 7.83	2300R5 6.12 5.62	2300R5 6.12 5.62	2300R5 6.12 5.68
2300R6 5.75 20.32	2300R6 5.75 5.76	2300R6 5.75 5.76	2300R6 5.75 6.03
2300R7 4.86 5.02	2300R7 4.86 4.5	2300R7 4.86 4.5	2300R7 4.86 4.54
2300R8 5.21 4.88	2300R8 5.21 4.47	2300R8 5.21 4.47	2300R8 5.21 4.35
2300R9 3.71 1.82	2300R9 3.71 3.69	2300R9 3.71 3.69	2300R9 3.71 2.97
2300RB 5.02 6.1	2300RB 5.02 4.09	2300RB 5.02 4.09	2300RB 5.02 4.35
2300RA 6.02 6.84	2300RA 6.02 5.39	2300RA 6.02 5.39	2300RA 6.02 5.26
2300RE 3.63 3.16	2300RE 3.63 3.62	2300RE 3.63 3.62	2300RE 3.63 1.97
2300RF 3.71 4.43	2300RF 3.71 3.71	2300RF 3.71 3.71	2300RF 3.71 3.75
2300RG 4.64 4.6	2300RG 4.64 3.94	2300RG 4.64 3.94	2300RG 4.64 3.82
2300RI 3.1 2.52	2300RI 3.1 3.1	2300RI 3.1 3.1	2300RI 3.1 1.95
2300RJ 8.81 6.57	2300RJ 8.81 7.13	2300RJ 8.81 7.13	2300RJ 8.81 4.07
2300RL 2.37 2.55	2300RL 2.37 2.38	2300RL 2.37 2.38	2300RL 2.37 2.35
2300RM 22.97 22.39	2300RM 22.97 20.08	2300RM 22.97 20.08	2300RM 22.97 20.04
2300RN 6.27 5.53	2300RN 6.27 5.46	2300RN 6.27 5.46	2300RN 6.27 5.48
2300RO 3.74 3.42	2300RO 3.74 3.74	2300RO 3.74 3.74	2300RO 3.74 3.68
2300RR 7.29 6.53	2300RR 7.29 7.26	2300RR 7.29 7.26	2300RR 7.29 6.67
2300RS 0.89 2.95	2300RS 0.89 0.89	2300RS 0.89 0.89	2300RS 0.89 1.82
2300RY 0.41 3.95	2300RY 0.41 0.42	2300RY 0.41 0.42	2300RY 0.41 1.87
2300RZ 8.77 6.11	2300RZ 8.77 7.7	2300RZ 8.77 7.7	2300RZ 8.77 6.85
2300S1 2.62 5.48	2300S1 2.62 2.63	2300S1 2.62 2.63	2300S1 2.62 3.55
2300S4 6.31 4.88	2300S4 6.31 5.69	2300S4 6.31 5.69	2300S4 6.31 5.37
2300S7 2.08 2.39	2300S7 2.08 2.08	2300S7 2.08 2.08	2300S7 2.08 2.04
2300S8 12.03 13.14	2300S8 12.03 10.22	2300S8 12.03 10.22	2300S8 12.03 10.21
2300S9 5.87 3.46	2300S9 5.87 5.31	2300S9 5.87 5.31	2300S9 5.87 4.85
2300SB 2.99 0.87	2300SB 2.99 2.99	2300SB 2.99 2.99	2300SB 2.99 2.87
2300SC 3.58 3.63	2300SC 3.58 3.03	2300SC 3.58 3.03	2300SC 3.58 3.66
2300SE 5.86 1.12	2300SE 5.86 5.07	2300SE 5.86 5.07	2300SE 5.86 4.65
2300SD 6.18 1.75	2300SD 6.18 5.7	2300SD 6.18 5.7	2300SD 6.18 5.01
2300SF 3.62 7.08	2300SF 3.62 3.65	2300SF 3.62 3.65	2300SF 3.62 4.46
2300SH 7.14 6.16	2300SH 7.14 7.15	2300SH 7.14 7.15	2300SH 7.14 9.36
2300SI 2.37 5.41	2300SI 2.37 2.35	2300SI 2.37 2.35	2300SI 2.37 2.98
2300SJ 2.62 2.19	2300SJ 2.62 2.63	2300SJ 2.62 2.63	2300SJ 2.62 2.27
2300SL 1.76 1.55	2300SL 1.76 1.74	2300SL 1.76 1.74	2300SL 1.76 1.53
2300SM 5.52 5.78	2300SM 5.52 5.34	2300SM 5.52 5.34	2300SM 5.52 5.33
2300SP 5.33 4.64	2300SP 5.33 4.7	2300SP 5.33 4.7	2300SP 5.33 4.66
2300SS 4.21 3.75	2300SS 4.21 3.77	2300SS 4.21 3.77	2300SS 4.21 3.86
2300SU 6.32 5.65	2300SU 6.32 6.11	2300SU 6.32 6.11	2300SU 6.32 5.79
2300SV 8.11 3.15	2300SV 8.11 6.84	2300SV 8.11 6.84	2300SV 8.11 6.51
2300SX 3.95 3.8	2300SX 3.95 3.85	2300SX 3.95 3.85	2300SX 3.95 4.03
2300SY 1.95 2.6	2300SY 1.95 2.09	2300SY 1.95 2.09	2300SY 1.95 1.79
2300SZ 5.66 6.58	2300SZ 5.66 4.9	2300SZ 5.66 4.9	2300SZ 5.66 4.85
2300T1 5.08 3.99	2300T1 5.08 4.37	2300T1 5.08 4.37	2300T1 5.08 2.78
2300T4 7.3 8.48	2300T4 7.3 7.07	2300T4 7.3 7.07	2300T4 7.3 7.28
2300T5 3.16 5.24	2300T5 3.16 3.19	2300T5 3.16 3.19	2300T5 3.16 3.28
2300T8 2.56 3.94	2300T8 2.56 2.29	2300T8 2.56 2.29	2300T8 2.56 2.89
2300T9 1.55 2.87	2300T9 1.55 1.55	2300T9 1.55 1.55	2300T9 1.55 1.56
2300TD 1.64 2.06	2300TD 1.64 1.48	2300TD 1.64 1.48	2300TD 1.64 1.61
2300TF 3.72 4.25	2300TF 3.72 3.71	2300TF 3.72 3.73	2300TF 3.72 3.77
2300TH 4.63 4.31	2300TH 4.63 4.29	2300TH 4.63 4.29	2300TH 4.63 4.1
2300TI 3.09 7.27	2300TI 3.09 2.75	2300TI 3.09 2.75	2300TI 3.09 2.63
2300TJ 2.8 4.23	2300TJ 2.8 2.8	2300TJ 2.8 2.8	2300TJ 2.8 2.83
2300TK 9.09 7.05	2300TK 9.09 7.4	2300TK 9.09 7.4	2300TK 9.09 7.37
2300TL 3.37 5.16	2300TL 3.37 3.38	2300TL 3.37 3.38	2300TL 3.37 4.17
2300TM 0.82 0.43	2300TM 0.82 0.82	2300TM 0.82 0.82	2300TM 0.82 0.96
2300TN 4.6 7.1	2300TN 4.6 4.21	2300TN 4.6 4.21	2300TN 4.6 4.34
2300TO 1.21 1.05	2300TO 1.21 1.2	2300TO 1.21 1.2	2300TO 1.21 1.47
2300TQ 1.03 8.3	2300TQ 1.03 1.04	2300TQ 1.03 1.04	2300TQ 1.03 0.7
2300TT 3.54 4.32	2300TT 3.54 3.44	2300TT 3.54 3.44	2300TT 3.54 3.38
2300TV 2.63 2.58	2300TV 2.63 2.56	2300TV 2.63 2.56	2300TV 2.63 1.77
2300TW 1.64 1.21	2300TW 1.64 1.54	2300TW 1.64 1.54	2300TW 1.64 1.48
2300TX 1.1 1.75	2300TX 1.1 1.11	2300TX 1.1 1.1	2300TX 1.1 0.56
2300TY 1.74 2.48	2300TY 1.74 1.65	2300TY 1.74 1.65	2300TY 1.74 1.8
2300TZ 4.49 7.41	2300TZ 4.49 4.51	2300TZ 4.49 4.51	2300TZ 4.49 5.43
2300U0 6.84 4.53	2300U0 6.84 5.91	2300U0 6.84 5.91	2300U0 6.84 6.73
2300U2 2.68 6.8	2300U2 2.68 2.51	2300U2 2.68 2.51	2300U2 2.68 2.56
2300U3 1.09 2.17	2300U3 1.09 1.09	2300U3 1.09 1.09	2300U3 1.09 1.9
2300U4 5.4 5.9	2300U4 5.4 5.03	2300U4 5.4 5.03	2300U4 5.4 4.94
2300U6 2.56 2.31	2300U6 2.56 2.75	2300U6 2.56 2.75	2300U6 2.56 3.47
2300U8 7.67 6.34	2300U8 7.67 7.13	2300U8 7.67 7.13	2300U8 7.67 7.03
2300U9 2.19 2.22	2300U9 2.19 2.18	2300U9 2.19 2.18	2300U9 2.19 2.19
2300UB 10.97 6.77	2300UB 10.97 9.23	2300UB 10.97 9.23	2300UB 10.97 4.91
2300UE 2.56 2.53	2300UE 2.56 2.3	2300UE 2.56 2.3	2300UE 2.56 2.33
2300UH 4.09 2.66	2300UH 4.09 3.71	2300UH 4.09 3.71	2300UH 4.09 3.83
2300UK 3.82 3.1	2300UK 3.82 3.11	2300UK 3.82 3.11	2300UK 3.82 3.13
2300UN 4.99 4.26	2300UN 4.99 4.89	2300UN 4.99 4.89	2300UN 4.99 4.75
2300UR 6.32 7.64	2300UR 6.32 7.64	2300UR 6.32 7.64	2300UR 6.32 7.64
2300UQ 6.77 5.35	2300UQ 6.77 6.75	2300UQ 6.77 6.75	2300UQ 6.77 6.52
2300US 3.94 3.98	2300US 3.94 3.81	2300US 3.94 3.81	2300US 3.94 3.79
2300UU 3.71 2.86	2300UU 3.71 3.73	2300UU 3.71 3.73	2300UU 3.71 4.19
2300UV 2.74 3.98	2300UV 2.74 2.73	2300UV 2.74 2.73	2300UV 2.74 3.15
2300UW 1.79 2.35	2300UW 1.79 1.77	2300UW 1.79 1.77	2300UW 1.79 1.81
2300UY 1.34 1.22	2300UY 1.34 1.34	2300UY 1.34 1.34	2300UY 1.34 1.8
2300UX 8.37 8.08	2300UX 8.37 7.35	2300UX 8.37 7.35	2300UX 8.37 7.22
2300V0 1.74 2.05	2300V0 1.74 1.73	2300V0 1.74 1.73	2300V0 1.74 1.95
2300V1 2.85 4.72	2300V1 2.85 2.74	2300V1 2.85 2.74	2300V1 2.85 1.85
2300V3 1.82 1.07	2300V3 1.82 1.78	2300V3 1.82 1.78	2300V3 1.82 1.68
2300V2 1.83 0.46	2300V2 1.83 1.8	2300V2 1.83 1.8	2300V2 1.83 1.33
2300V5 6.22 2.46	2300V5 6.22 6.23	2300V5 6.22 6.23	2300V5 6.22 5.07
2300V6 4.41 5.17	2300V6 4.41 4.12	2300V6 4.41 4.12	2300V6 4.41 4.04
2300V7 5.15 7.3	2300V7 5.15 4.66	2300V7 5.15 4.66	2300V7 5.15 5.07
2300V8 1.83 1.78	2300V8 1.83 1.68	2300V8 1.83 1.68	2300V8 1.83 1.66
2300VA 0.43 0.38	2300VA 0.43 0.44	2300VA 0.43 0.44	2300VA 0.43 0.15
2300V9 4.36 4.12	2300V9 4.36 3.95	2300V9 4.36 3.95	2300V9 4.36 3.9
2300VB 9.09 0.94	2300VB 9.09 9.11	2300VB 9.09 8.75	2300VB 9.09 6.54
2300VC 5.56 5.21	2300VC 5.56 5.21	2300VC 5.56 5.21	2300VC 5.56 5.21
2300VE 7.07 5.81	2300VE 7.07 6.37	2300VE 7.07 6.37	2300VE 7.07 6.31
2300VF 5.61 4.0	2300VF 5.61 5.05	2300VF 5.61 5.05	2300VF 5.61 4.53
2300VD 7.71 6.85	2300VD 7.71 7.73	2300VD 7.71 7.73	2300VD 7.71 6.25
2300VG 2.87 3.38	2300VG 2.87 2.88	2300VG 2.87 2.88	2300VG 2.87 2.49
2300VH 4.36 3.64	2300VH 4.36 3.47	2300VH 4.36 2.46	2300VH 4.36 2.65
2300VL 6.92 5.86	2300VL 6.92 6.9	2300VL 6.92 6.9	2300VL 6.92 5.85
2300VM 2.9 3.5	2300VM 2.9 2.84	2300VM 2.9 2.84	2300VM 2.9 2.92
2300VN 3.82 3.93	2300VN 3.82 3.84	2300VN 3.82 3.84	2300VN 3.82 2.85
2300VP 2.91 1.59	2300VP 2.91 2.78	2300VP 2.91 2.78	2300VP 2.91 2.75
2300VQ 7.06 6.29	2300VQ 7.06 6.22	2300VQ 7.06 6.22	2300VQ 7.06 6.27
2300VR 7.61 9.94	2300VR 7.61 6.75	2300VR 7.61 6.75	2300VR 7.61 6.75
2300VS 7.69 3.76	2300VS 7.69 6.84	2300VS 7.69 7.01	2300VS 7.69 7.06
2300VT 5.63 4.58	2300VT 5.63 5.63	2300VT 5.63 5.63	2300VT 5.63 5.67
2300VU 2.66 3.07	2300VU 2.66 2.62	2300VU 2.66 2.62	2300VU 2.66 2.51
2300VV 5.76 7.71	2300VV 5.76 5.47	2300VV 5.76 5.47	2300VV 5.76 5.06
2300VW 8.85 8.68	2300VW 8.85 7.76	2300VW 8.85 7.76	2300VW 8.85 7.72
2300VX 7.37 7.77	2300VX 7.37 6.84	2300VX 7.37 6.84	2300VX 7.37 6.23
2300VY 4.83 2.2	2300VY 4.83 4.83	2300VY 4.83 4.83	2300VY 4.83 4.31
2300VZ 5.59 3.92	2300VZ 5.59 4.67	2300VZ 5.59 4.67	2300VZ 5.59 4.88
2300W0 5.66 4.21	2300W0 5.66 5.32	2300W0 5.66 5.32	2300W0 5.66 5.54
2300W2 7.52 9.9	2300W2 7.52 7.43	2300W2 7.52 7.43	2300W2 7.52 7.39
2300W3 4.64 6.26	2300W3 4.64 3.79	2300W3 4.64 3.79	2300W3 4.64 3.71
2300W4 4.72 4.52	2300W4 4.72 4.18	2300W4 4.72 4.18	2300W4 4.72 4.04
2300W6 2.37 2.23	2300W6 2.37 2.31	2300W6 2.37 2.31	2300W6 2.37 2.88
2300W7 3.07 3.56	2300W7 3.07 2.83	2300W7 3.07 2.83	2300W7 3.07 3.16
2300WA 1.89 1.62	2300WA 1.89 1.67	2300WA 1.89 1.67	2300WA 1.89 1.95
2300WB 3.51 2.69	2300WB 3.51 2.98	2300WB 3.51 2.98	2300WB 3.51 2.7
2300W9 2.48 2.57	2300W9 2.48 2.04	2300W9 2.48 2.04	2300W9 2.48 2.24
2300W8 3.99 3.38	2300W8 3.99 3.7	2300W8 3.99 3.7	2300W8 3.99 3.11
2300WC 1.83 2.22	2300WC 1.83 1.82	2300WC 1.83 1.82	2300WC 1.83 1.8
2300WD 6.11 3.13	2300WD 6.11 5.36	2300WD 6.11 5.36	2300WD 6.11 7.46
2300WF 6.18 5.02	2300WF 6.18 5.65	2300WF 6.18 5.65	2300WF 6.18 5.58
2300WG 1.64 1.35	2300WG 1.64 1.64	2300WG 1.64 1.64	2300WG 1.64 1.13
2300WI 6.01 3.54	2300WI 6.01 4.98	2300WI 6.01 4.98	2300WI 6.01 4.38
2300WJ 10.41 7.31	2300WJ 10.41 8.99	2300WJ 10.41 8.99	2300WJ 10.41 8.36
2300WL 8.87 5.25	2300WL 8.87 8.48	2300WL 8.87 8.48	2300WL 8.87 7.12
2300WK 7.7 5.18	2300WK 7.7 7.7	2300WK 7.7 7.7	2300WK 7.7 6.91
2300WN 6.87 5.44	2300WN 6.87 6.39	2300WN 6.87 6.39	2300WN 6.87 6.36
2300WP 8.41 6.94	2300WP 8.41 6.76	2300WP 8.41 6.76	2300WP 8.41 6.73
2300WQ 1.59 3.83	2300WQ 1.59 1.58	2300WQ 1.59 1.58	2300WQ 1.59 1.7
2300WS 5.02 6.82	2300WS 5.02 4.88	2300WS 5.02 4.88	2300WS 5.02 4.86
2300WU 5.78 3.61	2300WU 5.78 5.48	2300WU 5.78 5.48	2300WU 5.78 6.04
2300WV 4.65 2.92	2300WV 4.65 3.9	2300WV 4.65 3.9	2300WV 4.65 3.8
2300WW 5.55 4.86	2300WW 5.55 5.46	2300WW 5.55 5.46	2300WW 5.55 4.03
2300WX 4.29 7.38	2300WX 4.29 3.91	2300WX 4.29 3.91	2300WX 4.29 4.04
2300WZ 2.81 3.5	2300WZ 2.81 2.8	2300WZ 2.81 2.8	2300WZ 2.81 2.73
2300X4 4.99 1.95	2300X4 4.99 4.99	2300X4 4.99 5.02	2300X4 4.99 2.61
2300X5 6.82 1.2	2300X5 6.82 5.79	2300X5 6.82 5.79	2300X5 6.82 4.18
2300X7 6.23 5.19	2300X7 6.23 6.24	2300X7 6.23 6.24	2300X7 6.23 7.79
2300X8 0.37 0.58	2300X8 0.37 0.36	2300X8 0.37 0.36	2300X8 0.37 0.43
2300X9 7.09 5.6	2300X9 7.09 7.12	2300X9 7.09 7.12	2300X9 7.09 6.08
2300XA 2.79 2.22	2300XA 2.79 2.77	2300XA 2.79 2.77	2300XA 2.79 3.07
2300XC 4.39 4.89	2300XC 4.39 3.59	2300XC 4.39 3.59	2300XC 4.39 3.7
2300XB 5.34 3.66	2300XB 5.34 4.43	2300XB 5.34 4.43	2300XB 5.34 4.76
2300XD 1.99 3.92	2300XD 1.99 2.1	2300XD 1.99 2.1	2300XD 1.99 1.59
2300XE 3.66 3.09	2300XE 3.66 3.27	2300XE 3.66 3.27	2300XE 3.66 3.25
2300XG 1.18 2.4	2300XG 1.18 1.48	2300XG 1.18 1.48	2300XG 1.18 1.95
2300XF 2.3 10.82	2300XF 2.3 2.29	2300XF 2.3 2.29	2300XF 2.3 5.02
2300XJ 5.02 5.2	2300XJ 5.02 4.37	2300XJ 5.02 4.37	2300XJ 5.02 4.32
2300XK 4.11 2.9	2300XK 4.11 3.37	2300XK 4.11 3.37	2300XK 4.11 3.18
2300XL 0.3 1.68	2300XL 0.3 0.23	2300XL 0.3 0.23	2300XL 0.3 0.54
2300XN 1.95 3.76	2300XN 1.95 1.81	2300XN 1.95 1.81	2300XN 1.95 1.73
2300XO 4.04 1.57	2300XO 4.04 3.37	2300XO 4.04 3.37	2300XO 4.04 3.32
2300XQ 7.99 3.96	2300XQ 7.99 6.74	2300XQ 7.99 6.74	2300XQ 7.99 6.33
2300XR 6.21 4.53	2300XR 6.21 5.11	2300XR 6.21 5.11	2300XR 6.21 5.12
2300XS 5.47 5.54	2300XS 5.47 4.7	2300XS 5.47 4.7	2300XS 5.47 4.35
2300XV 5.67 4.79	2300XV 5.67 5.68	2300XV 5.67 5.68	2300XV 5.67 5.76
2300XX 5.47 3.79	2300XX 5.47 4.89	2300XX 5.47 4.89	2300XX 5.47 4.79
2300XW 1.16 1.17	2300XW 1.16 1.16	2300XW 1.16 1.16	2300XW 1.16 0.23
2300Y0 5.68 4.97	2300Y0 5.68 5.35	2300Y0 5.68 5.35	2300Y0 5.68 4.86
2300Y1 7.83 7.41	2300Y1 7.83 6.8	2300Y1 7.83 6.8	2300Y1 7.83 6.78
2300Y3 2.85 4.71	2300Y3 2.85 2.83	2300Y3 2.85 2.83	2300Y3 2.85 2.34
2300Y7 0.93 0.64	2300Y7 0.93 0.82	2300Y7 0.93 0.82	2300Y7 0.93 0.81
2300Y8 2.97 2.64	2300Y8 2.97 2.52	2300Y8 2.97 2.52	2300Y8 2.97 2.48
2300Y9 7.0 4.83	2300Y9 7.0 6.17	2300Y9 7.0 6.17	2300Y9 7.0 6.35
2300YB 1.73 0.86	2300YB 1.73 1.66	2300YB 1.73 1.66	2300YB 1.73 1.54
2300YA 2.74 2.69	2300YA 2.74 2.74	2300YA 2.74 2.74	2300YA 2.74 2.76
2300YC 5.52 5.21	2300YC 5.52 4.83	2300YC 5.52 4.83	2300YC 5.52 5.23
2300YD 12.78 9.75	2300YD 12.78 10.07	2300YD 12.78 10.07	2300YD 12.78 10.2
2300YE 4.83 2.46	2300YE 4.83 4.84	2300YE 4.83 4.84	2300YE 4.83 5.08
2300YH 2.78 3.89	2300YH 2.78 2.77	2300YH 2.78 2.77	2300YH 2.78 2.74
2300YI 3.39 2.41	2300YI 3.39 3.15	2300YI 3.39 3.15	2300YI 3.39 2.8
2300YL 1.08 2.02	2300YL 1.08 1.08	2300YL 1.08 1.08	2300YL 1.08 1.49
2300YK 2.46 3.02	2300YK 2.46 2.48	2300YK 2.46 2.48	2300YK 2.46 2.15
2300YM 3.0 2.67	2300YM 3.0 2.79	2300YM 3.0 2.79	2300YM 3.0 0.99
2300YO 4.6 2.9	2300YO 4.6 3.66	2300YO 4.6 3.66	2300YO 4.6 3.56
2300YT 1.79 7.03	2300YT 1.79 1.5	2300YT 1.79 1.5	2300YT 1.79 2.19
2300YV 4.68 3.08	2300YV 4.68 4.39	2300YV 4.68 4.39	2300YV 4.68 3.89
2300YW 3.03 6.56	2300YW 3.03 3.01	2300YW 3.03 3.01	2300YW 3.03 2.9
2300YX 6.95 9.69	2300YX 6.95 5.96	2300YX 6.95 6.1	2300YX 6.95 5.69
2300YZ 5.24 2.45	2300YZ 5.24 4.67	2300YZ 5.24 4.67	2300YZ 5.24 4.83
2300YY 7.87 4.8	2300YY 7.87 7.87	2300YY 7.87 7.87	2300YY 7.87 4.49
2300Z0 2.96 3.23	2300Z0 2.96 2.61	2300Z0 2.96 2.61	2300Z0 2.96 2.36
2300Z2 2.39 1.06	2300Z2 2.39 2.12	2300Z2 2.39 2.12	2300Z2 2.39 1.83
2300Z1 1.76 3.97	2300Z1 1.76 1.64	2300Z1 1.76 1.64	2300Z1 1.76 1.9
2300Z4 4.51 5.02	2300Z4 4.51 4.52	2300Z4 4.51 4.52	2300Z4 4.51 3.69
2300Z3 4.44 7.31	2300Z3 4.44 4.44	2300Z3 4.44 4.44	2300Z3 4.44 4.62
2300Z5 1.64 4.88	2300Z5 1.64 1.64	2300Z5 1.64 1.67	2300Z5 1.64 4.01
2300Z7 4.53 1.86	2300Z7 4.53 4.41	2300Z7 4.53 4.41	2300Z7 4.53 2.62
2300ZA 3.83 5.15	2300ZA 3.83 3.5	2300ZA 3.83 3.46	2300ZA 3.83 3.07
2300Z9 2.79 1.5	2300Z9 2.79 2.78	2300Z9 2.79 2.78	2300Z9 2.79 4.11
2300ZB 5.83 3.24	2300ZB 5.83 5.11	2300ZB 5.83 5.11	2300ZB 5.83 4.96
2300ZC 7.75 4.98	2300ZC 7.75 7.76	2300ZC 7.75 7.73	2300ZC 7.75 5.31
2300ZF 3.09 3.28	2300ZF 3.09 2.96	2300ZF 3.09 2.96	2300ZF 3.09 2.84
2300ZG 2.4 2.16	2300ZG 2.4 2.22	2300ZG 2.4 2.22	2300ZG 2.4 2.1
2300ZI 2.57 1.83	2300ZI 2.57 2.21	2300ZI 2.57 2.21	2300ZI 2.57 2.23
2300ZK 2.02 0.72	2300ZK 2.02 2.03	2300ZK 2.02 2.03	2300ZK 2.02 1.86
2300ZL 4.99 1.01	2300ZL 4.99 4.29	2300ZL 4.99 4.29	2300ZL 4.99 3.88
2300ZM 1.63 0.49	2300ZM 1.63 1.56	2300ZM 1.63 1.56	2300ZM 1.63 0.98
2300ZP 3.55 3.47	2300ZP 3.55 3.45	2300ZP 3.55 3.45	2300ZP 3.55 3.63
2300ZQ 2.9 6.45	2300ZQ 2.9 2.46	2300ZQ 2.9 2.46	2300ZQ 2.9 2.47
2300ZR 6.28 4.96	2300ZR 6.28 5.19	2300ZR 6.28 5.19	2300ZR 6.28 5.35
2300ZS 2.02 2.62	2300ZS 2.02 1.73	2300ZS 2.02 1.73	2300ZS 2.02 1.08
2300ZT 5.17 5.8	2300ZT 5.17 4.46	2300ZT 5.17 4.46	2300ZT 5.17 4.73
2300ZU 5.93 6.35	2300ZU 5.93 5.25	2300ZU 5.93 5.25	2300ZU 5.93 5.61
2300ZV 5.46 3.86	2300ZV 5.46 5.43	2300ZV 5.46 5.43	2300ZV 5.46 4.82
2300ZW 4.52 1.38	2300ZW 4.52 3.72	2300ZW 4.52 3.72	2300ZW 4.52 3.01
2300ZX 6.71 3.1	2300ZX 6.71 6.28	2300ZX 6.71 6.28	2300ZX 6.71 6.24
2300ZY 5.37 4.52	2300ZY 5.37 4.95	2300ZY 5.37 4.95	2300ZY 5.37 4.97
2300ZZ 1.04 1.92	2300ZZ 1.04 1.35	2300ZZ 1.04 1.35	2300ZZ 1.04 1.36
230100 8.09 9.86	230100 8.09 8.01	230100 8.09 8.01	230100 8.09 8.14
230101 6.72 5.87	230101 6.72 6.26	230101 6.72 6.26	230101 6.72 6.34
230102 5.95 4.67	230102 5.95 5.19	230102 5.95 5.19	230102 5.95 5.08
230103 6.22 1.2	230103 6.22 5.47	230103 6.22 5.47	230103 6.22 4.31
230104 5.29 4.35	230104 5.29 4.71	230104 5.29 4.71	230104 5.29 4.52
230105 5.22 5.27	230105 5.22 5.21	230105 5.22 5.21	230105 5.22 5.91
230106 4.94 7.07	230106 4.94 4.92	230106 4.94 4.94	230106 4.94 6.25
230107 9.79 8.51	230107 9.79 8.21	230107 9.79 8.21	230107 9.79 7.15
230108 2.46 3.46	230108 2.46 2.46	230108 2.46 2.46	230108 2.46 2.52
23010A 2.91 2.1	23010A 2.91 2.6	23010A 2.91 2.6	23010A 2.91 2.75
230109 7.84 9.21	230109 7.84 7.85	230109 7.84 7.87	230109 7.84 6.66
23010B 9.72 8.63	23010B 9.72 7.8	23010B 9.72 7.8	23010B 9.72 7.63
23010C 10.16 8.25	23010C 10.16 9.12	23010C 10.16 9.12	23010C 10.16 9.01
23010D 5.95 3.6	23010D 5.95 5.42	23010D 5.95 5.42	23010D 5.95 4.22
23010E 4.44 4.7	23010E 4.44 4.09	23010E 4.44 4.09	23010E 4.44 3.94
23010F 4.44 6.37	23010F 4.44 4.19	23010F 4.44 4.19	23010F 4.44 4.79
23010G 6.5 0.77	23010G 6.5 6.02	23010G 6.5 6.02	23010G 6.5 5.92
23010H 4.11 5.64	23010H 4.11 4.11	23010H 4.11 4.11	23010H 4.11 3.42
23010I 5.44 3.48	23010I 5.44 5.41	23010I 5.44 5.49	23010I 5.44 4.73
23010K 3.85 2.46	23010K 3.85 3.73	23010K 3.85 3.73	23010K 3.85 3.57
23010L 6.85 6.76	23010L 6.85 5.76	23010L 6.85 5.76	23010L 6.85 6.26
23010M 1.47 1.57	23010M 1.47 1.46	23010M 1.47 1.46	23010M 1.47 1.37
23010O 7.61 7.39	23010O 7.61 7.15	23010O 7.61 7.15	23010O 7.61 7.17
23010P 3.56 5.44	23010P 3.56 3.54	23010P 3.56 3.54	23010P 3.56 2.74
23010Q 4.85 1.26	23010Q 4.85 4.28	23010Q 4.85 4.28	23010Q 4.85 4.02
2300SG 3.5 3.49	2300SG 3.5 3.12	2300SG 3.5 3.12	2300SG 3.5 3.14
23010W 2.31 2.87	23010W 2.31 2.31	23010W 2.31 2.31	23010W 2.31 2.03
23010X 1.83 2.27	23010X 1.83 1.92	23010X 1.83 1.92	23010X 1.83 1.97
23010Y 0.11 0.61	23010Y 0.11 0.14	23010Y 0.11 0.14	23010Y 0.11 0.08
23010Z 1.28 1.78	23010Z 1.28 1.29	23010Z 1.28 1.29	23010Z 1.28 1.49
23010V 2.25 3.13	23010V 2.25 2.23	23010V 2.25 2.23	23010V 2.25 2.0
230118 2.19 1.52	230118 2.19 2.19	230118 2.19 2.19	230118 2.19 2.19
230119 3.07 2.46	230119 3.07 3.08	230119 3.07 3.08	230119 3.07 3.5
23011A 2.06 0.32	23011A 2.06 2.02	23011A 2.06 2.02	23011A 2.06 2.01
23011B 4.88 5.1	23011B 4.88 4.39	23011B 4.88 4.39	23011B 4.88 4.23
23011E 9.56 7.94	23011E 9.56 8.06	23011E 9.56 8.06	23011E 9.56 8.5
23011F 4.47 2.93	23011F 4.47 4.46	23011F 4.47 4.46	23011F 4.47 7.42
23011G 4.81 3.64	23011G 4.81 4.69	23011G 4.81 4.69	23011G 4.81 5.09
23011H 2.79 2.13	23011H 2.79 2.45	23011H 2.79 2.45	23011H 2.79 2.46
23011J 4.92 3.76	23011J 4.92 4.8	23011J 4.92 4.8	23011J 4.92 4.78
23011I 5.97 6.43	23011I 5.97 5.99	23011I 5.97 5.99	23011I 5.97 5.85
23011K 3.25 3.59	23011K 3.25 3.23	23011K 3.25 2.93	23011K 3.25 2.94
23011L 2.94 2.39	23011L 2.94 2.33	23011L 2.94 2.33	23011L 2.94 2.29
23011M 1.24 1.59	23011M 1.24 1.28	23011M 1.24 1.28	23011M 1.24 1.01
23011N 4.7 2.04	23011N 4.7 4.71	23011N 4.7 4.7	23011N 4.7 4.39
23011P 3.45 3.83	23011P 3.45 3.44	23011P 3.45 3.44	23011P 3.45 3.34
23011R 3.19 6.12	23011R 3.19 3.2	23011R 3.19 3.2	23011R 3.19 3.42
23011U 3.48 3.36	23011U 3.48 3.45	23011U 3.48 3.45	23011U 3.48 1.92
230120 3.13 2.0	230120 3.13 2.83	230120 3.13 2.83	230120 3.13 2.85
230123 1.87 1.8	230123 1.87 1.79	230123 1.87 1.79	230123 1.87 2.21
230124 2.73 4.14	230124 2.73 2.78	230124 2.73 2.44	230124 2.73 1.63
230125 2.8 0.96	230125 2.8 2.83	230125 2.8 2.83	230125 2.8 3.24
230128 4.56 5.6	230128 4.56 4.09	230128 4.56 4.09	230128 4.56 4.4
230129 4.14 5.97	230129 4.14 4.15	230129 4.14 4.14	230129 4.14 4.59
23012A 8.23 7.17	23012A 8.23 7.9	23012A 8.23 7.9	23012A 8.23 8.53
23012B 0.86 0.63	23012B 0.86 0.86	23012B 0.86 0.86	23012B 0.86 1.11
23012C 2.72 2.39	23012C 2.72 2.71	23012C 2.72 2.71	23012C 2.72 1.85
23012F 6.89 4.58	23012F 6.89 5.71	23012F 6.89 5.71	23012F 6.89 4.98
23012E 4.86 3.16	23012E 4.86 4.08	23012E 4.86 4.08	23012E 4.86 3.67
23012H 1.12 1.29	23012H 1.12 1.11	23012H 1.12 1.12	23012H 1.12 0.15
23012G 2.52 4.42	23012G 2.52 1.96	23012G 2.52 1.96	23012G 2.52 3.61
23012I 7.24 5.51	23012I 7.24 6.31	23012I 7.24 6.31	23012I 7.24 5.83
23012J 5.68 4.59	23012J 5.68 5.34	23012J 5.68 5.34	23012J 5.68 4.85
23012L 4.39 2.44	23012L 4.39 3.79	23012L 4.39 3.79	23012L 4.39 3.63
23012M 5.61 5.17	23012M 5.61 4.68	23012M 5.61 4.68	23012M 5.61 4.61
23012K 2.26 4.77	23012K 2.26 2.25	23012K 2.26 2.25	23012K 2.26 0.69
