#compound QM_x QM_y QM_z Initial_x Initial_y Initial_z Optimized_x Optimized_y Optimized_z Reoptimized_x Reoptimized_y Reoptimized_z Retrained_x Retrained_y Retrained_z
230001 -0.66 4.032 1.026 0.012 1.414 1.019 -0.625 3.904 0.934 -0.625 3.904 0.934 -1.056 3.414 0.922
230005 0.0 0.0 -0.306 0.0 -0.0 1.205 -0.055 0.013 -0.371 -0.055 0.013 -0.371 0.0 0.0 -0.288
230006 4.885 3.149 0.423 2.71 5.605 0.614 4.77 3.116 0.314 4.77 3.116 0.314 4.426 2.135 0.196
230007 -13.616 0.628 0.018 -5.557 0.205 0.01 -13.501 0.641 -0.003 -13.501 0.641 -0.003 -16.129 0.891 -0.01
230008 -7.357 -3.728 2.177 -4.224 -1.674 1.97 -6.526 -3.21 1.93 -6.526 -3.21 1.93 -5.95 -2.367 1.645
230009 -3.364 2.114 -1.086 -3.41 -0.207 -0.777 -3.362 2.126 -1.073 -3.362 2.126 -1.073 -2.695 1.799 -1.088
23000A -2.009 -0.319 0.481 -0.261 0.488 -0.239 -2.02 -0.328 0.473 -2.02 -0.328 0.473 -2.19 -0.155 0.459
23000C -2.332 -0.448 2.669 -6.587 0.126 2.918 -2.315 -0.413 2.392 -2.315 -0.413 2.392 -1.642 -0.431 2.356
23000D -8.096 2.109 3.919 1.34 -0.61 2.152 -8.093 2.113 3.903 -8.093 2.113 3.903 -7.982 2.117 3.778
23000E 3.388 -3.437 -0.768 0.521 -3.407 -0.594 3.326 -3.415 -0.535 3.326 -3.415 -0.535 2.235 -2.94 -0.445
23000F 2.252 -2.328 0.678 -0.509 -0.358 0.53 2.261 -2.339 0.679 2.261 -2.339 0.679 -0.145 -3.739 0.739
23000G 0.0 0.0 -1.154 -0.0 -0.0 3.338 0.001 0.0 -1.024 0.001 0.0 -1.024 -0.0 0.0 -0.328
23000J 0.337 -1.051 2.601 2.229 -0.987 2.804 0.412 -0.804 2.289 0.412 -0.804 2.289 1.035 -0.338 2.344
23000I -0.977 1.086 -0.914 -3.247 3.002 1.105 -1.221 0.927 -0.553 -1.221 0.927 -0.553 -2.631 0.662 -0.369
23000K 2.499 -2.554 0.879 -7.099 -6.377 0.726 2.522 -2.596 0.881 2.522 -2.596 0.881 1.503 -2.324 0.755
23000L -1.634 1.433 -1.652 0.649 0.186 -1.944 -1.471 1.221 -1.575 -1.471 1.221 -1.575 -2.262 1.205 -1.569
23000M 3.598 0.352 -1.559 1.671 1.416 -1.375 3.491 0.324 -1.202 3.475 0.329 -1.403 3.33 0.406 -1.405
23000O 0.79 -2.259 0.238 1.317 -0.159 0.096 0.798 -2.247 0.169 0.791 -2.262 0.238 0.973 -2.325 0.224
23000Q 0.818 -4.858 1.103 0.002 -3.472 0.696 0.666 -4.115 1.003 0.666 -4.115 1.003 0.493 -4.167 0.968
23000S -1.936 2.589 0.001 -0.561 2.916 0.001 -1.95 2.602 0.001 -1.95 2.602 0.001 -3.474 2.439 0.001
23000T 1.058 -1.498 0.038 1.606 -2.458 -0.023 1.057 -1.492 -0.001 1.057 -1.492 -0.001 1.075 -1.49 -0.002
23000U -1.711 -3.589 -0.876 -2.037 -2.648 -0.895 -1.57 -3.022 -0.674 -1.57 -3.022 -0.674 -1.528 -2.898 -0.687
23000V 7.655 0.362 0.012 6.199 2.188 0.009 7.579 0.365 0.008 7.579 0.365 0.008 5.777 0.296 0.008
23000W 6.463 -3.601 0.0 5.094 -2.905 -0.0 5.603 -2.945 0.0 5.603 -2.945 0.0 5.533 -2.261 -0.0
23000X -10.272 4.164 0.046 -3.755 4.419 -0.112 -9.078 3.581 -0.016 -9.078 3.581 -0.016 -8.144 3.384 -0.011
23000Y 1.341 -6.547 -0.369 2.222 -1.223 -0.533 1.302 -6.482 -0.411 1.302 -6.482 -0.411 2.008 -5.509 -0.429
23000Z -3.746 8.559 1.558 -5.081 6.113 1.071 -3.1 7.107 1.456 -3.1 7.107 1.456 -2.573 6.925 1.474
230011 0.658 0.954 2.672 -1.129 1.268 1.432 0.59 0.97 2.471 0.59 0.97 2.471 1.263 0.317 2.098
230014 -3.244 5.402 -0.001 -2.968 2.974 -0.001 -3.154 4.964 -0.001 -3.154 4.964 -0.001 -3.284 4.77 -0.001
230016 2.661 -1.036 0.647 1.595 -0.849 0.71 2.228 -0.732 0.69 2.228 -0.732 0.69 2.116 -0.811 0.705
230017 -10.081 -2.533 0.16 0.765 0.557 1.582 -8.67 -2.258 0.291 -8.67 -2.258 0.291 -8.449 -2.562 0.273
230018 0.231 2.51 0.009 4.274 0.906 -0.005 0.311 2.476 -0.007 0.311 2.476 -0.007 1.824 1.993 -0.007
23001E 1.29 0.931 0.583 2.956 0.806 0.414 1.266 0.794 0.661 1.266 0.794 0.661 0.826 0.69 0.513
23001F 3.139 -9.088 1.17 2.646 0.497 -1.252 2.992 -8.537 1.228 2.992 -8.537 1.228 3.536 -8.679 1.233
23001G 9.627 -7.333 0.0 5.565 -4.794 -0.0 8.57 -6.525 0.006 8.811 -6.716 0.006 8.844 -6.561 0.0
23001H -5.128 -8.562 -0.916 -4.152 -8.854 0.305 -5.024 -8.286 -0.846 -5.024 -8.286 -0.846 -5.167 -8.253 -0.817
23001I 0.104 -3.666 -0.565 0.574 -2.765 -0.867 0.105 -2.931 -0.396 0.105 -2.931 -0.396 0.129 -2.799 -0.407
23001J 1.896 0.544 1.172 1.142 1.416 1.036 1.845 0.545 1.176 1.845 0.545 1.176 4.202 -0.334 1.213
23001K -0.604 0.171 0.002 -0.338 1.995 0.005 -0.59 0.173 0.003 -0.59 0.173 0.003 -0.434 0.141 0.003
23001L -1.303 -0.783 -1.52 -0.968 1.238 -0.713 -1.319 -0.776 -1.524 -1.319 -0.776 -1.524 -1.037 -0.746 -1.492
23001N 7.511 -0.778 0.029 1.33 1.394 -0.085 7.473 -0.779 0.027 7.473 -0.779 0.027 7.581 -0.983 -0.02
23001O -2.103 -2.895 2.386 -1.668 -2.753 1.211 -1.79 -2.49 1.835 -1.79 -2.49 1.835 -2.896 -2.91 1.695
23001P -0.012 2.029 0.713 1.373 2.645 0.898 0.049 1.916 0.826 0.049 1.916 0.826 0.203 1.914 0.835
23001Q 0.574 -4.828 0.399 3.319 -1.136 0.319 0.645 -4.182 0.162 0.645 -4.182 0.162 0.037 -4.176 0.153
23001S 0.008 -2.78 -1.043 6.078 -2.407 0.81 0.028 -2.553 -0.932 0.028 -2.553 -0.932 -0.434 -2.659 -0.902
23001T -0.009 -0.682 0.0 -1.776 -0.912 0.0 -0.013 -0.68 0.0 -0.002 -0.692 0.0 2.171 -0.552 0.0
23001U 1.502 -0.034 0.017 -1.03 -1.124 0.014 1.514 -0.035 0.017 1.559 -0.028 0.013 0.795 0.066 0.013
23001X 0.422 -1.944 -0.091 -1.068 -2.155 0.814 0.439 -1.95 -0.1 0.443 -1.931 -0.092 0.507 -2.729 -0.438
23001Y -1.435 -3.275 -0.002 -4.312 1.757 -0.0 -1.413 -3.154 0.002 -1.413 -3.154 0.002 -1.408 -2.533 0.002
23001Z -4.126 4.921 0.025 3.512 -3.251 0.02 -3.958 4.719 0.017 -3.958 4.719 0.017 -3.434 4.924 0.017
230021 2.45 -6.869 2.445 3.24 -11.172 1.866 2.071 -5.846 2.157 2.071 -5.846 2.157 2.407 -5.766 2.236
230022 -3.34 5.575 0.018 5.09 -2.841 0.83 -2.857 4.704 0.006 -2.857 4.704 0.006 -2.775 4.695 -0.023
230023 6.369 4.3 -1.204 2.212 2.166 -0.608 5.701 3.774 -0.996 5.701 3.774 -0.996 5.698 3.718 -1.032
230024 -0.889 4.284 -0.332 -0.244 3.978 0.363 -0.927 4.036 -0.192 -0.927 3.963 -0.148 -2.178 3.807 -0.133
230025 0.0 0.0 2.21 0.0 0.0 -2.199 0.0 -0.03 2.211 0.0 -0.03 2.211 0.0 0.0 1.116
230026 10.614 3.827 -0.0 -0.891 3.331 -0.001 10.467 3.733 -0.0 10.467 3.733 -0.0 7.799 6.388 -0.0
230027 1.201 0.127 5.31 0.532 -0.087 5.525 1.106 0.005 4.345 1.106 0.005 4.345 0.952 -0.291 4.366
23002A -0.508 3.059 -0.625 -2.031 5.346 -1.096 -0.526 3.072 -0.628 -0.492 3.074 -0.628 -1.333 1.114 -0.231
230029 2.409 2.597 -1.133 4.188 2.629 -0.688 2.402 2.595 -1.127 2.425 2.632 -1.153 4.491 2.714 -1.061
23002C -0.502 3.336 -0.325 -0.075 2.538 -0.288 -0.432 3.026 -0.286 -0.432 3.026 -0.286 -0.288 2.691 -0.281
23002E 0.362 -4.063 -0.671 0.522 -3.405 -0.547 0.35 -3.319 -0.434 0.35 -3.319 -0.434 0.844 -2.648 -0.327
23002F 1.773 -0.956 0.0 0.014 -2.059 0.0 1.772 -0.949 0.0 1.772 -0.949 0.0 1.654 -1.057 0.0
23002G -1.18 5.506 1.275 -2.01 2.337 2.555 -1.172 5.506 1.276 -1.172 5.506 1.276 -1.222 5.457 1.282
23002H -8.351 -3.155 0.493 -4.245 -2.293 0.412 -7.666 -2.866 0.466 -7.666 -2.866 0.466 -3.653 -2.248 0.383
23002I 0.0 0.0 2.659 0.0 -0.0 5.563 0.015 0.008 2.608 0.015 0.008 2.608 0.0 0.0 0.283
23002K -3.602 10.31 0.727 -0.879 7.056 -0.178 -3.033 8.894 0.553 -3.033 8.894 0.553 -2.754 8.953 0.531
23002L -1.204 -1.823 -0.106 -3.986 -0.166 -0.014 -1.201 -1.816 -0.106 -1.201 -1.816 -0.106 -2.717 -1.019 -0.104
23002M -0.037 -0.97 -0.042 10.916 1.894 -0.814 -0.003 -0.965 -0.037 -0.003 -0.965 -0.037 1.09 -1.148 -0.086
23002O -0.081 -2.997 0.0 -0.653 -3.784 0.0 -0.085 -3.013 0.0 -0.085 -3.013 0.0 -1.175 -4.13 0.0
23002P -1.073 1.617 1.293 -0.352 1.913 0.982 -1.086 1.607 1.282 -1.086 1.607 1.282 -0.854 1.481 1.49
23002Q -1.116 -2.444 -0.001 0.471 3.886 -0.002 -1.077 -2.349 -0.001 -1.077 -2.349 -0.001 -1.784 -1.238 -0.001
23002R 1.546 5.126 -0.222 7.141 -4.215 -1.058 1.366 4.496 -0.339 1.366 4.496 -0.339 1.397 4.542 -0.331
23002T -4.688 -0.897 0.016 -0.884 5.137 0.01 -4.64 -0.882 0.002 -4.64 -0.882 0.002 -4.156 -1.099 0.002
23002U 4.942 0.707 0.105 5.016 1.818 0.177 5.003 0.679 0.161 5.003 0.679 0.161 5.382 1.605 0.146
23002V -0.301 -4.97 0.628 0.347 -3.724 0.501 -0.328 -4.13 0.523 -0.328 -4.13 0.523 -0.1 -4.156 0.546
23002W 3.111 1.418 2.473 0.603 0.629 2.875 3.108 1.425 2.471 3.108 1.425 2.471 3.219 1.385 2.463
23002X 11.217 -1.383 -0.005 8.696 -1.341 -0.014 9.08 -1.212 -0.002 9.08 -1.212 -0.002 9.329 -1.394 -0.001
23002Y 12.959 -1.466 1.051 4.278 -2.324 0.612 11.263 -1.407 0.895 11.263 -1.407 0.895 8.387 -1.981 0.805
23002Z 0.176 0.808 -1.203 -0.476 1.163 -1.634 0.172 0.843 -1.206 0.172 0.843 -1.206 1.007 0.693 -1.257
230030 -4.994 -1.525 0.351 4.239 3.628 -0.424 -4.643 -1.353 0.348 -4.643 -1.353 0.348 -3.719 -1.319 0.388
230031 0.859 -3.712 1.099 3.293 -3.021 0.996 0.75 -3.018 0.91 0.75 -3.018 0.91 0.622 -2.815 0.908
230032 -7.291 3.84 -3.973 -5.327 2.381 -4.187 -6.358 3.405 -3.698 -6.358 3.405 -3.698 -6.365 3.312 -3.619
230033 -2.907 2.622 -0.156 -10.748 -2.06 0.088 -2.893 2.575 -0.039 -2.893 2.575 -0.039 -4.204 4.707 -0.144
230034 2.057 -1.386 2.093 1.086 -0.863 1.549 1.511 -1.052 1.611 1.511 -1.052 1.611 1.294 -1.164 1.621
230035 3.601 -0.783 0.0 0.25 -3.451 0.0 3.497 -0.777 0.0 3.497 -0.777 0.0 3.705 -0.847 0.0
230036 -1.206 1.998 -0.005 0.603 1.815 -0.258 -1.18 1.961 -0.046 -1.18 1.961 -0.046 0.222 2.355 -0.031
230037 -3.64 4.068 -1.548 -0.543 -1.758 -1.183 -3.305 3.669 -1.172 -3.305 3.669 -1.172 -3.017 4.655 -1.172
230038 -2.03 -0.23 3.373 -1.621 0.263 3.809 -2.02 -0.238 3.376 -2.02 -0.238 3.376 -1.108 0.027 3.206
230039 0.372 -3.46 1.056 1.145 0.239 0.783 0.473 -3.24 0.881 0.473 -3.24 0.881 1.142 -3.097 0.863
23003A -2.991 2.87 -0.003 -4.716 1.015 -0.002 -2.708 2.589 -0.003 -2.708 2.589 -0.003 -3.655 1.018 -0.003
23003B 6.982 0.0 -1.309 -4.69 -0.0 0.783 6.446 0.001 -1.127 6.446 0.001 -1.127 6.462 0.001 -1.155
23003G 0.915 -3.403 0.001 -2.044 -2.046 0.001 0.907 -3.4 0.001 0.907 -3.4 0.001 -0.066 -2.595 0.001
23003I 6.485 -2.199 2.177 1.839 -0.3 2.358 6.028 -2.128 2.104 5.248 -1.917 1.853 5.145 -1.884 1.849
23003H -6.874 2.724 -4.003 -2.759 1.574 -4.094 -6.738 2.558 -3.882 -5.731 2.083 -3.365 -5.77 1.989 -3.335
23003K 5.643 1.138 0.284 -0.96 0.286 -0.35 5.226 0.897 -0.097 5.226 0.897 -0.097 4.699 0.974 -0.102
23003L 5.138 4.875 0.0 4.518 5.187 0.0 4.574 4.103 0.0 4.677 4.228 0.0 4.69 4.178 0.0
23003N -0.039 0.927 -0.779 0.47 5.707 -9.558 -0.004 0.919 -0.801 -0.044 0.94 -0.78 0.507 0.889 -0.561
23003O 0.843 -2.928 -0.68 0.121 -2.347 -0.693 0.786 -2.472 -0.727 0.786 -2.472 -0.727 0.559 -2.477 -0.711
23003P -9.064 0.018 0.0 -3.91 0.514 0.0 -8.583 0.14 0.0 -8.506 0.077 0.0 -4.653 0.479 0.0
23003Q 0.115 1.297 1.145 0.654 0.436 0.67 0.075 1.226 1.046 0.075 1.226 1.046 0.052 0.833 1.018
23003S -1.48 5.42 -1.821 0.773 5.204 -2.52 -1.379 4.885 -1.663 -1.379 4.885 -1.663 -0.976 4.744 -2.252
23003T -5.341 -5.451 2.23 -3.082 -4.584 1.904 -4.441 -4.582 1.892 -4.441 -4.582 1.892 -3.116 -4.59 2.033
23003W -5.284 2.327 -0.404 -7.38 2.863 -0.529 -5.053 2.278 -0.347 -5.053 2.278 -0.347 -4.97 2.537 -0.305
23003Y 1.234 -0.624 1.027 1.253 0.467 0.662 1.168 -0.565 0.897 1.168 -0.565 0.897 0.982 -0.611 0.895
230040 2.382 4.382 0.909 3.531 5.098 0.82 2.295 4.312 0.793 2.295 4.312 0.793 3.105 4.004 0.818
230042 -4.174 4.853 1.988 -4.223 0.479 1.783 -3.617 3.987 1.561 -3.617 3.987 1.561 -2.793 3.137 1.658
230047 -0.693 -4.797 0.924 -1.059 -1.918 0.386 -0.348 -4.506 0.605 -0.348 -4.506 0.605 0.907 -4.067 0.53
230048 -4.007 -2.899 1.059 -2.645 -3.42 1.225 -3.984 -2.908 1.04 -3.984 -2.908 1.04 -3.983 -2.792 0.865
230049 1.482 0.948 1.981 0.991 0.992 2.147 1.44 0.906 1.915 1.44 0.906 1.915 0.943 0.944 1.94
23004A -3.379 4.798 3.157 -2.245 3.884 2.345 -2.855 4.101 2.658 -2.855 4.101 2.658 -2.545 4.193 2.713
23004F 6.146 4.908 -3.5 4.126 3.896 -2.608 5.577 4.49 -2.858 5.407 4.318 -2.9 4.096 3.838 -3.114
23004G -2.046 -0.139 1.989 -1.112 0.049 1.805 -2.006 -0.128 1.955 -2.006 -0.128 1.955 -1.093 -0.089 2.022
23004K 0.0 2.133 0.135 0.0 0.938 -0.012 -0.0 2.018 0.083 -0.0 2.018 0.083 -0.0 2.481 0.085
23004J 2.055 -0.0 0.0 4.371 -0.0 -0.0 2.173 -0.0 0.0 2.173 -0.0 0.0 -1.678 0.0 0.0
23004M 5.629 0.874 1.059 3.696 1.007 1.293 4.725 0.754 0.901 4.725 0.754 0.901 4.352 0.763 0.911
23004N 2.446 -4.239 0.617 0.522 -3.739 0.775 2.378 -4.006 0.677 2.378 -4.006 0.677 2.375 -3.948 0.68
23004O -4.248 -0.263 0.254 -2.859 -1.581 -0.159 -3.779 -0.192 0.179 -3.779 -0.192 0.179 -3.262 -0.587 0.137
23004P 6.668 5.707 0.024 5.603 1.84 -0.024 5.861 4.923 -0.007 5.861 4.923 -0.007 4.367 2.659 -0.003
23004Q -1.648 1.322 3.013 -1.624 0.935 2.741 -1.581 1.115 2.853 -1.581 1.115 2.853 -1.641 1.145 2.858
23004R -4.474 -2.008 1.601 -4.315 -1.498 1.235 -4.013 -1.631 1.285 -4.013 -1.631 1.285 -4.03 -1.646 1.305
23004S 1.392 0.175 1.231 -1.431 -0.187 1.09 1.323 0.228 1.236 1.323 0.228 1.236 0.734 -0.063 1.313
23004U 2.434 -2.699 0.479 -1.732 3.669 -1.04 2.264 -1.978 0.235 2.264 -1.978 0.235 0.545 -2.081 0.52
23004V -1.051 -0.939 1.326 -0.924 -0.742 0.944 -0.927 -0.811 1.028 -0.927 -0.811 1.028 -0.444 -0.712 1.085
23004W 7.986 -0.228 -0.065 5.008 -0.118 0.056 6.645 -0.102 0.048 6.645 -0.102 0.048 5.875 -0.044 0.018
23004Y -0.334 3.693 1.121 3.832 3.205 -0.07 -0.305 3.707 1.121 -0.305 3.707 1.121 0.008 3.789 1.129
23004Z -3.321 -1.885 4.414 0.389 -4.22 3.947 -2.895 -1.726 3.936 -2.895 -1.726 3.936 -2.82 -1.621 3.995
230052 -3.71 1.145 -0.279 -4.639 -0.145 0.029 -3.549 1.08 -0.263 -3.549 1.08 -0.263 -3.481 0.346 -0.087
230054 2.507 -3.572 -0.139 1.599 -2.16 -0.094 1.933 -2.721 -0.218 1.933 -2.721 -0.218 2.012 -2.705 -0.213
230056 -0.108 2.507 0.244 -0.939 2.787 0.399 -0.113 2.446 0.301 -0.113 2.446 0.301 0.241 2.29 0.308
230057 -4.774 0.275 1.75 -3.046 0.782 0.833 -4.652 0.298 1.608 -4.652 0.298 1.608 -4.275 0.286 1.127
230058 -0.902 -1.643 -0.898 0.571 -1.689 -0.65 -0.896 -1.635 -0.891 -0.896 -1.635 -0.891 -0.24 -1.541 -1.088
230059 -0.0 -2.125 -0.0 -0.0 3.6 -0.001 0.0 -2.118 0.006 0.0 -2.118 0.006 -0.0 -2.136 -0.0
23005A -0.383 -4.201 1.579 0.382 -1.961 1.375 -0.353 -3.684 1.391 -0.353 -3.684 1.391 -0.821 -3.946 1.276
23005B -7.567 0.001 -0.863 -12.068 0.001 -4.007 -6.452 0.0 -0.786 -6.452 0.0 -0.786 -6.411 0.0 -0.764
23005D 2.317 0.599 2.307 0.219 -1.61 1.795 2.196 0.53 1.848 2.196 0.53 1.848 2.212 0.544 1.861
23005F 3.661 2.612 -1.031 -0.625 -0.447 -5.493 2.822 2.026 -0.845 2.822 2.026 -0.845 2.954 2.106 -0.486
23005E -4.385 1.041 1.932 1.407 -0.842 6.139 -4.03 0.901 1.499 -4.03 0.901 1.499 -2.753 1.082 1.129
23005G 4.24 2.234 -0.002 1.073 3.193 -0.004 3.629 1.878 -0.004 3.629 1.878 -0.004 3.459 2.188 -0.004
23005I 4.488 -6.875 -0.543 -0.102 0.157 0.013 3.929 -5.997 -0.472 3.929 -5.997 -0.472 3.539 -5.422 -0.428
23005H 3.774 -8.166 0.011 1.543 -1.812 0.003 3.725 -7.944 0.008 3.725 -7.944 0.008 3.959 -7.785 0.009
23005J -0.507 -0.954 0.233 -0.863 -2.015 -0.088 -0.483 -0.969 0.234 -0.483 -0.969 0.234 -0.666 -2.033 0.197
23005N 1.46 1.684 -0.544 1.378 2.73 -0.417 1.465 1.686 -0.544 1.465 1.686 -0.544 1.482 1.178 -0.598
23005O -1.076 -1.15 -0.745 -1.87 -0.021 -1.527 -1.073 -1.148 -0.757 -1.077 -1.162 -0.723 -2.818 -0.35 -1.241
23005Q -0.467 0.237 0.002 -1.662 1.374 -0.056 -0.499 0.233 0.021 -0.499 0.233 0.021 -0.448 -0.276 -0.229
23005M -0.367 0.064 -2.042 -0.979 1.535 -1.973 -0.303 0.068 -1.848 -0.303 0.068 -1.848 1.248 1.014 -1.768
23005R 15.95 0.018 -1.184 16.09 0.456 0.327 16.09 0.456 0.327 16.09 0.456 0.327 16.09 0.456 0.327
23005S 6.97 0.632 1.03 2.015 0.283 0.531 5.892 0.468 0.795 5.892 0.468 0.795 3.441 0.319 0.688
23005T -3.813 -0.34 -0.364 -2.556 3.293 -0.387 -3.816 -0.334 -0.366 -3.82 -0.346 -0.366 -3.378 -0.555 -0.437
23005V 4.904 -2.592 5.516 3.19 -2.655 5.624 4.069 -2.176 4.661 4.069 -2.176 4.661 3.356 -2.2 4.847
23005W -11.969 4.612 -0.004 -6.037 9.732 -0.005 -10.26 4.057 -0.003 -10.26 4.057 -0.003 -7.813 4.786 -0.004
23005X 6.543 3.361 -0.683 4.843 2.952 -0.638 5.866 3.041 -0.573 5.685 2.811 -0.542 4.631 3.518 -0.415
23005Y 4.624 -5.283 -2.193 2.671 -3.618 -1.952 3.688 -4.19 -1.736 3.688 -4.19 -1.736 3.504 -4.099 -1.837
230061 -0.172 -4.728 -0.415 -1.71 -3.737 -1.198 -0.508 -4.042 -0.863 -0.508 -4.042 -0.863 -0.351 -4.039 -0.863
230064 -8.533 -0.344 1.526 -3.845 -1.367 1.125 -6.872 -0.422 1.261 -6.872 -0.422 1.261 -6.791 -0.432 1.262
230065 1.041 -8.87 1.188 1.407 -7.266 0.435 0.634 -8.015 0.851 0.612 -7.587 0.973 0.487 -7.227 0.965
230066 -7.7 -4.548 1.853 -7.781 -4.327 1.979 -6.905 -4.092 1.726 -6.905 -4.092 1.726 -6.376 -4.065 1.728
230067 -6.367 0.33 0.001 -5.518 1.677 0.0 -5.437 0.468 0.0 -5.437 0.468 0.0 -5.444 0.43 0.0
230068 -0.594 1.472 0.318 -0.87 2.698 0.734 -0.592 1.468 0.317 -0.592 1.468 0.317 -0.527 1.485 0.281
23006A -10.363 3.682 -0.722 -6.706 3.623 -1.068 -9.076 3.423 -0.626 -8.806 3.407 -0.446 -9.108 3.433 -0.445
23006C -7.223 3.584 2.51 0.358 0.673 0.951 -6.261 3.198 1.991 -6.261 3.198 1.991 -4.037 2.504 2.118
23006E 0.0 0.791 0.0 0.0 0.452 -0.0 0.0 0.78 -0.0 0.0 0.78 -0.0 0.0 -0.782 -0.0
23006F -0.333 0.607 -1.778 0.085 0.725 -1.829 -0.294 0.596 -1.782 -0.341 0.613 -1.78 2.434 0.489 -1.662
23006G 0.038 -5.614 0.277 0.602 -4.308 0.346 -0.02 -4.43 0.342 -0.02 -4.43 0.342 -0.063 -4.178 0.275
23006I 3.717 3.121 0.044 2.258 1.774 0.132 3.708 3.115 0.044 3.695 3.119 0.047 4.711 2.676 0.072
23006K 2.435 -3.88 -0.0 1.183 -5.449 0.002 2.23 -3.678 0.003 2.23 -3.678 0.003 -2.31 -2.735 0.002
23006N -0.755 0.472 0.774 -0.426 -0.278 1.302 -0.759 0.444 0.874 -0.759 0.444 0.874 -0.752 0.583 0.847
23006M 0.892 2.65 1.784 -1.66 3.045 1.524 0.873 2.641 1.78 0.873 2.641 1.78 1.469 2.705 1.697
23006O 4.903 -2.315 0.536 2.915 -3.187 1.241 4.43 -2.183 0.612 4.43 -2.183 0.612 4.946 -1.374 0.661
23006P 7.663 -0.266 -0.0 6.526 -1.276 -0.0 6.696 -0.327 0.0 6.696 -0.327 0.0 6.301 -0.548 -0.0
23006T 1.475 -0.312 0.049 5.158 2.214 -0.497 1.445 -0.295 0.046 1.445 -0.295 0.046 1.703 -0.228 0.03
23006U 0.419 2.67 0.581 0.922 -1.793 0.738 0.407 2.683 0.583 0.407 2.683 0.583 3.179 2.069 0.614
23006V -1.143 2.77 -3.619 -0.118 2.253 -3.508 -0.967 2.495 -3.165 -0.967 2.495 -3.165 -0.441 2.608 -3.288
23006W 2.688 -4.16 -0.0 4.922 -3.637 0.0 2.699 -4.059 0.0 2.699 -4.059 0.0 2.934 -4.186 0.001
23006X 0.673 0.381 -0.569 -0.712 0.422 -0.979 0.642 0.375 -0.631 0.642 0.375 -0.631 0.434 0.375 -0.644
23006Y -0.321 -1.747 -0.934 -0.802 -2.262 -0.985 -0.324 -1.728 -0.906 -0.324 -1.728 -0.906 -1.192 -0.902 -0.616
23006Z -0.816 1.465 1.322 -1.551 3.218 1.317 -0.84 1.468 1.323 -0.84 1.468 1.323 -0.491 1.736 1.301
230070 3.515 1.315 0.483 3.471 1.285 0.358 3.485 1.324 0.332 3.485 1.324 0.332 3.214 1.154 0.291
230071 0.885 -6.629 1.181 1.424 -2.434 0.837 1.05 -5.452 0.891 0.9 -5.533 0.889 0.842 -5.412 0.891
230073 -4.774 3.606 0.218 -5.858 0.452 -0.0 -4.767 3.611 0.218 -4.574 3.594 0.072 -4.13 3.842 0.064
230074 -2.517 -1.03 0.003 -0.667 -2.165 0.003 -2.521 -1.026 0.003 -2.521 -1.026 0.003 -2.306 -1.082 0.003
230075 3.843 -3.139 -0.001 2.891 3.481 -0.001 3.811 -3.134 0.0 3.752 -2.848 -0.001 3.93 -2.287 -0.001
230076 0.508 -0.193 0.679 -0.776 -0.344 0.737 0.512 -0.192 0.681 0.512 -0.192 0.681 0.242 -0.235 0.691
230077 -1.58 -0.724 -0.986 -2.007 -1.317 -4.04 -1.6 -0.74 -0.989 -1.531 -0.694 -0.982 -1.602 -1.057 -1.181
230078 0.046 -2.335 0.45 -1.655 -1.384 0.479 0.037 -2.164 0.405 0.037 -2.164 0.405 0.144 0.657 0.467
23007A -4.393 1.83 2.809 -3.038 2.034 2.573 -3.786 1.608 2.43 -3.786 1.608 2.43 -3.868 1.61 2.41
23007B 0.399 -0.652 1.828 -0.152 0.027 2.344 0.401 -0.615 1.799 0.401 -0.615 1.799 0.44 -0.549 1.842
23007C 0.21 -0.613 1.523 0.579 -1.118 1.312 0.183 -0.618 1.53 0.183 -0.618 1.53 0.498 -0.691 1.662
23007D -5.234 -0.127 0.001 -0.455 0.661 0.002 -5.148 -0.158 0.001 -5.148 -0.158 0.001 -2.508 -0.99 0.001
23007E 4.282 0.319 -0.24 5.034 0.08 -0.442 3.877 0.295 -0.219 3.877 0.295 -0.219 3.98 0.267 -0.303
23007G -1.15 1.009 0.655 -2.712 -1.872 0.42 -0.985 0.991 0.387 -0.985 0.991 0.387 -0.809 0.127 0.389
23007I 4.907 -3.637 -0.14 4.365 -4.576 0.278 4.449 -3.422 -0.099 4.449 -3.422 -0.099 4.299 -3.263 -0.196
23007J 3.938 -2.961 0.317 4.461 -4.851 1.061 3.864 -2.855 0.391 3.864 -2.855 0.391 2.88 -1.954 0.46
23007H 2.334 -3.449 -0.496 4.925 -6.071 -1.187 2.288 -3.431 -0.495 2.307 -3.452 -0.501 -0.662 -2.41 -0.593
23007L -11.206 0.412 5.985 -10.861 -0.78 6.716 -9.751 0.717 5.533 -9.947 0.533 5.143 -10.09 0.7 5.159
23007O 1.508 0.839 -0.67 1.39 0.659 -0.257 1.508 0.836 -0.663 1.508 0.836 -0.663 1.891 0.807 -0.594
23007P 1.348 -0.875 2.603 1.193 -0.874 2.772 1.105 -0.822 2.547 1.105 -0.822 2.547 1.077 -0.823 2.541
23007R 2.227 -0.714 1.068 2.307 -0.788 1.723 1.976 -0.566 0.999 1.976 -0.566 0.999 3.226 -0.617 1.165
23007S 1.985 -3.885 0.639 1.985 -3.844 0.137 1.888 -3.618 0.444 1.888 -3.618 0.444 1.809 -3.694 0.465
23007U 6.388 -0.218 -0.217 6.477 0.201 0.408 5.275 -0.261 -0.204 5.275 -0.261 -0.204 5.285 -0.301 -0.207
23007W -1.508 -0.978 -0.314 0.047 -1.778 -0.467 -1.401 -0.928 -0.323 -1.401 -0.928 -0.323 -1.278 -1.14 -0.329
23007V 0.0 0.0 -0.915 -0.029 0.04 -1.347 0.009 -0.005 -0.971 0.009 -0.005 -0.971 0.008 -0.011 -1.011
23007X -5.847 -0.317 1.163 -6.468 -1.94 0.62 -5.321 -0.349 1.102 -5.321 -0.349 1.102 -5.232 -0.499 1.109
23007Y -1.831 -0.71 -4.473 -5.503 -4.708 -2.766 -1.776 -0.74 -4.243 -1.838 -0.706 -4.474 -2.566 -0.886 -4.481
23007Z -0.056 0.727 6.144 -2.603 0.074 6.077 -0.029 0.805 5.56 -0.029 0.805 5.56 -0.148 0.768 5.605
230080 2.565 1.322 1.025 0.393 -0.489 2.081 2.254 1.119 1.326 2.254 1.119 1.326 2.192 1.141 1.335
230081 -2.102 6.202 1.251 -2.548 4.44 0.325 -1.751 5.303 0.989 -1.751 5.303 0.989 -1.786 5.079 0.977
230082 -3.257 -2.138 1.718 4.518 1.43 1.417 -3.06 -1.999 1.534 -3.06 -1.999 1.534 2.451 -2.677 1.415
230084 2.333 7.218 1.329 0.029 9.689 0.967 1.843 5.922 0.965 1.843 5.922 0.965 1.372 6.171 0.962
230085 -0.658 -0.729 1.51 -1.069 -1.976 1.757 -0.66 -0.739 1.508 -0.66 -0.739 1.508 -0.412 -0.69 1.474
230086 -2.562 2.3 1.201 -2.575 2.461 1.941 -2.474 2.191 1.193 -2.474 2.191 1.193 -2.771 1.88 1.227
230087 2.988 0.197 -0.563 4.784 -3.508 -0.621 2.997 0.194 -0.559 2.997 0.194 -0.559 2.724 0.242 -0.642
230088 0.469 -2.134 0.383 0.227 -2.774 0.498 0.457 -2.126 0.38 0.457 -2.126 0.38 1.048 -2.334 0.472
230089 1.06 -1.352 0.737 1.51 -1.882 0.408 1.016 -1.328 0.753 1.016 -1.328 0.753 0.659 -1.35 0.757
23008B 0.14 0.596 -4.854 1.007 -0.595 -5.568 0.144 0.601 -4.847 0.144 0.601 -4.847 0.275 0.693 -4.879
23008C -1.624 -2.429 4.865 -0.663 -3.423 4.706 -1.558 -2.382 4.714 -1.558 -2.382 4.714 -6.624 -2.53 4.754
23008E -1.573 -2.07 -2.696 -2.27 -2.979 -5.777 -1.458 -1.814 -2.383 -1.458 -1.814 -2.383 -1.775 -2.11 -2.377
23008G -3.472 2.347 -1.378 -2.064 1.536 -0.643 -2.808 1.864 -1.104 -2.808 1.864 -1.104 -2.866 1.836 -1.028
23008F -0.0 4.96 0.0 -0.0 2.884 0.0 0.018 3.996 0.002 0.018 3.996 0.002 -0.0 4.024 0.0
23008H -6.353 0.52 1.682 -2.549 0.571 1.3 -5.377 0.438 1.355 -5.377 0.438 1.355 -3.431 0.518 1.317
23008I -7.905 -5.839 0.0 -14.2 -2.471 0.0 -6.453 -4.684 0.0 -6.453 -4.684 0.0 -10.036 -5.839 0.0
23008L -1.954 4.652 0.0 2.305 -1.521 0.0 -1.479 4.05 0.0 -1.479 4.05 0.0 -1.299 3.149 0.0
23008K -4.038 1.379 0.0 4.507 -1.473 0.0 -3.038 1.209 0.0 -3.038 1.209 0.0 -1.274 0.145 0.0
23008M -3.709 2.19 0.0 -0.658 1.299 0.0 -3.657 2.205 0.0 -3.657 2.205 0.0 -3.139 2.531 0.0
23008N -3.715 0.001 -0.119 -3.298 0.001 1.197 -3.341 0.055 -0.222 -3.341 0.055 -0.222 -3.34 0.0 -0.229
23008O -8.609 -3.641 0.0 -3.575 -4.35 0.0 -7.331 -3.22 -0.0 -7.331 -3.22 -0.0 -5.142 -4.077 0.0
23008P -0.987 1.064 -1.189 2.903 -1.537 -0.338 -0.985 1.051 -1.197 -0.985 1.051 -1.197 -1.028 1.229 -1.29
23008Q -0.647 0.489 -1.972 0.556 -0.075 -1.35 -0.634 0.464 -1.974 -0.634 0.464 -1.974 -0.787 0.356 -1.968
23008R 0.38 -6.112 -0.064 0.803 -3.556 0.023 0.395 -5.873 -0.21 0.395 -5.873 -0.21 0.159 -4.199 -0.334
23008S 2.391 2.117 0.0 -0.828 0.788 0.0 2.391 2.134 0.0 2.352 2.106 0.0 1.934 0.664 0.0
23008T -1.462 -0.997 0.453 -0.451 -3.157 -0.674 -1.469 -0.989 0.452 -1.469 -0.989 0.452 -3.033 0.647 0.879
23008U -5.63 -4.562 -1.814 -4.819 -4.131 -1.83 -4.572 -3.688 -1.413 -4.572 -3.688 -1.413 -4.341 -3.891 -1.763
23008V -0.759 -3.426 3.407 -0.416 -4.082 4.31 -0.74 -3.414 3.408 -0.74 -3.414 3.408 -0.623 -3.448 3.291
23008X -0.883 -1.379 -1.263 -0.526 -0.903 -1.078 -0.859 -1.368 -1.265 -0.859 -1.368 -1.265 -0.901 -1.308 -1.279
23008Y 2.482 2.512 0.001 1.641 -2.122 0.0 2.493 2.508 0.001 2.493 2.508 0.001 0.196 3.159 0.001
230091 -5.656 -4.839 0.411 -5.619 -5.36 0.211 -4.805 -4.032 0.316 -4.805 -4.032 0.316 -4.68 -4.256 0.286
230093 -5.352 2.388 1.85 -6.095 1.616 2.009 -4.8 2.086 1.611 -4.8 2.086 1.611 -5.058 1.522 1.609
230094 2.015 -1.292 -4.894 2.782 -0.268 -5.257 1.838 -1.139 -4.403 1.838 -1.139 -4.403 0.364 -0.854 -4.617
230096 -2.435 -3.437 0.261 1.079 -3.75 0.262 -2.308 -3.301 0.206 -2.308 -3.301 0.206 -2.094 -3.319 0.22
230097 -7.155 5.064 0.204 4.492 6.11 0.242 -5.75 3.598 0.14 -5.75 3.598 0.14 -5.682 3.62 0.141
230098 2.572 10.095 0.0 -1.898 15.378 0.001 2.262 8.524 0.0 2.262 8.524 0.0 1.355 9.959 0.0
230099 1.218 -0.199 1.056 0.332 0.941 0.945 1.242 -0.219 1.063 1.242 -0.219 1.063 1.242 -0.552 1.131
23009A -1.611 0.369 -0.543 -1.537 0.385 -1.116 -1.576 0.321 -0.643 -1.576 0.321 -0.643 -1.129 -0.049 -0.632
23009C -1.022 5.13 0.015 -2.658 3.288 -0.334 -1.04 4.57 -0.01 -1.04 4.57 -0.01 -2.152 4.993 -0.185
23009E -0.715 0.552 0.063 -0.105 0.403 0.211 -0.717 0.55 0.067 -0.717 0.55 0.067 -1.203 -0.117 0.156
23009F 7.639 0.544 -0.288 4.103 -1.935 0.301 7.221 0.481 -0.311 7.221 0.481 -0.311 5.98 0.522 -0.285
23009I 0.436 0.564 3.135 -2.822 0.039 3.575 0.43 0.58 3.136 0.43 0.58 3.136 -0.795 0.303 3.015
23009J -0.243 -3.388 0.001 0.359 -1.703 0.0 -0.287 -3.4 0.0 -0.287 -3.4 0.0 -0.583 -2.683 0.0
23009K 4.294 -2.355 0.0 1.487 1.508 0.0 4.297 -2.364 0.0 4.297 -2.364 0.0 3.023 -0.806 0.0
23009L -0.01 -3.396 1.802 -0.264 -1.142 1.784 0.046 -3.014 1.624 0.046 -3.014 1.624 0.498 -3.003 1.52
23009O -0.443 1.021 -0.831 -0.736 0.035 -0.38 -0.353 0.906 -0.532 -0.353 0.906 -0.532 -0.217 0.821 -0.497
23009N 0.936 -1.752 -0.7 -0.368 -0.543 0.046 0.807 -1.643 -0.414 0.807 -1.643 -0.414 0.462 -1.484 -0.341
23009Q 5.079 -1.119 -7.856 5.046 -2.138 -7.917 4.383 -0.897 -6.865 4.383 -0.897 -6.865 4.302 -0.884 -7.102
23009S 2.045 -0.026 2.744 4.202 -0.028 2.275 1.885 -0.041 2.388 1.885 -0.041 2.388 1.808 -0.021 2.39
23009T 12.155 2.29 -0.019 3.93 3.651 -0.035 10.468 1.858 -0.002 10.468 1.858 -0.002 8.764 1.884 0.003
23009U 2.657 0.102 -2.178 2.745 -0.965 -2.439 2.476 -0.003 -2.023 2.476 -0.003 -2.023 2.686 -0.049 -2.121
23009W 3.494 5.599 2.452 4.695 7.815 2.554 3.157 5.234 1.786 3.157 5.234 1.786 3.277 5.061 1.746
23009V -5.519 5.468 2.436 -6.238 7.405 2.278 -4.92 4.946 1.579 -4.92 4.946 1.579 -4.457 4.989 1.592
23009Y -6.404 -7.365 -0.0 -1.221 0.402 -0.0 -5.604 -6.322 0.0 -5.604 -6.322 0.0 -4.821 -4.719 0.0
2300A0 -7.291 0.593 0.449 -2.728 2.026 0.4 -6.631 0.589 0.417 -6.631 0.589 0.417 -6.267 0.823 0.418
2300A1 0.769 -1.039 0.24 1.358 -1.009 0.932 0.675 -0.932 0.481 0.675 -0.932 0.481 0.373 -0.774 0.493
2300A2 -2.822 -3.246 0.99 -0.966 -2.422 -0.305 -2.689 -3.076 0.996 -2.689 -3.076 0.996 -3.128 -2.479 0.767
2300A3 1.939 -4.799 2.829 -1.043 -3.636 2.565 1.602 -4.058 2.403 1.602 -4.058 2.403 1.075 -3.882 2.369
2300A5 -0.94 -0.511 0.031 -0.764 -0.415 0.025 -0.894 -0.491 0.027 -0.894 -0.491 0.027 -0.822 -0.446 0.027
2300A4 1.567 1.429 -0.851 1.645 1.617 -0.809 1.551 1.456 -0.838 1.551 1.456 -0.838 4.781 2.406 -0.733
2300A6 4.609 -0.633 1.249 3.448 -1.258 2.043 4.41 -0.497 1.223 4.41 -0.497 1.223 4.436 -0.543 1.227
2300A7 7.389 0.617 -0.002 4.526 -1.827 -0.002 6.237 0.417 0.003 6.237 0.417 0.003 6.204 0.371 -0.002
2300A9 2.552 1.02 -5.288 0.897 0.492 -5.423 2.537 1.018 -5.292 2.537 1.018 -5.292 2.709 0.6 -5.225
2300AA -4.256 -5.088 1.369 -3.624 -5.609 1.054 -3.924 -4.595 1.056 -3.924 -4.595 1.056 -2.575 -4.682 1.019
2300AB 2.659 -10.137 -0.385 -0.411 1.17 -0.58 2.823 -9.586 -0.112 2.823 -9.586 -0.112 1.297 -4.274 -0.195
2300AE 0.308 2.741 -1.302 0.297 3.802 -0.947 0.418 2.577 -0.917 0.418 2.577 -0.917 -1.18 2.443 -0.96
2300AF 0.553 3.307 -4.398 -0.132 1.811 -3.161 0.467 2.815 -3.693 0.467 2.815 -3.693 1.121 2.949 -3.673
2300AG -1.379 0.04 1.221 -1.344 0.543 1.489 -1.36 0.091 1.208 -1.36 0.091 1.208 -1.402 0.483 1.357
2300AH 4.907 4.149 1.114 2.704 3.934 0.898 4.409 3.751 0.861 4.409 3.751 0.861 4.794 3.805 0.873
2300AK -6.691 0.102 -2.148 -4.249 1.386 -2.049 -6.068 0.069 -1.987 -6.068 0.069 -1.987 -5.96 0.256 -1.946
2300AO -7.239 3.969 1.569 -2.331 1.088 0.684 -6.288 3.262 1.356 -6.288 3.262 1.356 -5.979 3.09 1.356
2300AQ -1.267 -6.93 -0.002 -0.344 -2.877 -0.002 -0.68 -5.643 -0.002 -0.68 -5.643 -0.002 -1.873 -5.315 -0.002
2300AT -4.367 -3.974 0.45 1.313 -3.242 0.533 -3.899 -3.266 0.495 -3.899 -3.266 0.495 -2.803 -3.275 0.482
2300AU -0.988 -3.413 0.054 -1.379 -1.782 0.022 -0.84 -2.733 0.043 -0.84 -2.733 0.043 -0.048 -2.695 0.049
2300AV 1.91 0.041 1.158 0.018 -1.729 1.419 1.759 -0.047 1.085 1.759 -0.047 1.085 1.903 -0.108 1.073
2300AW -1.348 2.085 3.071 -8.385 3.974 2.477 -1.399 2.054 2.579 -1.399 2.054 2.579 0.059 2.302 2.311
2300AX 0.579 -1.427 0.509 -1.878 -0.254 0.898 0.581 -1.423 0.505 0.581 -1.423 0.505 0.075 -1.35 0.529
2300AZ 3.598 1.206 -0.002 3.013 1.232 -0.008 3.606 1.208 -0.005 3.606 1.208 -0.005 3.565 0.806 -0.004
2300B0 -2.986 0.115 -0.012 -6.283 0.214 -0.12 -2.913 0.139 -0.124 -2.913 0.139 -0.124 -2.771 0.129 -0.15
2300B1 0.936 0.688 -0.412 -1.169 2.093 -0.405 0.877 0.703 -0.264 0.877 0.703 -0.264 -0.227 0.363 -0.228
2300B2 5.49 -3.574 -2.056 4.52 -3.322 -2.483 4.493 -2.821 -1.869 4.493 -2.821 -1.869 4.119 -2.929 -1.924
2300B5 0.394 0.115 -0.011 0.118 0.118 -0.13 0.413 0.109 -0.012 0.413 0.109 -0.012 0.744 0.011 0.025
2300B7 9.02 -4.477 -2.82 8.972 -5.231 -3.16 8.77 -4.338 -2.822 8.77 -4.338 -2.822 8.391 -4.071 -2.832
2300B8 -2.305 -9.254 2.535 -0.268 -6.972 2.268 -2.048 -8.089 2.316 -2.048 -8.089 2.316 -1.228 -8.017 2.301
2300BA -5.337 -0.912 0.923 -9.179 2.103 0.372 -4.955 -0.727 0.718 -4.955 -0.727 0.718 -4.179 -0.436 0.735
2300BC -1.559 -0.45 0.0 -0.614 0.329 0.0 -1.511 -0.469 0.008 -1.511 -0.469 0.008 -3.355 1.413 0.0
2300BD 3.365 1.528 -7.397 1.937 0.812 -6.608 2.787 1.314 -6.224 2.787 1.314 -6.224 0.3 2.179 -6.195
2300BF -2.308 -7.352 0.007 -0.617 -6.073 0.005 -1.966 -6.191 0.006 -1.966 -6.191 0.006 -1.211 -6.143 0.006
2300BH -3.307 -5.996 0.0 0.991 -2.492 0.0 -3.016 -5.621 -0.0 -3.016 -5.621 -0.0 -2.398 -5.149 -0.0
2300BI 1.157 0.015 0.511 1.135 -1.029 0.492 1.162 0.033 0.516 1.162 0.033 0.516 1.621 -0.543 0.455
2300BK -0.308 0.193 1.345 2.215 -1.249 1.377 -0.312 0.189 1.343 -0.312 0.189 1.343 -0.215 0.115 1.378
2300BN -0.345 1.136 0.55 -0.955 1.432 0.892 -0.347 1.124 0.545 -0.347 1.124 0.545 -0.187 1.137 0.601
2300BO -4.826 -9.574 0.198 -1.86 -7.413 0.24 -4.37 -8.87 0.221 -4.37 -8.87 0.221 -1.704 -8.539 0.244
2300BQ 3.289 0.049 0.577 3.327 -0.198 0.331 3.294 0.023 0.572 3.294 0.023 0.572 1.852 0.379 0.431
2300BR -0.072 -2.376 0.0 3.7 -5.866 -0.0 -0.051 -2.384 0.0 -0.108 -2.368 0.0 -2.683 -2.614 0.0
2300BT 1.058 -0.967 -2.201 0.786 -0.861 -2.446 0.746 -0.765 -2.076 0.746 -0.765 -2.076 0.756 -0.788 -2.128
2300BU -5.869 -2.877 -0.533 -9.204 -3.169 -0.61 -5.857 -2.884 -0.534 -5.857 -2.884 -0.534 -5.993 -2.591 -0.525
2300BW 0.438 -0.009 0.835 3.308 -1.434 0.511 0.437 -0.006 0.838 0.437 -0.006 0.838 0.623 0.139 0.804
2300BX -9.598 5.917 -1.004 -4.534 3.233 -0.334 -8.349 4.936 -0.594 -8.349 4.936 -0.594 -5.782 4.705 -0.591
2300BY -0.871 -1.186 -3.536 -1.588 -1.264 -4.245 -0.883 -1.197 -3.532 -0.883 -1.197 -3.532 -0.317 -1.007 -3.343
2300BZ 2.781 -1.236 -1.543 3.027 0.074 -1.663 2.777 -1.26 -1.551 2.777 -1.26 -1.551 2.228 -1.836 -1.207
2300C0 4.494 0.26 0.085 6.787 -6.933 -0.042 4.344 0.365 0.031 4.344 0.365 0.031 4.54 0.697 0.028
2300C1 -7.342 4.808 2.578 -5.635 3.379 2.39 -7.098 4.511 2.411 -7.098 4.511 2.411 -6.471 4.91 2.373
2300C3 1.104 1.33 1.152 -0.226 1.51 1.079 1.098 1.359 1.158 1.098 1.359 1.158 0.503 1.579 1.062
2300C4 -1.085 -1.987 0.516 -0.533 -1.725 0.329 -0.887 -1.573 0.338 -0.887 -1.573 0.338 -1.033 -1.419 0.244
2300C5 9.387 -2.323 0.0 1.662 -0.556 0.0 9.333 -2.331 0.0 9.333 -2.331 0.0 8.413 -2.718 0.0
2300C6 2.274 -6.877 0.007 -0.365 -6.432 0.005 2.256 -6.873 0.004 2.231 -6.569 0.003 5.43 -4.676 0.002
2300C7 -2.365 0.645 -2.428 -1.685 -0.991 -1.378 -2.153 0.501 -1.686 -2.153 0.501 -1.686 -0.657 0.269 -1.615
2300C8 -2.284 -1.039 -0.048 0.961 -2.013 -0.372 -2.258 -1.02 -0.179 -2.181 -1.058 -0.187 -1.474 -0.887 -0.164
2300C9 1.618 -2.444 0.0 1.095 0.263 0.0 1.635 -2.414 0.0 1.635 -2.414 0.0 2.301 -1.595 0.0
2300CB 0.039 1.023 0.036 -0.12 0.28 -1.407 0.096 0.926 -0.154 0.096 0.926 -0.154 0.11 0.881 -0.194
2300CC -5.978 -6.304 0.986 1.57 2.918 1.735 -5.487 -5.829 0.702 -5.487 -5.829 0.702 -2.267 -6.33 0.844
2300CD -2.687 3.066 -1.549 -2.523 3.479 -0.982 -2.525 2.921 -1.201 -2.525 2.921 -1.201 -2.324 2.856 -1.07
2300CF -7.559 -0.862 -0.76 -5.288 -3.367 -0.947 -6.43 -0.698 -0.71 -6.43 -0.698 -0.71 -6.263 -1.429 -0.714
2300CK 2.372 10.697 -1.362 -2.415 6.179 -0.243 2.352 10.561 -1.402 2.352 10.561 -1.402 3.459 10.344 -1.441
2300CL 2.084 1.135 -0.171 -0.008 -0.355 -0.053 1.771 0.859 -0.13 1.771 0.859 -0.13 1.913 0.845 -0.155
2300CM -1.231 0.57 -0.568 -0.785 0.27 -0.349 -1.235 0.574 -0.571 -1.235 0.574 -0.571 -1.289 0.311 -0.437
2300CP 0.019 8.194 0.0 0.0 1.553 -0.009 0.0 8.177 0.004 -0.001 8.182 0.003 -0.001 8.244 0.003
2300CQ 9.403 -1.622 0.358 -0.154 -0.42 0.512 8.815 -1.559 0.236 8.815 -1.559 0.236 6.057 -2.67 0.261
2300CT -0.71 -8.989 3.645 1.076 -3.633 3.354 -0.519 -7.852 3.365 -0.519 -7.852 3.365 -0.554 -7.844 3.329
2300CW 3.341 5.043 0.001 2.88 2.377 -0.0 3.321 4.924 -0.001 3.321 4.924 -0.001 3.511 4.886 -0.001
2300CY 2.412 0.954 2.4 -7.595 3.647 1.43 2.069 0.912 1.919 2.069 0.912 1.919 2.006 1.041 1.947
2300CZ 0.0 0.0 0.0 -0.0 0.0 -0.0 0.009 0.028 0.002 0.009 0.028 0.002 -0.0 0.0 -0.0
2300D0 0.467 -0.338 0.001 0.507 -0.623 -0.0 0.457 -0.33 0.0 0.457 -0.33 0.0 1.681 -1.042 0.0
2300D1 -3.235 -1.969 -4.573 -8.227 3.687 -3.438 -3.255 -1.957 -4.571 -3.255 -1.957 -4.571 -3.701 -1.992 -4.56
2300D2 -3.401 -6.418 0.001 -2.746 -6.382 0.0 -3.048 -5.788 0.0 -3.048 -5.788 0.0 -3.565 -5.482 0.0
2300D5 -3.165 -2.263 -0.988 -2.826 -0.12 -1.292 -3.151 -2.202 -0.987 -3.197 -2.268 -0.986 -5.267 0.411 -0.953
2300D6 0.198 1.645 0.469 1.593 0.886 0.587 0.195 1.509 0.445 0.195 1.509 0.445 0.323 1.548 0.407
2300D8 -2.832 -0.584 -0.044 -2.247 -0.686 -0.641 -2.79 -0.615 -0.054 -2.866 -0.551 -0.036 -2.448 -0.628 -0.122
2300DC 0.318 -0.806 -2.525 0.485 -3.802 -2.579 0.252 -0.905 -2.129 0.252 -0.905 -2.129 0.166 -1.596 -2.77
2300DB 4.03 1.936 -0.193 3.521 -0.005 0.025 4.068 1.921 -0.184 4.068 1.921 -0.184 4.649 2.062 0.081
2300DF -2.45 3.412 -0.081 1.837 3.56 -0.441 -2.421 3.351 -0.135 -2.236 3.253 -0.238 -2.573 2.789 -0.224
2300DI 2.994 1.897 1.022 -1.309 2.911 0.658 2.674 1.877 0.806 2.674 1.877 0.806 2.49 3.206 0.731
2300DK -0.83 5.154 1.906 -1.319 4.274 2.639 -0.832 5.105 1.905 -0.832 5.105 1.905 -0.85 5.064 1.909
2300DL 6.529 0.92 0.04 3.213 -1.593 0.029 6.189 0.759 0.026 6.189 0.759 0.026 5.243 0.248 0.025
2300DM 6.403 -5.573 2.508 5.654 -5.01 2.568 6.046 -5.155 2.395 6.046 -5.155 2.395 5.815 -5.218 2.564
2300DN 9.005 1.35 -0.0 -0.182 1.835 0.0 8.038 1.13 -0.0 8.038 1.13 -0.0 7.301 0.928 -0.0
2300DP 2.62 2.842 -0.547 0.953 2.392 -0.452 2.301 2.527 -0.596 2.301 2.527 -0.596 2.225 2.607 -0.568
2300DQ -3.73 2.822 -0.514 -1.994 2.084 0.194 -3.645 2.726 -0.42 -3.645 2.726 -0.42 -2.799 2.377 -0.469
2300DU -1.407 -2.216 0.002 0.541 -1.035 0.001 -1.218 -1.924 0.001 -1.218 -1.924 0.001 -1.1 -1.957 0.001
2300DX -3.23 -1.915 -2.296 -0.998 -2.201 -3.191 -2.993 -1.778 -2.248 -2.993 -1.778 -2.248 -2.894 -2.08 -2.408
2300E1 -2.555 5.837 -1.047 -2.1 4.556 -0.264 -2.457 5.096 -0.624 -2.457 5.096 -0.624 -2.676 5.075 -0.531
2300E0 -1.084 4.448 -0.41 -0.339 3.243 0.132 -1.078 4.188 -0.12 -1.078 4.188 -0.12 -1.532 4.057 -0.139
2300E2 0.25 -1.591 -0.334 0.784 -0.977 -0.287 0.206 -1.423 -0.308 0.206 -1.423 -0.308 0.152 -1.212 -0.3
2300E3 7.883 0.675 -0.002 2.694 0.087 -0.002 6.638 0.439 -0.002 6.638 0.439 -0.002 6.449 0.227 -0.002
2300E4 -5.847 4.513 -1.185 -4.887 3.477 -1.01 -4.898 3.762 -0.974 -4.898 3.762 -0.974 -4.667 3.612 -0.988
2300E5 -2.698 -5.3 0.417 -2.083 -4.889 0.585 -2.464 -5.042 0.509 -2.464 -5.042 0.509 -1.976 -5.273 0.461
2300E8 1.054 0.301 1.529 2.752 -2.084 1.534 1.067 0.285 1.527 1.067 0.285 1.527 1.483 0.551 1.411
2300EB -8.113 -4.729 1.556 -4.949 -3.277 1.45 -6.912 -3.739 1.423 -6.912 -3.739 1.423 -6.985 -3.709 1.639
2300EC 1.027 5.803 -2.981 1.525 5.103 -4.149 1.039 5.81 -2.982 1.039 5.81 -2.982 0.454 6.363 -4.002
2300ED 0.258 4.46 -1.481 -0.01 3.058 -0.669 0.207 3.976 -1.307 0.207 3.976 -1.307 0.193 4.026 -1.288
2300EE 0.97 1.484 0.558 -0.027 0.776 1.239 0.993 1.483 0.561 0.993 1.483 0.561 -0.089 1.133 0.591
2300EF 0.359 1.383 -1.089 -0.062 0.873 -2.049 0.362 1.385 -1.087 0.362 1.385 -1.087 0.949 1.406 -1.475
2300EH 1.636 -2.798 -0.426 -0.898 -2.996 -0.635 1.629 -2.805 -0.427 1.629 -2.805 -0.427 0.303 -3.006 -0.435
2300EL 0.316 1.024 0.665 -0.07 1.401 1.346 0.3 1.016 0.666 0.3 1.016 0.666 0.112 0.979 0.733
2300EM 1.013 -1.463 -1.384 0.423 -1.174 -1.794 1.099 -1.531 -1.347 1.069 -1.483 -1.372 3.635 -0.039 -2.349
2300EO 0.571 -2.598 1.322 -0.011 -4.608 -0.088 0.575 -2.6 1.318 0.575 -2.6 1.318 0.473 -2.696 1.694
2300EP -5.662 0.694 -0.504 -2.841 1.492 -0.818 -4.853 0.685 -0.399 -4.853 0.685 -0.399 -4.66 1.434 -0.472
2300ER -14.076 -2.048 -0.844 -10.704 -1.637 -1.286 -11.522 -1.804 -1.007 -11.522 -1.804 -1.007 -11.617 -1.836 -0.987
2300ES -3.168 -3.055 1.459 -3.643 -1.33 2.442 -2.883 -2.686 1.31 -2.883 -2.686 1.31 -3.174 -1.699 1.324
2300ET -4.627 0.54 0.853 -3.914 1.255 0.403 -4.121 0.541 0.822 -4.121 0.541 0.822 -3.708 0.361 0.844
2300F2 -2.299 8.268 -1.786 -1.197 6.138 -1.568 -1.658 6.681 -1.573 -1.658 6.681 -1.573 -1.677 6.618 -1.552
2300F3 1.01 0.552 1.479 0.006 -1.569 1.893 0.993 0.541 1.451 0.993 0.541 1.451 1.357 0.793 1.475
2300F4 -0.064 -5.054 0.657 0.992 -6.084 0.79 -0.072 -4.997 0.718 -0.072 -4.997 0.718 0.473 -4.906 0.701
2300F5 -2.285 2.327 -2.321 -3.929 -0.415 -0.755 -2.259 2.335 -2.326 -2.239 2.279 -2.283 -2.448 2.432 -2.169
2300F6 -1.508 -1.766 -1.054 -3.415 -5.558 -1.31 -1.505 -1.758 -1.049 -1.505 -1.758 -1.049 -2.213 -2.082 -1.092
2300F8 4.566 -1.001 -1.797 3.911 -0.879 -2.5 3.905 -0.776 -1.812 3.905 -0.776 -1.812 3.625 -0.811 -2.015
2300FE -5.603 -0.962 -2.236 -3.432 -1.618 -2.742 -4.999 -0.89 -1.952 -4.999 -0.89 -1.952 -5.136 -1.058 -1.983
2300FG 0.955 -4.434 2.213 3.421 -1.908 1.212 0.854 -3.755 1.783 0.854 -3.755 1.783 1.864 -2.951 2.094
2300FK 4.308 -2.658 0.11 2.005 -1.987 0.052 3.611 -2.275 0.112 3.611 -2.275 0.112 3.429 -2.3 0.139
2300FM 2.634 0.796 -0.001 -0.363 2.566 -0.001 2.44 0.781 -0.001 2.44 0.781 -0.001 1.144 1.71 -0.001
2300FN -3.1 -8.894 -0.002 -9.633 -7.548 -0.002 -3.085 -8.877 -0.001 -3.085 -8.877 -0.001 -3.196 -8.169 -0.001
2300FP -1.136 -1.028 1.913 -1.625 -0.743 2.097 -1.136 -0.975 1.81 -1.136 -0.975 1.81 -1.328 -0.983 1.826
2300FQ -0.352 1.886 -0.823 0.345 2.332 -0.643 -0.309 1.765 -0.801 -0.309 1.765 -0.801 0.19 1.808 -1.09
2300FR -2.58 -2.408 -3.008 -1.786 -2.525 -2.981 -2.309 -2.248 -2.761 -2.309 -2.248 -2.761 -1.646 -1.628 -2.455
2300FT -1.543 -4.235 4.685 -0.383 -3.136 3.688 -1.342 -3.733 3.856 -1.342 -3.733 3.856 -0.995 -3.336 4.055
2300FV 5.478 -1.664 0.001 5.334 -0.901 0.0 5.334 -0.901 0.0 5.334 -0.901 0.0 4.099 -2.444 0.0
2300FW -2.456 -2.434 5.633 -2.235 -1.48 4.303 -2.217 -2.314 4.997 -2.217 -2.314 4.997 -1.134 -2.182 4.994
2300FY 3.184 -2.554 0.46 3.243 -2.628 -0.245 2.792 -2.222 0.221 2.792 -2.222 0.221 3.055 -2.427 0.125
2300G1 -3.147 0.617 1.238 -3.804 2.855 1.894 -3.17 0.622 1.244 -3.17 0.622 1.244 -2.723 2.881 0.752
2300G3 0.435 -3.021 -2.202 -1.001 -0.56 -1.38 0.521 -2.708 -1.969 0.521 -2.708 -1.969 0.14 -2.483 -2.056
2300G4 -1.829 -8.33 0.974 -2.182 -8.588 0.516 -1.665 -7.432 0.576 -1.665 -7.432 0.576 -1.681 -7.625 0.577
2300G5 -3.259 -0.915 -0.0 0.831 -0.378 -0.002 -3.255 -0.915 -0.002 -3.277 -0.909 -0.002 -4.049 0.212 -0.002
2300G6 1.697 0.935 1.591 3.886 -0.593 0.98 1.703 0.913 1.548 1.703 0.913 1.548 0.79 0.824 1.554
2300G8 -0.988 6.56 0.05 -2.54 3.839 -0.019 -0.796 5.626 0.015 -0.796 5.626 0.015 -1.367 4.217 0.013
2300G9 2.263 -3.266 1.272 1.122 -3.948 0.78 2.344 -2.745 0.904 2.329 -2.843 0.897 2.825 -2.629 0.885
2300GA -1.56 0.864 1.717 0.397 -1.422 1.636 -1.534 0.838 1.673 -1.534 0.838 1.673 -0.175 0.924 1.635
2300GB -3.147 1.699 -0.207 -0.896 1.334 -0.267 -2.51 1.383 -0.363 -2.51 1.383 -0.363 -2.474 1.379 -0.356
2300GC 0.359 0.843 -0.007 -1.115 -1.285 0.001 0.37 0.822 -0.007 0.37 0.822 -0.007 2.929 -0.286 -0.004
2300GE -6.178 3.137 -0.105 -5.616 0.382 -0.733 -5.83 2.893 -0.183 -5.83 2.893 -0.183 -4.601 3.103 -0.127
2300GF 2.286 -1.528 4.295 1.192 -1.236 4.6 2.301 -1.521 4.296 2.301 -1.521 4.296 1.527 -1.399 4.595
2300GK 1.112 1.356 -0.535 2.46 1.269 -0.919 1.121 1.409 -0.502 1.121 1.409 -0.502 0.836 1.464 -0.393
2300GJ -2.069 0.575 0.693 1.595 1.073 -0.309 -1.943 0.543 0.484 -1.943 0.543 0.484 -1.374 0.597 0.402
2300GN -6.377 -3.262 0.0 1.72 13.311 0.0 -5.379 -2.826 0.0 -5.444 -2.865 0.0 -4.725 -3.207 0.0
2300GP -1.438 0.123 -1.581 -0.929 0.128 -1.87 -1.449 0.123 -1.58 -1.449 0.123 -1.58 -1.335 0.122 -1.612
2300GQ -1.068 0.153 -1.38 -0.426 0.158 -1.657 -1.06 0.153 -1.382 -1.06 0.153 -1.382 -0.269 0.133 -1.425
2300GR -0.486 1.337 0.713 -0.141 -0.596 0.777 -0.487 1.33 0.714 -0.487 1.33 0.714 -0.395 0.578 0.733
2300GS 0.03 -0.001 0.024 -0.15 -0.314 0.017 0.023 -0.007 0.024 0.023 -0.007 0.024 -0.101 0.158 0.025
2300GT -0.037 0.29 -0.157 -0.357 -0.752 0.197 -0.039 0.302 -0.155 -0.039 0.302 -0.155 0.09 -0.221 -0.225
2300GV 0.744 -5.794 2.167 1.16 -5.113 2.08 0.669 -5.203 2.077 0.669 -5.203 2.077 0.159 -5.583 2.103
2300GX 0.604 -0.584 -1.015 -5.367 -0.233 -0.069 0.621 -0.569 -1.01 0.646 -0.588 -1.009 -2.655 -0.214 -1.035
2300GY 4.623 -4.659 -1.868 4.312 -3.292 -0.667 3.988 -4.107 -1.598 3.988 -4.107 -1.598 3.408 -4.07 -1.583
2300GZ -6.168 1.647 0.0 -3.394 0.788 0.0 -5.247 1.304 0.0 -5.247 1.304 0.0 -5.18 2.054 0.0
2300H0 7.292 11.417 0.445 4.813 6.305 0.275 6.642 10.392 0.303 6.604 10.223 0.373 5.353 8.596 0.356
2300H1 0.705 1.952 0.643 2.569 2.386 1.754 0.707 1.959 0.645 0.707 1.959 0.645 0.532 2.001 0.65
2300H3 1.382 -3.631 1.564 1.224 -2.817 2.764 1.087 -2.961 1.352 1.087 -2.961 1.352 1.236 -3.103 1.357
2300H4 -1.633 -4.709 0.001 -2.6 -4.716 0.002 -1.44 -3.956 0.019 -1.44 -3.956 0.019 -1.411 -3.943 0.0
2300H5 -5.935 -0.782 1.113 -3.296 -2.697 1.219 -4.843 -1.034 1.283 -4.843 -1.034 1.283 -4.925 -1.066 1.265
2300H6 -3.953 1.385 0.847 -8.642 5.798 0.524 -3.787 1.382 0.626 -3.78 1.345 0.633 -5.003 4.132 0.632
2300H8 -21.239 5.596 0.939 -21.902 12.473 0.693 -17.045 4.464 0.834 -17.045 4.464 0.834 -17.503 4.697 0.817
2300H9 4.278 0.62 0.086 3.291 4.123 0.115 4.281 0.63 0.106 4.281 0.63 0.106 4.923 2.121 0.11
2300HA 1.26 -2.685 0.407 0.859 -1.518 -0.885 1.248 -2.656 0.395 1.248 -2.656 0.395 1.062 -2.58 0.1
2300HD -1.028 0.786 1.232 -2.285 1.223 0.827 -1.023 0.797 1.229 -1.023 0.797 1.229 -1.252 0.728 2.031
2300HF -0.723 -1.442 0.884 -0.789 -1.777 1.007 -0.695 -1.421 0.881 -0.695 -1.421 0.881 -0.727 -1.415 0.857
2300HE -0.051 1.402 0.466 -1.138 2.019 0.414 -0.029 1.41 0.469 -0.029 1.41 0.469 0.026 1.484 0.472
2300HG 1.14 -1.019 0.158 2.741 -4.258 0.284 1.158 -0.975 0.174 1.151 -1.003 0.138 1.857 -0.952 0.307
2300HH -1.188 0.685 1.407 -0.247 1.329 0.268 -1.2 0.667 1.405 -1.2 0.667 1.405 -0.552 0.56 1.108
2300HI -0.125 3.316 3.358 0.028 2.105 1.878 -0.166 2.735 2.738 -0.166 2.735 2.738 -0.17 2.818 2.659
2300HJ 0.613 2.173 -3.591 0.374 1.357 -2.235 0.477 1.743 -2.894 0.477 1.743 -2.894 0.438 1.722 -2.871
2300HK 0.735 4.679 -0.077 1.254 5.318 -0.115 0.626 4.385 -0.028 0.626 4.385 -0.028 -0.59 4.55 -0.04
2300HM -3.307 -0.152 -4.29 -2.024 0.131 -4.435 -2.864 -0.198 -3.78 -2.864 -0.198 -3.78 -2.298 -0.47 -3.836
2300HN -2.739 0.915 -0.457 -1.416 -3.418 0.486 -2.724 0.919 -0.461 -2.724 0.919 -0.461 -2.084 0.668 -0.429
2300HO -5.216 1.172 1.022 -2.514 2.952 0.834 -4.62 1.177 0.891 -4.62 1.177 0.891 -3.317 2.012 0.867
2300HP -3.165 12.19 1.641 -6.464 12.343 1.249 -2.771 10.336 1.373 -2.771 10.336 1.373 -2.722 10.526 1.399
2300HQ -10.128 -3.01 0.0 -9.35 -1.761 -0.0 -8.914 -2.658 -0.0 -8.914 -2.658 -0.0 -9.124 -2.706 -0.0
2300HR 1.624 -0.002 0.541 0.703 0.002 -0.316 1.559 -0.001 0.463 1.559 -0.001 0.463 1.358 -0.002 0.513
2300HS 2.648 3.142 4.094 2.183 1.824 3.804 2.239 2.686 3.37 2.239 2.686 3.37 2.137 2.823 3.36
2300HU -0.284 0.558 1.885 -0.879 0.017 1.289 -0.307 0.592 1.881 -0.307 0.592 1.881 -0.644 -0.019 1.701
2300HV -5.583 1.753 1.734 0.685 1.305 1.405 -4.908 1.603 1.532 -4.908 1.603 1.532 -1.131 2.578 1.419
2300HW 4.818 1.52 -0.003 5.455 1.314 -0.002 4.752 1.456 -0.002 4.752 1.456 -0.002 3.907 1.375 -0.002
2300HX 0.729 -4.796 2.475 -0.125 -12.369 3.216 0.725 -4.831 2.483 0.725 -4.831 2.483 1.496 -4.805 2.71
2300HZ -2.763 0.75 -0.023 -1.224 0.584 -0.122 -2.748 0.756 -0.021 -2.748 0.756 -0.021 -2.152 0.72 -0.116
2300I1 -3.762 -0.0 0.0 -2.992 -0.0 -0.0 -3.149 0.008 0.009 -3.149 0.008 0.009 -3.153 -0.0 -0.0
2300I2 0.927 -0.552 2.023 4.079 -0.308 1.494 0.897 -0.546 2.019 0.897 -0.546 2.019 1.967 -0.877 2.034
2300I3 2.038 -2.738 -0.11 2.535 -3.266 -0.088 2.026 -2.739 -0.108 2.026 -2.739 -0.108 1.902 -2.827 -0.102
2300I5 2.006 8.2 1.773 1.89 7.211 1.583 1.976 7.857 1.588 1.976 7.857 1.588 1.865 7.628 1.559
2300I6 -4.023 6.078 0.945 -1.842 6.032 0.061 -3.6 5.553 0.601 -3.6 5.553 0.601 -3.293 5.241 0.604
2300I8 -0.564 5.244 0.013 0.686 14.034 0.005 -0.541 5.234 -0.002 -0.541 5.234 -0.002 0.563 5.322 -0.002
2300IA -1.434 0.668 -1.32 -0.631 1.305 -1.363 -1.475 0.65 -1.32 -1.475 0.65 -1.32 -2.291 1.723 -1.239
2300IC 5.774 -1.263 1.371 3.694 -0.579 1.683 4.595 -0.899 1.313 4.595 -0.899 1.313 4.482 -0.847 1.35
2300IE 3.044 -3.952 0.724 2.801 -2.653 1.247 2.668 -3.313 0.892 2.668 -3.313 0.892 2.634 -3.11 0.937
2300IG -1.609 -4.849 0.961 -3.43 -4.222 1.181 -1.561 -4.065 0.906 -1.561 -4.065 0.906 -1.617 -4.052 0.902
2300IH 0.099 -0.049 0.003 0.576 -0.132 -0.056 0.122 -0.048 -0.0 0.122 -0.048 -0.0 -0.636 -0.602 0.773
2300IJ 1.965 1.014 2.579 3.778 4.016 4.739 1.724 0.867 2.287 1.724 0.867 2.287 2.236 0.919 2.52
2300II 2.952 -0.214 2.158 9.716 3.187 4.264 2.783 -0.084 1.895 2.805 -0.113 1.941 5.683 1.136 1.023
2300IL -2.128 -1.511 -0.167 0.257 0.907 -0.065 -2.147 -1.523 -0.167 -2.147 -1.523 -0.167 -2.327 -2.244 -0.166
2300IM -3.471 3.305 0.0 -1.218 0.903 0.0 -3.168 2.805 0.0 -3.168 2.805 0.0 -3.191 1.728 0.0
2300IN -1.139 0.487 0.024 -2.965 2.585 0.105 -1.131 0.485 0.024 -1.131 0.485 0.024 -1.738 0.165 0.066
2300IO -3.49 1.701 1.876 -4.963 0.886 2.025 -3.344 1.617 1.747 -3.344 1.617 1.747 -2.759 1.31 1.838
2300IR 4.513 4.051 -2.459 0.995 1.599 -2.574 4.436 3.968 -2.387 4.436 3.968 -2.387 1.463 3.727 -2.576
2300IV 0.912 -1.706 0.207 0.963 -1.832 0.229 0.985 -1.752 0.198 0.985 -1.752 0.198 1.219 -1.768 0.101
2300IU -1.042 3.62 0.45 0.414 3.521 0.314 -0.986 3.456 0.412 -0.986 3.456 0.412 -0.405 3.349 0.379
2300IW -1.923 -2.326 -2.681 -3.144 -0.481 -2.05 -1.871 -2.179 -2.37 -1.871 -2.179 -2.37 -2.595 -1.882 -2.382
2300IY 2.709 -2.687 0.039 2.173 -3.16 0.656 2.51 -2.48 0.086 2.706 -2.695 0.054 2.861 -2.686 0.051
2300J0 4.906 2.828 0.065 5.368 -0.811 0.075 4.07 2.253 0.055 4.07 2.253 0.055 4.06 2.064 0.055
2300IZ 4.699 2.325 0.0 5.148 0.611 0.0 4.4 2.168 0.0 4.4 2.168 0.0 4.573 1.879 0.0
2300J1 4.496 -0.36 4.388 4.001 -0.669 4.261 3.933 -0.266 3.872 3.933 -0.266 3.872 2.725 -0.639 4.051
2300J2 -0.775 1.636 0.392 0.178 2.488 -0.296 -0.772 1.634 0.397 -0.772 1.634 0.397 -0.442 1.551 0.917
2300J4 0.102 0.497 0.019 -1.909 2.967 -0.779 0.109 0.501 0.019 0.109 0.501 0.019 0.568 1.334 0.132
2300J5 1.251 0.318 -0.078 5.453 -0.366 -0.156 1.235 0.307 -0.075 1.235 0.307 -0.075 1.194 0.302 -0.067
2300J8 1.687 -1.82 0.884 3.358 -1.408 1.806 1.628 -1.524 0.985 1.628 -1.524 0.985 0.955 -1.612 1.038
2300JA 0.285 -2.367 -1.604 1.611 0.495 -1.132 0.398 -2.021 -1.301 0.398 -2.021 -1.301 1.018 -1.526 -1.431
2300JD -2.468 12.439 3.597 -3.07 10.425 3.606 -2.403 11.246 3.295 -2.403 11.246 3.295 -2.855 11.179 3.199
2300JE 0.165 1.626 4.372 -0.554 1.413 4.663 0.278 1.472 4.09 0.278 1.472 4.09 1.256 1.339 3.738
2300JF 3.592 1.866 0.915 3.244 2.489 1.241 3.391 1.744 1.21 3.391 1.744 1.21 3.06 2.201 1.293
2300JH -1.428 1.984 0.315 -0.885 1.11 0.034 -1.051 1.274 -0.02 -1.051 1.274 -0.02 -1.001 1.234 0.008
2300JG -2.04 1.587 -1.173 -1.03 0.583 -0.684 -1.623 1.233 -0.782 -1.623 1.233 -0.782 -1.492 1.236 -0.77
2300JI -3.289 -0.732 1.864 -4.567 -2.699 4.597 -3.316 -0.731 1.861 -3.265 -0.716 1.88 -3.261 -1.187 1.982
2300JK -0.374 1.366 1.416 1.977 -0.156 1.694 -0.357 1.366 1.409 -0.357 1.366 1.409 0.475 1.198 1.387
2300JL 3.846 -0.102 -1.445 3.233 -0.327 -1.758 3.516 -0.114 -1.491 3.516 -0.114 -1.491 3.319 0.016 -1.534
2300JM 1.99 -4.873 0.815 4.294 -5.658 0.658 1.848 -4.176 0.598 1.848 -4.176 0.598 1.874 -4.191 0.603
2300JP -6.731 1.658 -0.613 -5.225 2.159 -0.971 -5.958 1.581 -0.459 -5.958 1.581 -0.459 -4.927 1.746 -0.461
2300JQ -3.392 2.387 -1.4 -2.014 2.169 -1.027 -3.404 2.397 -1.402 -3.404 2.397 -1.402 -3.305 2.198 -1.558
2300JR 1.886 -0.853 -0.027 0.211 -0.114 0.865 1.897 -0.854 -0.02 1.897 -0.854 -0.02 1.661 -0.505 0.003
2300JS 0.001 -0.0 0.001 0.0 0.0 0.001 -0.036 -0.008 0.001 -0.036 -0.008 0.001 0.0 -0.0 0.001
2300JT 6.381 1.318 -1.4 5.605 -0.111 -1.876 5.56 1.15 -1.273 5.56 1.15 -1.273 5.428 0.913 -1.304
2300JV -2.148 -2.618 2.747 -1.144 -1.769 2.29 -1.873 -2.183 2.376 -1.873 -2.183 2.376 -1.734 -2.064 2.465
2300JW -1.349 3.539 0.896 -0.931 4.119 0.759 -1.236 3.174 0.776 -1.236 3.174 0.776 -0.938 3.225 0.714
2300K0 -0.946 1.563 -0.489 -1.482 1.342 -0.078 -0.925 1.538 -0.447 -0.925 1.538 -0.447 -0.695 1.743 -0.538
2300K1 -3.487 -0.424 -2.191 -3.809 -1.946 -5.205 -3.086 -0.35 -1.902 -3.086 -0.35 -1.902 -2.761 -0.38 -1.786
2300JZ -3.334 0.05 -0.359 -2.86 -0.308 -3.774 -3.347 0.07 -0.356 -3.347 0.07 -0.356 -1.79 -0.496 -0.713
2300K3 0.412 -3.246 -0.062 2.684 -2.859 0.082 0.415 -3.256 -0.061 0.415 -3.256 -0.061 0.551 -3.29 -0.054
2300K5 2.872 3.974 -1.595 -0.437 2.423 -1.07 2.411 3.407 -1.411 2.411 3.407 -1.411 2.559 2.916 -1.234
2300K8 1.673 -0.238 0.808 3.074 0.3 1.008 1.671 -0.234 0.809 1.655 -0.215 0.885 2.893 0.191 0.731
2300KA 3.776 0.872 1.702 3.038 0.281 2.202 3.431 0.791 1.843 3.431 0.791 1.843 3.22 0.709 1.842
2300KC -1.569 0.188 -2.688 -0.883 1.394 -3.214 -1.427 0.19 -2.564 -1.427 0.19 -2.564 -1.37 0.222 -2.546
2300KE 3.884 -1.97 -0.362 3.9 -5.371 -0.196 3.439 -1.75 -0.346 3.439 -1.75 -0.346 3.17 -1.802 -0.377
2300KF 1.864 7.087 -4.655 0.66 6.318 -4.461 1.721 6.736 -4.535 1.721 6.736 -4.535 1.5 6.542 -4.573
2300KG 8.094 -0.127 -0.001 17.735 -1.127 -0.001 7.775 -0.193 -0.0 7.775 -0.193 -0.0 7.854 -0.049 -0.0
2300KH -4.55 -5.784 1.315 -11.383 -13.847 2.201 -4.546 -5.78 1.307 -4.546 -5.78 1.307 -5.369 -5.645 1.111
2300KI 0.246 3.005 0.254 -1.139 2.831 0.181 0.301 2.842 0.274 0.301 2.842 0.274 0.313 2.866 0.273
2300KL 8.52 -4.062 1.606 1.445 -3.121 1.331 7.176 -3.412 1.245 7.176 -3.412 1.245 7.117 -3.155 1.213
2300KM -4.721 -0.387 3.18 -6.463 -1.713 2.196 -4.464 -0.381 2.401 -4.464 -0.381 2.401 -4.321 0.066 2.382
2300KN 22.435 -2.161 1.838 22.264 -1.229 2.009 20.596 -2.052 1.605 20.596 -2.052 1.605 20.255 -1.931 1.774
2300KP 8.535 2.441 -0.101 4.536 1.683 0.0 7.243 2.152 -0.022 7.243 2.152 -0.022 7.045 2.172 -0.003
2300KQ 2.369 1.191 -0.459 -3.356 1.532 -0.508 2.249 1.112 -0.463 2.249 1.112 -0.463 1.384 1.416 -0.478
2300KR 2.309 3.555 -0.283 1.007 2.184 -0.227 1.802 2.959 -0.216 1.802 2.959 -0.216 1.596 2.794 -0.108
2300KS 2.294 1.298 0.055 3.774 0.769 -0.509 2.302 1.298 0.059 2.302 1.298 0.059 1.749 1.262 -0.058
2300KT -5.387 2.342 -3.26 -4.437 1.631 -3.313 -5.102 2.2 -3.152 -5.102 2.2 -3.152 -5.546 2.233 -3.268
2300KV 2.969 4.959 0.28 2.899 4.283 0.649 2.565 3.679 0.143 2.565 3.679 0.143 2.25 4.385 0.334
2300KW 2.952 5.05 -0.123 2.433 4.822 0.301 2.389 4.051 -0.106 2.389 4.051 -0.106 2.225 3.977 0.093
2300KY -1.367 -5.075 0.006 -4.069 -7.386 -0.002 -1.44 -5.104 0.006 -1.415 -5.09 0.005 -3.049 -4.81 0.002
2300KZ -9.137 -2.644 -0.0 -4.629 -5.201 -0.0 -7.876 -2.312 -0.0 -7.876 -2.312 -0.0 -5.288 -1.677 -0.0
2300L2 1.036 -1.945 1.506 0.555 -1.749 1.925 0.979 -1.785 1.799 0.979 -1.785 1.799 0.626 -1.902 1.753
2300L4 -0.305 -2.066 0.0 -0.442 -2.431 0.0 -0.337 -1.993 0.0 -0.343 -2.077 0.0 -0.5 -2.806 0.0
2300L6 -1.804 0.794 -0.669 -3.004 4.245 -1.485 -1.79 0.8 -0.557 -1.79 0.8 -0.557 -1.721 0.453 -0.626
2300L7 0.093 -6.298 1.169 1.507 -7.486 0.546 0.098 -5.38 1.008 0.098 -5.38 1.008 -0.257 -5.36 1.057
2300L9 0.95 -0.553 0.0 0.95 -0.954 0.0 0.941 -0.556 0.0 0.941 -0.556 0.0 1.232 -1.523 -0.0
2300LB -0.056 1.47 -1.518 0.706 1.563 -1.395 -0.036 1.433 -1.466 -0.036 1.433 -1.466 -0.059 1.399 -1.413
2300LD 7.157 -0.176 3.15 5.32 -1.311 2.068 6.171 -0.247 2.453 6.171 -0.247 2.453 6.029 0.096 2.402
2300LK 5.457 3.438 1.929 3.185 4.525 1.586 4.614 2.895 1.695 4.614 2.895 1.695 4.153 3.345 1.709
2300LL -5.739 0.594 -0.653 -2.896 2.396 -0.735 -5.182 0.644 -0.535 -5.182 0.644 -0.535 -5.09 0.594 -0.526
2300LP -3.697 0.0 0.14 -0.324 -0.001 0.662 -3.372 0.004 0.097 -3.372 0.004 0.097 -3.139 -0.0 0.017
2300LQ -5.059 1.451 0.816 -4.327 1.251 0.639 -4.462 1.268 0.7 -4.462 1.268 0.7 -4.416 1.529 0.767
2300LS -4.249 0.292 0.486 -7.25 -0.869 0.461 -4.258 0.269 0.434 -4.258 0.269 0.434 -4.145 0.513 0.439
2300LU 8.819 3.17 1.809 6.239 1.328 1.348 7.339 2.523 1.523 7.339 2.523 1.523 6.655 1.863 1.571
2300LV 2.342 -0.945 2.219 -3.038 -3.024 6.589 2.345 -0.953 2.211 2.33 -0.943 2.217 1.777 -1.048 2.239
2300LW -4.837 5.14 0.0 1.556 -3.093 -0.001 -4.514 4.859 0.0 -4.514 4.859 0.0 -4.916 5.128 0.0
2300LZ 2.371 3.404 -2.603 1.401 2.846 -1.892 2.383 3.409 -2.603 2.383 3.409 -2.603 5.379 4.263 -3.187
2300M2 2.208 -1.401 3.487 1.44 1.489 2.617 2.098 -1.139 3.1 2.098 -1.139 3.1 1.947 -1.055 3.101
2300M4 0.861 -1.233 -0.0 0.409 -0.416 -0.0 0.862 -1.239 -0.0 0.862 -1.239 -0.0 0.748 -1.588 -0.0
2300M3 -4.309 -0.407 -1.258 -4.376 -0.095 -1.444 -4.113 -0.364 -1.254 -4.113 -0.364 -1.254 -4.426 -0.368 -1.273
2300M5 -3.631 -2.586 -2.351 -3.552 -3.8 -3.184 -3.221 -2.433 -2.199 -3.221 -2.433 -2.199 -3.181 -2.677 -2.153
2300M7 -2.371 0.028 0.444 -0.933 -0.125 0.613 -2.168 0.035 0.356 -2.168 0.035 0.356 -1.324 -0.015 0.361
2300M6 1.484 3.351 -0.847 0.876 3.511 -0.623 1.403 3.133 -0.967 1.403 3.133 -0.967 1.082 3.098 -1.058
2300M8 1.828 -4.387 0.7 3.041 -3.873 0.881 1.874 -4.098 0.659 1.874 -4.098 0.659 2.557 -3.806 0.706
2300M9 -2.421 -2.565 0.0 -6.891 0.288 0.0 -2.42 -2.579 0.0 -2.42 -2.579 0.0 -2.506 -2.549 0.0
2300MA -3.503 5.558 -2.429 -3.297 5.252 -2.086 -3.103 4.816 -2.011 -3.103 4.816 -2.011 -2.549 3.744 -1.396
2300MD 1.646 -5.826 2.172 -0.421 -2.439 1.684 1.444 -5.031 1.827 1.444 -5.031 1.827 1.41 -5.056 1.854
2300ME -7.208 2.466 -0.217 -5.534 3.913 -0.388 -6.558 2.213 -0.286 -6.558 2.213 -0.286 -6.58 2.309 -0.289
2300MG -1.4 4.84 2.856 1.114 4.599 3.24 -1.202 4.444 2.927 -1.202 4.444 2.927 -0.947 4.062 2.839
2300MF 0.775 1.723 -1.808 3.43 2.165 -1.947 0.777 1.722 -1.82 0.777 1.722 -1.82 0.797 1.756 -1.828
2300MH -1.05 4.357 0.843 -3.114 2.874 1.046 -0.941 3.849 0.813 -0.941 3.849 0.813 -1.198 4.134 0.831
2300MK -2.654 -0.255 1.434 -2.515 0.141 1.483 -2.665 -0.254 1.428 -2.665 -0.254 1.428 -2.537 -0.369 1.402
2300ML -0.229 -7.107 0.056 2.235 -4.292 -0.029 -0.225 -6.352 0.023 -0.225 -6.352 0.023 1.936 -5.996 0.004
2300MM -5.107 -0.347 0.004 -7.676 -2.696 0.003 -5.075 -0.354 0.003 -5.075 -0.354 0.003 -5.714 -0.421 0.003
2300MP -4.374 -5.739 -0.106 -4.316 -2.479 -0.068 -3.803 -4.836 -0.14 -3.803 -4.836 -0.14 -4.257 -5.364 -0.156
2300MS 0.115 1.755 2.775 -0.546 1.766 3.19 0.114 1.514 2.475 0.114 1.514 2.475 -0.193 1.549 2.756
2300MT -0.76 -0.808 0.575 -1.999 -1.888 0.481 -0.777 -0.812 0.573 -0.777 -0.812 0.573 -1.764 -0.573 0.537
2300MU -4.843 2.653 0.001 -6.107 0.985 0.0 -4.849 2.647 0.0 -4.849 2.647 0.0 -4.427 2.996 0.0
2300MV -7.471 7.963 0.0 -1.986 5.666 0.0 -6.637 6.621 -0.006 -6.637 6.621 -0.006 -6.398 6.586 0.0
2300MX 6.254 -4.642 -0.223 4.547 -3.376 -0.161 5.075 -3.771 -0.173 5.075 -3.771 -0.173 4.987 -3.702 -0.177
2300MW 6.532 1.814 -0.675 7.254 1.047 -0.929 5.694 1.554 -0.795 5.694 1.554 -0.795 5.884 0.614 -0.817
2300MZ 2.15 -0.639 -1.271 1.43 -0.233 -1.405 2.119 -0.664 -1.272 2.119 -0.664 -1.272 1.69 -1.019 -1.272
2300N0 8.636 0.628 -0.379 9.358 0.41 0.206 7.406 0.416 -0.252 7.406 0.416 -0.252 7.279 0.741 -0.261
2300N1 3.931 -0.772 0.0 0.055 0.942 -0.0 3.923 -0.782 0.0 3.923 -0.782 0.0 2.909 -0.548 0.0
2300N2 5.399 2.475 -1.135 2.011 2.109 -0.951 4.504 2.041 -0.975 5.138 2.305 -0.965 4.671 1.538 -0.933
2300N3 -2.222 -0.41 1.934 -2.026 -1.023 2.602 -1.947 -0.547 1.696 -1.947 -0.547 1.696 -1.984 -0.491 1.863
2300N5 -0.082 -0.056 0.099 -0.302 -0.11 0.306 -0.095 -0.035 0.099 -0.095 -0.035 0.099 0.31 0.318 0.217
2300N8 -5.482 3.743 -0.776 -5.71 3.176 -0.334 -4.992 3.37 -0.673 -4.992 3.37 -0.673 -4.811 3.523 -0.624
2300N4 -17.075 0.488 2.189 -19.888 1.022 2.132 -13.974 0.444 1.735 -13.974 0.444 1.735 -14.549 0.047 1.605
2300N9 -0.487 -0.639 2.675 -0.031 -0.753 2.881 -0.48 -0.645 2.631 -0.48 -0.645 2.631 -0.575 -0.647 2.653
2300NA -0.651 -7.822 0.295 0.032 -8.321 -0.144 -0.633 -7.824 0.296 -0.633 -7.824 0.296 0.71 -8.16 0.305
2300NF 2.343 7.669 -1.487 1.476 6.161 -1.321 1.774 6.096 -1.257 1.774 6.096 -1.257 1.788 6.083 -1.383
2300NE -1.822 7.411 -0.067 -2.014 5.875 -0.02 -1.514 5.894 0.056 -1.514 5.894 0.056 -1.505 5.857 0.087
2300NH -0.73 1.145 -0.0 -2.102 4.498 -0.0 -0.732 1.154 -0.0 -0.732 1.154 -0.0 -0.449 1.52 -0.0
2300NI -3.475 -3.023 -0.443 -3.364 -3.118 -2.461 -3.295 -2.792 -0.442 -3.295 -2.792 -0.442 -2.857 -2.491 -0.557
2300NJ -5.24 3.673 -0.317 0.114 1.93 -0.549 -4.461 2.968 -0.412 -4.461 2.968 -0.412 -4.463 3.002 -0.424
2300NK -3.291 1.214 -1.257 -4.282 0.285 -1.117 -3.308 1.236 -1.262 -3.308 1.236 -1.262 -2.916 1.218 -1.161
2300NL -3.34 -4.638 3.812 -2.389 -3.685 2.531 -3.1 -4.165 3.47 -3.1 -4.165 3.47 -3.599 -4.331 3.345
2300NM 10.935 -0.927 -0.0 19.363 -2.746 -0.0 10.62 -1.064 -0.0 10.62 -1.064 -0.0 10.28 -1.078 -0.0
2300NO 0.065 6.688 0.717 2.075 7.524 0.607 0.216 6.574 0.577 0.216 6.574 0.577 0.398 6.486 0.616
2300NT 5.583 8.449 -1.413 9.077 5.34 -1.234 4.765 6.975 -1.073 4.765 6.975 -1.073 5.772 7.856 -0.92
2300NV 1.448 -5.317 0.001 0.211 -5.156 0.001 1.036 -4.207 0.001 1.036 -4.207 0.001 0.999 -4.231 0.001
2300NU 0.613 -4.081 -1.664 1.498 -5.014 -1.32 0.645 -3.668 -1.33 0.645 -3.668 -1.33 0.346 -3.94 -1.336
2300NX 3.847 6.871 1.499 4.71 7.487 2.612 3.38 6.055 1.263 3.38 6.055 1.263 4.375 6.122 1.214
2300NY -0.12 2.543 -0.188 0.023 0.547 -0.446 -0.098 2.065 -0.348 -0.098 2.065 -0.348 0.514 1.817 -0.364
2300NZ 1.433 -1.542 -1.592 -1.681 -1.758 -1.31 1.288 -1.393 -1.327 1.288 -1.393 -1.327 1.13 -1.451 -1.34
2300O0 -4.654 2.794 1.17 6.393 -0.097 -1.312 -4.518 2.719 1.211 -4.518 2.719 1.211 -3.437 3.134 1.315
2300O1 -6.498 0.759 -0.917 -6.389 3.264 -0.907 -5.829 0.88 -0.931 -5.829 0.88 -0.931 -5.818 0.879 -0.936
2300O2 9.169 -0.918 0.39 4.129 -1.433 0.623 8.46 -0.859 0.372 7.749 -0.793 0.334 6.133 -0.925 0.479
2300O3 -6.233 3.16 0.826 -3.818 1.419 0.385 -6.25 3.159 0.827 -6.25 3.159 0.827 -4.514 2.86 0.727
2300O4 -6.172 11.005 0.002 1.498 11.1 0.001 -5.098 9.594 0.002 -5.098 9.594 0.002 -2.078 8.951 0.002
2300O5 11.585 -3.877 -0.0 0.448 -1.746 0.0 9.627 -3.15 0.001 9.627 -3.15 0.001 5.845 -3.579 0.001
2300O6 1.547 0.0 0.099 3.48 0.0 -0.104 1.544 0.0 0.109 1.544 0.0 0.109 1.607 0.0 0.215
2300O7 -1.847 0.869 1.842 0.646 1.745 1.606 -1.825 0.896 1.853 -1.809 0.854 1.802 -2.478 0.632 1.861
2300O8 -4.312 1.226 0.14 -3.528 -0.112 0.116 -3.816 1.225 0.422 -3.816 1.225 0.422 -3.689 1.253 0.404
2300O9 -0.049 -5.043 4.017 -1.712 -2.66 2.702 -0.044 -4.215 3.37 -0.044 -4.215 3.37 -0.224 -4.252 3.412
2300OA -0.06 -0.143 1.411 -0.041 -0.073 1.489 -0.065 -0.147 1.41 -0.065 -0.147 1.41 0.501 -0.028 1.419
2300OC -2.183 5.312 -0.004 0.305 3.263 -0.003 -2.177 5.314 -0.004 -2.177 5.314 -0.004 -2.682 5.036 -0.004
2300OF -0.224 0.178 -0.861 -0.359 0.096 -0.098 -0.236 0.182 -0.861 -0.236 0.182 -0.861 -0.306 0.112 -0.848
2300OG 6.217 5.861 1.148 2.574 4.302 1.379 5.218 5.206 1.057 5.218 5.206 1.057 4.406 4.647 0.996
2300OH -0.922 3.824 0.25 3.079 1.826 0.296 -0.717 3.209 0.3 -0.717 3.209 0.3 -0.746 2.929 0.312
2300OJ 1.873 -2.204 1.738 -3.009 -2.151 1.395 1.53 -1.97 1.41 1.53 -1.97 1.41 0.483 -2.065 1.397
2300OL -0.182 0.261 1.931 0.464 1.452 1.414 -0.16 0.249 1.76 -0.16 0.249 1.76 -0.329 0.572 1.494
2300OK 6.341 2.549 10.07 7.243 3.104 12.453 5.211 2.007 8.382 5.211 2.007 8.382 5.019 2.105 8.575
2300ON 1.227 1.778 -0.23 0.805 1.421 -0.619 1.05 1.548 -0.411 1.05 1.548 -0.411 1.214 1.427 -0.478
2300OO 4.675 -2.195 -0.758 4.44 -3.098 -0.854 4.092 -1.902 -0.545 4.092 -1.902 -0.545 4.018 -1.993 -0.595
2300OP 3.454 -0.038 -0.0 2.324 0.83 -0.001 3.432 -0.046 0.0 3.432 -0.046 0.0 3.377 0.062 0.0
2300OT -4.257 3.963 2.513 -4.157 2.884 2.496 -4.157 2.884 2.496 -4.157 2.884 2.496 -4.157 2.884 2.496
2300OU 1.563 2.771 -0.031 2.048 5.011 0.003 1.534 2.713 -0.061 1.534 2.713 -0.061 1.344 2.406 -0.051
2300OW 1.164 -0.928 1.465 0.988 -0.848 1.434 1.068 -0.872 1.392 1.068 -0.872 1.392 1.109 -0.917 1.374
2300OV 0.873 0.478 -1.369 -1.445 -1.179 -1.359 0.909 0.474 -1.36 0.909 0.474 -1.36 0.944 0.627 -1.478
2300OX -4.234 0.444 -0.137 -0.257 1.573 -0.916 -3.788 0.533 -0.466 -3.788 0.533 -0.466 -2.73 0.767 -0.443
2300OZ 0.133 -3.548 -1.1 -0.573 -2.977 -1.34 0.099 -3.446 -1.043 0.099 -3.446 -1.043 -0.126 -3.335 -1.078
2300P0 -2.653 -3.755 2.101 -1.56 -1.128 0.744 -2.564 -3.616 1.996 -2.564 -3.616 1.996 -0.422 -3.065 2.065
2300P1 2.08 -1.279 0.011 0.659 -2.604 -1.032 1.986 -1.225 -0.135 1.986 -1.225 -0.135 2.877 -1.187 -0.237
2300P2 -0.78 2.175 -3.076 3.096 5.735 -2.212 -0.717 2.101 -2.896 -0.717 2.101 -2.896 0.66 2.304 -2.981
2300P5 0.928 -6.921 1.219 -2.245 -5.176 1.704 0.652 -6.34 1.168 0.652 -6.34 1.168 0.817 -6.206 1.153
2300P6 -33.117 6.843 1.047 -31.094 4.469 0.654 -28.395 5.647 1.008 -28.483 5.82 1.041 -28.978 5.677 1.033
2300P8 7.041 6.237 1.658 2.225 3.066 1.518 6.105 5.478 1.553 6.105 5.478 1.553 5.481 5.262 1.543
2300PA 0.492 0.941 0.002 2.805 -0.531 0.001 0.53 0.92 0.002 0.53 0.92 0.002 2.186 1.799 0.002
2300PC 0.636 -0.969 -1.051 0.802 -1.907 -2.481 0.644 -0.971 -1.053 0.644 -0.971 -1.053 1.134 -0.862 -0.916
2300PD -4.065 -0.802 3.365 0.834 -1.673 3.434 -3.849 -0.783 3.1 -3.849 -0.783 3.1 -2.158 -0.834 3.35
2300PF -0.056 6.096 1.409 0.333 7.432 1.436 -0.123 5.734 1.097 -0.123 5.734 1.097 -0.672 5.775 1.103
2300PG -6.474 -3.402 2.754 -5.248 -3.004 3.035 -5.554 -2.838 2.289 -5.554 -2.838 2.289 -5.005 -2.629 2.352
2300PI -2.384 3.417 -1.422 0.024 4.037 -1.712 -2.35 3.386 -1.459 -2.35 3.386 -1.459 -1.968 3.415 -1.428
2300PK 1.928 -2.204 -4.805 4.595 -1.894 -4.419 1.845 -2.022 -4.311 1.845 -2.022 -4.311 0.642 -2.254 -4.159
2300PL 9.233 0.577 0.0 6.496 1.077 -0.001 7.283 0.404 -0.001 7.283 0.404 -0.001 7.18 0.447 -0.001
2300PM -1.692 -6.744 4.339 -1.429 -4.23 3.81 -1.493 -5.991 3.906 -1.493 -5.991 3.906 -1.202 -5.991 4.006
2300PO -3.883 -5.503 1.889 -3.184 -5.181 2.086 -3.235 -4.64 1.731 -3.235 -4.64 1.731 -3.116 -4.701 1.796
2300PP -1.603 2.113 0.963 -1.908 0.399 0.655 -1.388 1.927 0.649 -1.388 1.927 0.649 -0.643 1.242 0.643
2300PQ 1.065 -2.194 1.898 0.6 -4.35 2.116 1.064 -2.206 1.904 1.064 -2.206 1.904 0.356 -2.895 1.823
2300PR -10.894 -1.4 0.0 -7.995 1.584 0.0 -9.893 -1.168 0.0 -9.893 -1.168 0.0 -8.471 -1.131 0.0
2300PS 3.142 -1.515 0.659 2.671 -1.511 0.377 2.679 -1.221 0.449 2.679 -1.221 0.449 2.698 -1.069 0.443
2300PT 3.922 0.923 -2.793 4.228 1.947 -7.702 3.931 0.917 -2.806 3.931 0.917 -2.806 3.676 0.927 -2.812
2300PV 3.764 1.36 0.0 -2.05 -3.067 -0.0 3.674 1.285 0.0 3.674 1.285 0.0 2.043 0.081 0.0
2300PW 1.188 3.6 -0.0 -0.242 4.38 0.001 1.088 3.313 0.001 1.088 3.313 0.001 1.45 3.202 0.001
2300PX 3.745 1.462 -0.812 1.485 0.853 -0.802 3.638 1.463 -0.708 3.638 1.463 -0.708 3.09 2.778 -0.33
2300PY -2.56 -2.381 -2.435 -3.167 -3.038 -2.37 -2.441 -2.36 -2.288 -2.441 -2.36 -2.288 -2.389 -2.452 -2.248
2300PZ 1.458 2.034 0.508 1.08 1.075 0.933 1.153 1.671 0.67 1.153 1.671 0.67 1.234 1.601 0.664
2300Q0 2.127 -4.489 -2.473 1.466 -3.721 -3.138 1.95 -3.864 -2.316 1.95 -3.864 -2.316 1.139 -3.887 -2.446
2300Q5 -4.971 0.922 1.163 -2.674 1.07 1.534 -4.398 0.718 1.262 -4.398 0.718 1.262 -2.452 0.396 1.228
2300Q8 1.046 -4.541 -1.98 -0.568 -3.781 -1.95 0.85 -3.952 -1.831 0.85 -3.952 -1.831 0.591 -4.045 -1.789
2300Q9 -3.837 0.227 -0.063 -8.162 0.001 -0.454 -3.711 0.219 -0.257 -3.711 0.219 -0.257 -3.192 -0.243 -0.243
2300QB 0.417 2.474 -1.676 2.009 2.928 -1.444 0.339 2.207 -1.364 0.339 2.207 -1.364 0.147 1.647 -1.305
2300QA -2.042 2.023 0.487 3.017 2.459 0.978 -1.897 1.855 0.392 -1.897 1.855 0.392 -1.622 2.419 0.366
2300QE 2.29 -5.017 -1.71 1.192 -4.576 -2.218 1.879 -4.149 -1.44 1.879 -4.149 -1.44 1.592 -4.393 -1.59
2300QD 3.056 0.764 -3.771 1.106 1.299 -5.218 3.041 0.755 -3.768 3.041 0.755 -3.768 3.408 0.947 -3.624
2300QF -0.513 -0.481 -4.559 0.464 -0.244 -4.815 -0.531 -0.5 -4.555 -0.531 -0.5 -4.555 -0.56 0.071 -4.587
2300QG 0.092 5.347 -0.775 -0.958 4.334 -0.88 0.02 4.423 -0.83 0.02 4.423 -0.83 -0.016 4.386 -0.833
2300QI -0.498 1.317 1.067 -0.863 -0.539 1.324 -0.475 1.3 1.062 -0.475 1.3 1.062 0.774 2.166 0.299
2300QK -2.72 2.329 3.78 -2.88 0.848 3.328 -2.4 2.079 3.283 -2.4 2.079 3.283 -2.589 1.781 3.396
2300QL -5.31 -2.818 -3.167 -1.542 -3.825 -2.865 -4.907 -2.618 -2.781 -4.907 -2.618 -2.781 -4.204 -2.709 -2.804
2300QO 3.697 -1.042 -0.108 2.436 0.503 -0.115 3.695 -1.027 -0.109 3.695 -1.027 -0.109 4.01 -0.745 0.01
2300QN -2.818 -2.848 1.787 -2.689 -1.177 1.236 -2.694 -2.557 1.482 -2.694 -2.557 1.482 -3.761 -2.673 1.431
2300QP -1.192 0.697 0.72 -3.361 0.895 0.945 -1.158 0.708 0.708 -1.158 0.708 0.708 -0.679 1.046 0.806
2300QT -0.718 -1.134 -0.087 -1.434 -2.856 -0.342 -1.434 -2.856 -0.342 -1.434 -2.856 -0.342 -1.434 -2.856 -0.342
2300QS -2.585 -2.08 -0.596 -3.29 -4.461 -1.461 -2.586 -2.093 -0.581 -2.586 -2.093 -0.581 -5.407 -2.083 -0.75
2300QU 2.182 -0.98 0.722 2.322 0.089 0.51 2.124 -0.862 0.6 2.124 -0.862 0.6 2.13 -0.825 0.605
2300QX 2.709 -0.153 -0.246 1.832 -0.296 -0.649 2.701 -0.146 -0.238 2.701 -0.146 -0.238 2.304 -0.609 -0.394
2300QY 7.25 1.905 -1.816 7.136 3.679 -1.505 6.824 1.838 -1.871 6.824 1.838 -1.871 6.677 2.321 -1.849
2300QZ -1.963 -2.539 1.444 -3.607 -0.808 1.508 -1.93 -2.44 1.34 -1.93 -2.44 1.34 -1.986 -2.367 1.35
2300R1 4.187 2.507 1.96 2.451 0.904 1.13 3.665 2.116 1.654 3.665 2.116 1.654 3.583 2.146 1.666
2300R2 6.216 -2.926 1.174 5.823 -2.739 1.339 5.478 -2.542 1.246 5.478 -2.542 1.246 5.317 -2.425 1.235
2300R3 -3.681 1.577 0.622 -3.577 1.303 1.452 -3.215 1.442 0.983 -3.215 1.442 0.983 -3.208 1.433 0.973
2300R5 -0.816 6.029 0.657 0.686 7.641 1.591 -0.768 5.52 0.692 -0.768 5.52 0.692 -0.803 5.562 0.846
2300R6 4.63 -3.418 -0.001 19.922 -4.002 -0.001 4.647 -3.401 -0.0 4.647 -3.401 -0.0 4.787 -3.668 -0.0
2300R7 -0.282 -4.819 -0.599 -1.077 -4.905 -0.185 -0.261 -4.469 -0.461 -0.261 -4.469 -0.461 0.315 -4.512 -0.424
2300R8 -3.406 2.958 -2.614 -2.73 3.31 -2.328 -2.967 2.596 -2.101 -2.967 2.596 -2.101 -2.741 2.607 -2.153
2300R9 3.699 0.232 0.0 1.128 -1.432 0.0 3.686 0.22 0.0 3.686 0.22 0.0 2.961 0.238 0.0
2300RB 2.137 4.53 -0.325 4.161 4.454 -0.335 1.795 3.668 -0.283 1.795 3.668 -0.283 2.417 3.599 -0.293
2300RA -0.263 6.018 0.094 -2.523 6.362 0.08 -0.252 5.383 0.078 -0.252 5.383 0.078 -0.241 5.253 0.077
2300RE -3.504 -0.894 -0.333 -2.648 -1.499 -0.844 -3.493 -0.899 -0.334 -3.493 -0.899 -0.334 -1.907 -0.342 -0.358
2300RF -3.246 1.615 -0.785 -3.293 2.845 -0.854 -3.248 1.611 -0.785 -3.248 1.611 -0.785 -3.266 1.658 -0.791
2300RG 3.618 -2.191 -1.897 3.375 -2.525 -1.849 3.145 -1.805 -1.538 3.145 -1.805 -1.538 3.07 -1.762 -1.442
2300RI 1.544 2.531 -0.91 1.194 2.171 -0.485 1.524 2.536 -0.924 1.524 2.536 -0.924 0.799 1.4 -1.093
2300RJ 8.665 1.591 -0.281 6.45 1.022 -0.726 7.013 1.244 -0.324 7.013 1.244 -0.324 3.967 0.798 -0.425
2300RL 1.176 -2.047 0.253 1.378 -2.136 0.218 1.153 -2.066 0.254 1.153 -2.066 0.254 1.112 -2.059 0.212
2300RM 21.141 -8.939 0.901 20.798 -8.294 -0.176 18.29 -8.285 0.318 18.29 -8.285 0.318 18.335 -8.083 0.312
2300RN -4.936 -3.553 1.521 2.524 -4.764 1.227 -4.31 -3.118 1.249 -4.31 -3.118 1.249 -4.148 -3.36 1.241
2300RO -0.292 0.407 3.709 -1.367 -0.136 3.129 -0.279 0.419 3.708 -0.279 0.419 3.708 -0.615 0.414 3.609
2300RR 6.442 -2.778 1.983 5.549 -2.538 2.333 6.408 -2.779 1.985 6.408 -2.779 1.985 6.104 -2.306 1.403
2300RS 0.766 0.439 0.09 2.871 -0.662 -0.187 0.763 0.456 0.094 0.763 0.456 0.094 1.184 1.367 -0.191
2300RY -0.292 -0.244 0.16 -1.317 -3.718 -0.17 -0.32 -0.264 0.022 -0.32 -0.264 0.022 -1.333 -1.311 -0.007
2300RZ 8.239 -2.778 1.179 5.524 -2.451 0.909 7.258 -2.371 1.02 7.258 -2.371 1.02 6.218 -2.656 1.107
2300S1 -2.441 -0.258 0.928 -4.648 1.422 2.523 -2.443 -0.257 0.925 -2.443 -0.257 0.925 -3.436 -0.256 0.847
2300S4 -5.896 1.859 -1.268 -4.425 1.398 -1.493 -5.268 1.689 -1.313 -5.268 1.689 -1.313 -4.945 1.559 -1.385
2300S7 -0.027 0.71 -1.954 0.177 0.62 -2.302 -0.046 0.708 -1.953 -0.046 0.708 -1.953 0.133 0.725 -1.902
2300S8 6.764 7.911 6.041 6.309 10.338 5.104 5.882 6.964 4.617 5.882 6.964 4.617 5.799 7.019 4.617
2300S9 5.809 0.862 0.001 3.397 -0.648 0.0 5.259 0.705 0.013 5.259 0.705 0.013 4.782 0.784 0.0
2300SB 2.443 -0.095 1.723 0.268 0.827 0.007 2.439 -0.107 1.719 2.439 -0.107 1.719 2.32 0.032 1.688
2300SC -3.4 -0.964 0.57 -3.395 -1.229 0.322 -2.893 -0.802 0.411 -2.893 -0.802 0.411 -3.521 -0.907 0.405
2300SE 5.655 1.528 -0.005 -0.243 -1.095 -0.005 4.901 1.3 0.001 4.901 1.3 0.001 4.468 1.294 -0.001
2300SD -5.698 -2.403 0.001 0.159 1.74 0.001 -5.307 -2.092 0.001 -5.307 -2.092 0.001 -4.564 -2.064 0.001
2300SF -3.496 0.751 0.574 -5.13 3.536 3.358 -3.525 0.75 0.591 -3.525 0.75 0.591 -4.385 0.824 0.084
2300SH -6.775 1.528 -1.639 -5.951 1.3 -0.898 -6.787 1.526 -1.638 -6.787 1.526 -1.638 -8.902 1.869 -2.211
2300SI -2.05 0.824 -0.85 -4.99 -1.695 -1.211 -2.027 0.833 -0.847 -2.027 0.833 -0.847 -2.733 0.821 -0.847
2300SJ 0.178 2.588 0.399 -0.497 2.122 -0.209 0.206 2.592 0.382 0.206 2.592 0.382 -0.393 2.204 0.356
2300SL -0.991 -0.189 -1.438 -0.421 0.112 -1.489 -0.977 -0.18 -1.423 -0.977 -0.18 -1.423 -0.736 -0.108 -1.337
2300SM -3.332 -0.242 4.392 -2.902 -0.424 4.98 -3.197 -0.356 4.266 -3.197 -0.356 4.266 -3.127 -0.351 4.299
2300SP 3.538 -3.982 0.022 3.013 -3.529 -0.011 3.081 -3.544 -0.01 3.081 -3.544 -0.01 3.455 -3.128 -0.012
2300SS -0.923 -4.106 0.0 -3.112 -2.086 -0.0 -0.866 -3.669 0.0 -0.866 -3.669 0.0 -1.23 -3.656 0.0
2300SU 3.041 -0.639 5.501 4.051 -0.371 3.92 2.968 -0.625 5.298 2.968 -0.625 5.298 1.591 -0.538 5.542
2300SV 6.216 5.214 -0.001 3.134 0.286 0.002 5.235 4.402 0.0 5.235 4.402 0.0 5.175 3.949 0.001
2300SX -3.657 -1.088 1.014 -3.031 -1.961 1.196 -3.529 -1.096 1.079 -3.529 -1.096 1.079 -3.697 -1.166 1.089
2300SY -1.598 0.005 1.116 -1.474 0.024 2.136 -1.563 0.064 1.389 -1.563 0.064 1.389 -1.08 0.005 1.424
2300SZ -0.892 -5.535 0.785 -2.518 -6.015 0.898 -0.797 -4.797 0.588 -0.797 -4.797 0.588 -0.656 -4.758 0.654
2300T1 3.221 3.921 0.312 0.92 3.881 -0.061 2.752 3.383 0.252 2.752 3.383 0.252 1.048 2.569 0.145
2300T4 -2.866 1.315 -6.579 -1.517 3.455 -7.593 -2.771 1.255 -6.379 -2.771 1.255 -6.379 -2.691 1.307 -6.635
2300T5 -2.818 -1.035 -0.995 -3.809 -3.068 -1.882 -2.848 -1.042 -0.999 -2.848 -1.042 -0.999 -2.954 -0.92 -1.08
2300T8 0.327 -1.951 -1.624 3.195 -1.488 -1.765 0.349 -1.723 -1.47 0.349 -1.723 -1.47 1.042 -2.266 -1.456
2300T9 -0.205 1.102 1.075 -1.976 0.52 2.019 -0.198 1.101 1.076 -0.198 1.101 1.076 -0.65 0.622 1.275
2300TD -0.793 1.324 -0.57 -0.495 1.956 -0.408 -0.715 1.253 -0.342 -0.715 1.253 -0.342 -0.513 1.489 -0.328
2300TF 2.114 2.917 0.908 2.747 3.235 -0.135 2.1 2.922 0.909 2.141 2.923 0.908 2.268 2.884 0.876
2300TH -0.979 3.908 2.276 -2.427 1.907 3.015 -1.032 3.614 2.072 -1.032 3.614 2.072 -0.861 3.447 2.048
2300TI -0.197 -2.997 0.719 0.976 -7.188 0.513 -0.223 -2.685 0.527 -0.223 -2.685 0.527 -0.257 -2.568 0.532
2300TJ 0.033 1.825 2.125 1.705 0.573 3.828 0.045 1.766 2.174 0.045 1.766 2.174 -0.103 1.817 2.172
2300TK 5.561 -6.502 3.077 4.769 -4.955 1.531 4.608 -5.353 2.216 4.608 -5.353 2.216 4.661 -5.296 2.126
2300TL -1.85 -2.448 -1.393 -4.977 -0.219 -1.343 -1.865 -2.448 -1.388 -1.865 -2.448 -1.388 -2.889 -2.791 -1.113
2300TM 0.824 0.0 0.0 -0.429 0.0 0.0 0.822 0.012 0.0 0.822 0.012 0.0 0.957 0.0 0.0
2300TN 1.538 -3.891 -1.901 5.292 -4.696 -0.624 1.459 -3.557 -1.705 1.459 -3.557 -1.705 1.883 -3.762 -1.055
2300TO -0.582 -1.067 -0.0 -0.494 0.928 -0.0 -0.578 -1.049 0.0 -0.578 -1.049 0.0 -0.631 -1.325 0.0
2300TQ 0.815 0.346 0.535 -8.116 -1.642 0.549 0.817 0.358 0.534 0.817 0.358 0.534 -0.053 0.404 0.564
2300TT -0.768 -3.268 1.133 0.825 -3.953 1.541 -0.737 -3.095 1.311 -0.737 -3.095 1.311 -0.348 -3.091 1.329
2300TV -0.836 -2.205 1.157 0.388 -1.33 2.18 -0.812 -1.962 1.434 -0.812 -1.962 1.434 -0.81 -0.709 1.407
2300TW 0.046 -0.714 1.473 0.719 -0.309 0.929 0.058 -0.657 1.387 0.058 -0.657 1.387 0.163 -0.577 1.355
2300TX 0.4 0.897 0.491 1.35 1.104 0.098 0.415 0.901 0.49 0.409 0.9 0.489 -0.427 0.041 0.365
2300TY -0.03 -1.525 0.83 0.617 -1.755 1.64 0.011 -1.333 0.971 0.011 -1.333 0.971 0.415 -1.309 1.168
2300TZ -4.399 0.825 0.392 -7.083 -2.067 0.716 -4.413 0.87 0.33 -4.413 0.87 0.33 -5.32 1.035 0.39
2300U0 -2.426 -6.145 1.772 -0.651 -4.282 1.314 -1.966 -5.365 1.497 -1.966 -5.365 1.497 -2.953 -5.741 1.897
2300U2 -0.336 -1.723 2.03 -4.303 -5.255 0.325 -0.302 -1.605 1.91 -0.302 -1.605 1.91 -0.898 -1.424 1.934
2300U3 -0.172 -0.201 1.06 0.383 -0.492 2.083 -0.168 -0.195 1.059 -0.168 -0.195 1.059 -1.31 0.09 1.376
2300U4 5.095 1.424 1.065 5.372 1.416 1.978 4.709 1.315 1.177 4.709 1.315 1.177 4.593 1.351 1.205
2300U6 1.53 -1.717 1.125 -0.391 -1.05 2.019 1.575 -1.51 1.672 1.575 -1.51 1.672 2.246 -2.02 1.706
2300U8 -6.779 3.124 1.749 -5.56 2.685 1.419 -6.329 2.834 1.648 -6.329 2.834 1.648 -6.148 2.943 1.701
2300U9 0.07 1.154 1.859 0.874 0.655 1.934 0.067 1.142 1.856 0.067 1.142 1.856 0.257 0.996 1.93
2300UB 9.443 -5.591 0.01 6.39 -2.226 0.012 8.038 -4.533 0.011 8.038 -4.533 0.011 2.948 -3.93 0.01
2300UE -0.186 -0.378 2.522 0.181 1.328 2.143 -0.129 -0.343 2.271 -0.129 -0.343 2.271 -0.329 -0.291 2.289
2300UH -1.749 -1.874 3.191 -0.949 0.283 2.468 -1.65 -1.666 2.881 -1.65 -1.666 2.881 -1.916 -1.682 2.862
2300UK -2.753 2.217 1.442 -1.438 2.467 1.203 -2.276 1.809 1.102 -2.276 1.809 1.102 -2.316 1.747 1.175
2300UN -3.803 -3.218 0.346 0.035 -4.199 -0.725 -3.724 -3.159 0.302 -3.724 -3.159 0.302 -3.637 -3.037 0.296
2300UR 3.325 -5.337 -0.655 3.956 -6.471 -0.906 3.956 -6.471 -0.906 3.956 -6.471 -0.906 3.956 -6.471 -0.906
2300UQ -3.304 -5.901 -0.229 -2.984 -4.433 0.165 -3.314 -5.872 -0.235 -3.274 -5.896 -0.239 -2.893 -5.839 0.238
2300US -0.938 -0.663 -3.77 -0.409 -0.302 -3.944 -0.915 -0.682 -3.638 -0.915 -0.682 -3.638 -0.878 -0.662 -3.632
2300UU 3.512 -1.207 -0.089 2.84 0.198 0.224 3.528 -1.207 -0.09 3.528 -1.207 -0.09 4.153 -0.545 -0.156
2300UV -0.821 -2.367 1.119 -3.32 -1.891 1.113 -0.791 -2.364 1.119 -0.791 -2.364 1.119 0.164 -2.937 1.139
2300UW -0.536 1.703 -0.032 0.391 2.281 -0.393 -0.537 1.681 -0.031 -0.537 1.681 -0.031 -0.659 1.686 -0.058
2300UY -0.51 -1.234 0.098 0.476 -1.114 -0.101 -0.534 -1.229 0.101 -0.534 -1.229 0.101 -0.596 -1.689 0.122
2300UX 4.041 7.329 0.203 5.208 6.172 0.181 3.679 6.362 0.123 3.679 6.362 0.123 3.332 6.408 0.126
2300V0 -0.673 -0.756 -1.413 -0.433 -0.835 -1.82 -0.661 -0.755 -1.408 -0.661 -0.755 -1.408 -1.051 -0.594 -1.533
2300V1 1.255 2.021 1.573 -0.222 4.546 1.258 1.002 2.197 1.302 1.002 2.197 1.302 1.079 0.815 1.269
2300V3 1.668 -0.004 -0.726 0.976 -0.004 -0.446 1.627 -0.01 -0.716 1.627 -0.01 -0.716 1.503 0.006 -0.756
2300V2 1.758 0.139 -0.477 0.359 0.097 -0.265 1.725 0.14 -0.485 1.725 0.14 -0.485 1.235 0.15 -0.475
2300V5 -5.378 -2.942 -1.059 0.417 -2.164 -1.102 -5.408 -2.917 -1.059 -5.408 -2.917 -1.059 -4.392 -2.256 -1.153
2300V6 -2.178 -3.139 -2.21 -2.875 -4.168 -1.06 -2.112 -2.916 -1.992 -2.112 -2.916 -1.992 -2.208 -2.803 -1.896
2300V7 -4.104 -2.742 -1.457 -6.605 -3.109 -0.214 -3.999 -2.231 -0.875 -3.999 -2.231 -0.875 -4.361 -2.395 -0.947
2300V8 -0.769 1.51 0.702 0.496 1.681 0.3 -0.7 1.398 0.612 -0.7 1.398 0.612 0.192 1.553 0.546
2300VA -0.428 -0.018 -0.052 0.297 0.054 -0.23 -0.433 0.002 -0.048 -0.433 0.002 -0.048 -0.14 -0.001 -0.049
2300V9 -1.195 4.18 0.274 -1.539 3.818 -0.238 -1.231 3.752 0.121 -1.231 3.752 0.121 -0.964 3.774 0.135
2300VB -8.932 -1.712 0.0 -0.605 -0.717 0.0 -8.947 -1.697 0.0 -8.612 -1.534 0.0 -5.991 -2.63 0.0
2300VC -1.601 -0.106 -5.321 -1.184 -0.353 -5.059 -1.184 -0.353 -5.059 -1.184 -0.353 -5.059 -1.184 -0.353 -5.059
2300VE -3.979 4.004 -4.259 -2.079 3.57 -4.081 -3.418 3.672 -3.921 -3.418 3.672 -3.921 -3.337 3.641 -3.926
2300VF -3.559 3.194 -2.938 -2.406 2.233 -2.292 -3.291 2.825 -2.581 -3.291 2.825 -2.581 -2.961 2.608 -2.234
2300VD 6.379 -3.957 1.74 4.965 -4.293 1.955 6.41 -3.958 1.74 6.41 -3.958 1.74 5.166 -3.05 1.752
2300VG 1.209 1.9 1.779 1.257 1.835 2.551 1.237 1.906 1.777 1.237 1.906 1.777 0.511 1.756 1.697
2300VH 2.826 2.438 2.255 2.912 1.712 1.347 2.231 2.07 1.676 -0.022 2.396 0.545 0.26 2.628 0.257
2300VL -5.716 3.733 -1.117 -4.215 3.396 -2.239 -5.686 3.75 -1.11 -5.686 3.75 -1.11 -4.38 3.668 -1.248
2300VM -1.062 2.57 0.806 -2.497 1.705 1.772 -0.883 2.296 1.429 -0.883 2.296 1.429 -0.926 2.368 1.442
2300VN 1.129 -3.255 1.657 2.84 -2.703 -0.187 1.139 -3.264 1.674 1.139 -3.264 1.674 0.226 -2.4 1.518
2300VP -2.407 -1.634 0.0 -0.645 -1.458 0.0 -2.249 -1.633 0.0 -2.249 -1.633 0.0 -2.205 -1.644 0.0
2300VQ 5.249 4.596 1.079 4.231 4.415 1.491 4.637 3.99 1.126 4.637 3.99 1.126 4.627 4.067 1.185
2300VR -4.495 -6.126 0.469 -1.568 -9.81 0.207 -3.966 -5.443 0.417 -3.966 -5.443 0.417 -3.963 -5.448 0.419
2300VS -7.132 0.972 2.703 -2.84 -0.892 2.295 -6.376 0.843 2.326 -6.526 0.92 2.381 -6.596 0.838 2.378
2300VT 5.506 0.977 0.661 4.294 1.592 -0.004 5.503 0.981 0.663 5.503 0.981 0.663 5.553 0.954 0.639
2300VU -0.968 1.847 1.646 2.034 2.026 1.078 -0.935 1.849 1.61 -0.935 1.849 1.61 -1.181 1.678 1.449
2300VV -1.513 5.554 -0.241 -5.03 5.834 -0.243 -1.526 5.25 -0.245 -1.526 5.25 -0.245 -0.909 4.961 -0.408
2300VW -0.819 8.734 1.17 -0.303 8.656 0.518 -0.845 7.663 0.91 -0.845 7.663 0.91 -0.928 7.627 0.714
2300VX -5.809 1.898 -4.113 -6.487 -0.661 -4.225 -5.455 1.618 -3.798 -5.455 1.618 -3.798 -4.71 1.374 -3.84
2300VY -3.688 -3.124 -0.001 -1.033 -1.939 -0.001 -3.701 -3.106 0.003 -3.701 -3.106 0.003 -2.482 -3.524 0.002
2300VZ -4.007 3.895 0.205 -2.478 2.619 1.542 -3.295 3.261 0.606 -3.295 3.261 0.606 -3.162 3.672 0.589
2300W0 5.418 1.476 -0.73 3.934 -0.923 -1.182 5.063 1.381 -0.863 5.063 1.381 -0.863 5.243 1.592 -0.85
2300W2 -0.17 -7.12 -2.423 0.725 -9.491 -2.736 -0.157 -7.016 -2.441 -0.157 -7.016 -2.441 0.48 -6.954 -2.469
2300W3 -4.567 -0.204 0.809 -6.133 1.176 0.436 -3.726 -0.173 0.647 -3.726 -0.173 0.647 -3.65 0.06 0.65
2300W4 1.351 -4.138 1.824 3.016 -3.343 -0.435 1.207 -3.679 1.587 1.207 -3.679 1.587 0.884 -3.645 1.514
2300W6 2.08 -1.092 -0.276 1.984 -0.47 -0.915 2.025 -1.048 -0.369 2.025 -1.048 -0.369 2.696 -0.919 -0.454
2300W7 -1.462 2.695 -0.042 -2.245 2.647 -0.792 -1.368 2.475 -0.06 -1.368 2.475 -0.06 -1.286 2.849 -0.436
2300WA 0.956 1.635 0.002 0.874 1.368 0.001 0.779 1.479 0.001 0.779 1.479 0.001 0.971 1.696 0.002
2300WB 0.771 3.429 -0.0 0.722 2.589 -0.0 0.878 2.85 -0.0 0.878 2.85 -0.0 1.153 2.441 -0.0
2300W9 -1.041 2.251 0.001 -0.54 2.511 0.001 -0.849 1.858 0.002 -0.849 1.858 0.002 -0.28 2.225 0.001
2300W8 3.568 1.792 0.004 2.749 1.97 0.003 3.322 1.618 0.004 3.322 1.618 0.004 2.439 1.925 0.003
2300WC -1.048 -0.019 1.506 -1.278 -1.28 1.29 -1.035 -0.038 1.5 -1.035 -0.038 1.5 -1.231 0.232 1.299
2300WD 0.063 6.107 0.0 -0.562 3.075 -0.0 0.079 5.356 0.0 0.079 5.356 0.0 1.174 7.363 0.0
2300WF 1.24 -6.051 0.001 0.681 -4.973 -0.0 1.117 -5.54 0.0 1.117 -5.54 0.0 1.205 -5.448 0.0
2300WG 0.483 1.391 0.733 -0.381 0.169 1.288 0.496 1.377 0.733 0.496 1.377 0.733 -0.664 0.503 0.769
2300WI -0.604 5.658 1.946 -2.041 2.438 1.566 -0.564 4.718 1.481 -0.564 4.718 1.481 -0.342 4.137 1.409
2300WJ -4.784 -9.216 -0.799 -2.87 -6.687 -0.74 -4.116 -7.958 -0.741 -4.116 -7.958 -0.741 -2.056 -8.074 -0.707
2300WL -1.574 -8.705 0.631 -2.925 -4.353 0.27 -1.538 -8.315 0.603 -1.538 -8.315 0.603 -1.509 -6.937 0.498
2300WK -3.847 -6.664 -0.134 -4.303 -2.869 -0.184 -3.847 -6.664 -0.144 -3.847 -6.664 -0.144 -2.022 -6.604 -0.114
2300WN -1.727 3.159 5.853 -1.633 1.522 4.956 -1.574 2.964 5.437 -1.574 2.964 5.437 -1.376 2.962 5.452
2300WP 2.209 7.703 -2.563 2.352 6.334 -1.583 1.955 6.178 -1.938 1.955 6.178 -1.938 2.001 6.124 -1.937
2300WQ -0.118 -1.493 0.542 -3.327 -1.743 0.731 -0.119 -1.483 0.541 -0.119 -1.483 0.541 0.046 -1.666 0.358
2300WS 3.054 3.883 -0.878 3.947 4.63 -3.072 2.876 3.848 -0.85 2.876 3.848 -0.85 2.833 3.837 -0.924
2300WU 5.034 2.826 -0.247 3.576 -0.462 -0.255 4.754 2.722 -0.197 4.754 2.722 -0.197 5.484 2.518 -0.177
2300WV -3.036 3.522 0.007 -1.849 2.037 -0.981 -2.596 2.907 -0.015 -2.596 2.907 -0.015 -2.505 2.861 -0.078
2300WW -4.498 3.184 0.62 -3.916 2.856 0.296 -4.454 3.102 0.571 -4.454 3.102 0.571 -2.279 3.29 0.45
2300WX 0.067 -3.778 2.04 1.261 -6.868 2.383 0.155 -3.581 1.558 0.155 -3.581 1.558 -0.075 -3.701 1.623
2300WZ 1.12 -2.277 1.203 1.331 -2.152 2.423 1.115 -2.273 1.196 1.115 -2.273 1.196 0.854 -2.323 1.163
2300X4 3.772 3.268 0.0 -1.273 1.481 0.0 3.785 3.248 0.0 3.821 3.261 0.0 0.44 2.57 0.0
2300X5 4.701 -4.944 0.0 1.125 0.424 -0.0 4.156 -4.033 -0.0 4.156 -4.033 -0.0 2.638 -3.237 -0.0
2300X7 0.325 -6.219 0.254 -0.577 -5.12 -0.659 0.323 -6.23 0.25 0.323 -6.23 0.25 -0.566 -7.773 0.135
2300X8 0.137 -0.338 0.077 0.577 0.094 0.011 0.171 -0.32 0.001 0.171 -0.32 0.001 -0.267 -0.338 0.01
2300X9 6.192 2.548 -2.323 5.322 -1.035 -1.419 6.223 2.545 -2.331 6.223 2.545 -2.331 4.841 2.883 -2.273
2300XA -2.453 1.322 -0.005 -2.052 0.846 -0.016 -2.426 1.328 -0.006 -2.426 1.328 -0.006 -2.1 2.243 0.027
2300XC -0.084 -4.339 0.641 -2.43 -4.239 0.203 -0.219 -3.55 0.489 -0.219 -3.55 0.489 -0.539 -3.631 0.468
2300XB 1.161 -5.172 0.631 0.537 -3.621 0.081 0.992 -4.294 0.484 0.992 -4.294 0.484 1.835 -4.373 0.441
2300XD 1.577 -0.589 1.055 3.234 -0.786 2.073 1.502 -0.492 1.383 1.502 -0.492 1.383 0.802 -0.213 1.356
2300XE 1.476 3.346 -0.0 -3.071 0.297 -0.001 1.391 2.959 -0.001 1.391 2.959 -0.001 1.286 2.981 -0.001
2300XG 0.343 -0.158 -1.119 -0.784 -0.511 -2.211 0.358 -0.215 -1.419 0.358 -0.215 -1.419 1.42 -0.053 -1.343
2300XF -0.646 -2.19 -0.29 10.683 1.627 0.555 -0.666 -2.17 -0.289 -0.666 -2.17 -0.289 -3.647 -3.435 -0.322
2300XJ -3.538 2.095 2.876 -3.706 1.514 3.314 -3.051 1.762 2.585 -3.051 1.762 2.585 -3.064 1.691 2.531
2300XK -3.593 1.829 0.78 -2.275 1.604 0.819 -2.932 1.553 0.603 -2.932 1.553 0.603 -2.702 1.572 0.605
2300XL 0.212 -0.196 0.081 0.602 1.563 -0.134 0.173 -0.105 0.105 0.173 -0.105 0.105 0.327 -0.422 0.083
2300XN -0.47 -0.243 1.872 -3.215 -0.445 1.908 -0.415 -0.255 1.738 -0.415 -0.255 1.738 -0.089 -0.141 1.717
2300XO -2.325 3.304 0.0 -1.401 0.708 0.0 -1.936 2.76 -0.0 -1.936 2.76 -0.0 -1.92 2.714 -0.0
2300XQ -2.857 -7.451 0.392 -0.916 -3.836 0.295 -2.212 -6.359 0.313 -2.212 -6.359 0.313 -1.636 -6.107 0.318
2300XR -0.748 -4.011 4.687 0.506 -2.183 3.938 -0.528 -3.326 3.847 -0.528 -3.326 3.847 -0.837 -3.362 3.764
2300XS 5.339 -1.203 -0.001 5.392 -1.252 -0.001 4.608 -0.949 -0.0 4.608 -0.949 -0.0 4.311 -0.583 -0.0
2300XV -0.278 4.516 -3.421 -1.89 3.244 -2.968 -0.277 4.519 -3.421 -0.277 4.519 -3.421 -0.224 4.53 -3.548
2300XX 2.208 -4.801 1.396 2.076 -2.623 1.772 1.926 -4.178 1.652 1.926 -4.178 1.652 1.822 -4.122 1.615
2300XW 1.155 0.053 0.03 -0.6 0.213 -0.976 1.157 0.034 0.03 1.157 0.034 0.03 0.223 -0.051 -0.001
2300Y0 5.524 1.323 0.001 4.931 -0.604 0.001 5.197 1.287 0.002 5.197 1.287 0.002 4.734 1.114 0.002
2300Y1 -2.3 1.533 7.323 -3.004 0.978 6.7 -2.138 1.173 6.344 -2.138 1.173 6.344 -2.245 1.105 6.306
2300Y3 1.962 2.017 0.429 4.388 0.21 1.696 1.95 2.0 0.425 1.95 2.0 0.425 1.495 1.758 0.396
2300Y7 -0.181 0.248 -0.883 0.349 0.352 -0.399 -0.136 0.243 -0.771 -0.136 0.243 -0.771 0.401 -0.187 -0.676
2300Y8 -2.351 1.811 -0.0 -1.635 2.074 -0.001 -1.939 1.614 -0.0 -1.939 1.614 -0.0 -1.895 1.602 -0.0
2300Y9 -7.0 0.001 -0.0 -4.777 0.001 0.71 -6.146 0.001 0.508 -6.146 0.001 0.508 -6.333 0.001 0.465
2300YB 1.418 -0.847 0.515 -0.147 0.236 0.809 1.322 -0.795 0.602 1.322 -0.795 0.602 1.249 -0.679 0.603
2300YA -1.031 -0.882 2.386 0.653 1.026 2.402 -1.042 -0.877 2.382 -1.042 -0.877 2.382 -1.04 -0.909 2.392
2300YC 0.376 -4.022 3.767 -1.831 -3.813 3.041 0.142 -3.64 3.174 0.142 -3.64 3.174 0.527 -4.115 3.189
2300YD -11.395 5.581 1.559 -6.528 7.114 1.375 -8.92 4.49 1.285 -8.92 4.49 1.285 -9.058 4.51 1.279
2300YE 4.412 0.892 1.743 1.767 1.708 -0.023 4.424 0.899 1.74 4.424 0.899 1.74 4.346 1.729 1.987
2300YH 1.0 -2.067 1.559 0.294 -3.018 2.433 0.999 -2.061 1.565 0.999 -2.061 1.565 0.792 -2.064 1.622
2300YI -2.851 1.508 1.03 -1.128 0.534 2.061 -2.642 1.354 1.064 -2.642 1.354 1.064 -2.129 1.526 0.992
2300YL -0.249 -0.242 -1.022 -0.009 -0.531 -1.951 -0.253 -0.246 -1.02 -0.253 -0.246 -1.02 -0.74 -0.04 -1.294
2300YK -1.694 -1.314 -1.214 -1.662 -1.439 -2.065 -1.71 -1.326 -1.216 -1.71 -1.326 -1.216 -1.079 -1.521 -1.074
2300YM 2.795 1.088 0.0 2.459 1.052 0.0 2.588 1.052 0.0 2.588 1.052 0.0 0.407 0.901 0.0
2300YO -4.405 -1.182 0.637 -2.69 -0.96 -0.504 -3.535 -0.933 -0.009 -3.535 -0.933 -0.009 -3.36 -1.182 -0.025
2300YT 0.199 0.547 1.696 6.718 1.451 1.463 0.087 0.494 1.416 0.087 0.494 1.416 0.318 1.579 1.486
2300YV -4.199 2.057 0.298 -2.655 1.512 0.355 -3.93 1.952 0.121 -3.93 1.952 0.121 -3.463 1.772 0.125
2300YW -2.499 -1.701 0.257 6.555 -0.031 0.356 -2.487 -1.676 0.258 -2.487 -1.676 0.258 -0.503 -2.851 0.22
2300YX 5.943 3.221 1.594 9.62 -0.098 1.163 5.168 2.67 1.284 5.176 2.953 1.294 5.151 2.037 1.295
2300YZ -4.045 -2.976 1.509 -2.001 -0.22 1.4 -3.581 -2.679 1.334 -3.581 -2.679 1.334 -3.141 -3.404 1.358
2300YY 7.681 -1.565 -0.673 4.015 -2.619 -0.127 7.687 -1.561 -0.677 7.687 -1.561 -0.677 4.035 -1.845 -0.696
2300Z0 -2.524 0.994 1.178 -2.741 -1.596 0.619 -2.322 0.848 0.829 -2.322 0.848 0.829 -2.173 0.404 0.824
2300Z2 2.229 -0.75 0.402 0.663 -0.251 0.782 1.977 -0.726 0.283 1.977 -0.726 0.283 1.702 -0.582 0.312
2300Z1 -0.321 -0.294 -1.701 -3.467 -1.214 -1.513 -0.349 -0.282 -1.58 -0.349 -0.282 -1.58 0.172 -1.08 -1.552
2300Z4 3.879 2.306 -0.083 2.995 4.022 -0.097 3.89 2.299 -0.083 3.89 2.299 -0.083 2.74 2.472 0.011
2300Z3 -3.891 1.418 1.599 -4.8 4.752 2.792 -3.897 1.407 1.609 -3.897 1.407 1.609 -3.99 2.05 1.114
2300Z5 -0.647 -0.182 1.498 4.765 -0.945 0.42 -0.646 -0.182 1.499 -0.713 -0.186 1.496 -3.7 -0.764 1.331
2300Z7 -4.291 -0.181 1.456 -1.204 -1.247 0.678 -4.288 -0.212 1.008 -4.288 -0.212 1.008 -2.095 -0.993 1.22
2300ZA 0.523 3.701 -0.816 -4.016 -0.741 3.135 0.674 3.391 -0.52 0.603 3.38 -0.461 -0.08 3.051 -0.368
2300Z9 -1.639 2.177 0.589 0.164 -1.462 -0.298 -1.623 2.181 0.592 -1.623 2.181 0.592 -3.044 2.64 0.801
2300ZB -2.4 5.139 1.353 -2.383 1.705 1.386 -2.224 4.394 1.375 -2.224 4.394 1.375 -1.951 4.349 1.376
2300ZC -7.17 1.113 2.715 -3.817 0.151 3.195 -7.177 1.15 2.712 -7.141 1.136 2.731 -4.229 1.917 2.577
2300ZF 1.232 1.467 2.422 0.934 1.584 2.722 1.126 1.412 2.348 1.126 1.412 2.348 0.572 1.444 2.376
2300ZG 0.248 2.137 1.073 0.206 2.119 0.394 0.194 2.017 0.902 0.194 2.017 0.902 0.316 1.889 0.864
2300ZI 2.26 -0.203 1.214 1.208 1.076 0.846 1.859 -0.126 1.188 1.859 -0.126 1.188 1.882 0.002 1.199
2300ZK -1.399 -0.778 1.23 -0.065 0.599 0.393 -1.412 -0.777 1.232 -1.412 -0.777 1.232 -0.577 -1.122 1.367
2300ZL -4.296 2.534 0.0 1.011 0.083 -0.0 -3.722 2.135 -0.0 -3.722 2.135 -0.0 -3.523 1.632 -0.0
2300ZM -1.371 -0.845 -0.236 0.057 -0.468 -0.131 -1.349 -0.77 -0.139 -1.349 -0.77 -0.139 -0.938 -0.139 -0.254
2300ZP -0.539 3.446 -0.641 -1.137 3.172 -0.838 -0.589 3.358 -0.499 -0.589 3.358 -0.499 -0.683 3.533 -0.501
2300ZQ -2.482 1.494 0.0 -5.629 3.155 0.0 -2.097 1.292 0.0 -2.097 1.292 0.0 -2.028 1.403 0.0
2300ZR -4.945 3.411 1.828 -3.845 2.875 1.252 -4.11 2.835 1.414 -4.11 2.835 1.414 -4.071 3.148 1.48
2300ZS -0.937 1.012 1.476 -2.268 0.875 0.98 -0.834 1.065 1.072 -0.834 1.065 1.072 -0.21 0.203 1.045
2300ZT -0.879 3.587 3.621 -0.954 4.075 4.009 -0.904 2.991 3.185 -0.904 2.991 3.185 -0.852 3.416 3.164
2300ZU -5.193 -2.455 1.469 -5.536 -2.682 1.57 -4.602 -2.161 1.291 -4.602 -2.161 1.291 -5.019 -2.139 1.317
2300ZV -5.316 -1.268 0.003 -3.481 1.658 0.002 -5.273 -1.275 0.001 -5.273 -1.275 0.001 -4.686 -1.118 0.001
2300ZW 3.199 -3.196 0.011 0.433 1.308 0.001 2.679 -2.584 0.002 2.679 -2.584 0.002 1.322 -2.701 0.003
2300ZX -6.709 0.197 0.029 -3.097 0.089 0.011 -6.276 0.113 0.012 -6.276 0.113 0.012 -6.24 -0.089 0.003
2300ZY -0.295 5.184 1.351 -0.175 4.402 1.018 -0.331 4.784 1.224 -0.331 4.784 1.224 0.639 4.796 1.13
2300ZZ 0.06 -0.303 0.996 -0.206 0.28 1.885 0.04 -0.283 1.315 0.04 -0.283 1.315 0.129 -0.273 1.321
230100 3.478 -7.309 0.052 2.44 -9.554 0.012 3.443 -7.227 0.018 3.443 -7.227 0.018 3.419 -7.382 0.021
230101 -2.997 6.01 0.002 -1.207 5.742 0.002 -2.65 5.673 0.002 -2.65 5.673 0.002 -2.205 5.947 0.002
230102 -3.934 -4.236 -1.415 -3.298 -3.089 -1.168 -3.482 -3.668 -1.167 -3.482 -3.668 -1.167 -3.21 -3.743 -1.24
230103 6.103 -1.179 0.022 0.21 -1.184 0.014 5.371 -1.048 0.007 5.371 -1.048 0.007 4.013 -1.567 0.006
230104 -0.955 -4.995 1.473 -0.026 -4.167 1.258 -0.772 -4.49 1.178 -0.772 -4.49 1.178 -0.881 -4.269 1.198
230105 4.155 2.832 1.398 3.907 3.195 1.513 4.15 2.827 1.397 4.15 2.827 1.397 4.96 2.9 1.392
230106 -4.941 0.153 -0.0 -5.879 -3.928 -0.001 -4.919 0.142 -0.0 -4.942 0.137 -0.0 -5.628 -2.715 -0.0
230107 -8.381 -5.058 0.022 -5.421 -6.556 -0.002 -6.971 -4.339 -0.0 -6.971 -4.339 -0.0 -5.896 -4.038 -0.002
230108 -2.028 1.391 0.0 -3.459 0.127 0.0 -2.017 1.4 0.0 -2.017 1.4 0.0 -2.389 0.794 0.0
23010A -2.052 2.059 0.039 -1.651 1.304 0.006 -1.611 2.044 0.012 -1.611 2.044 0.012 -1.802 2.076 0.014
230109 -7.297 2.733 0.895 -8.974 0.336 2.059 -7.302 2.736 0.9 -7.327 2.724 0.908 -6.52 0.793 1.114
23010B 9.595 0.886 1.306 7.947 2.8 1.885 7.624 0.642 1.522 7.624 0.642 1.522 7.395 1.07 1.539
23010C 7.118 6.894 2.236 4.409 6.878 1.139 6.485 6.129 1.893 6.485 6.129 1.893 6.451 6.02 1.845
23010D -5.761 1.44 0.397 -3.523 0.761 -0.009 -5.235 1.373 0.36 -5.235 1.373 0.36 -4.182 0.556 0.185
23010E -3.114 -3.128 0.448 -3.927 -2.589 -0.058 -2.881 -2.894 0.247 -2.881 -2.894 0.247 -3.02 -2.513 0.233
23010F 2.425 3.683 -0.548 2.228 5.896 -0.951 2.227 3.508 -0.539 2.227 3.508 -0.539 1.874 4.365 -0.625
23010G 5.085 4.047 0.001 -0.333 -0.691 0.003 4.753 3.695 0.001 4.753 3.695 0.001 4.877 3.356 0.001
23010H -3.509 2.015 -0.732 -5.283 -1.885 -0.585 -3.505 2.022 -0.733 -3.505 2.022 -0.733 -3.186 1.23 -0.097
23010I -3.782 -3.768 -1.057 0.266 -3.278 -1.148 -3.737 -3.768 -1.05 -3.837 -3.774 -1.062 -2.441 -3.829 -1.333
23010K -3.855 0.04 0.001 -2.455 -0.076 0.001 -3.726 0.053 -0.0 -3.726 0.053 -0.0 -3.471 0.841 -0.0
23010L -5.484 4.103 0.117 -4.613 4.936 0.011 -4.658 3.383 -0.018 -4.658 3.383 -0.018 -5.137 3.581 0.001
23010M -0.656 -0.409 1.25 -0.287 -0.391 1.498 -0.639 -0.379 1.251 -0.639 -0.379 1.251 -0.435 -0.293 1.263
23010O -6.862 0.159 -3.292 -6.358 1.861 -3.274 -6.361 0.213 -3.258 -6.361 0.213 -3.258 -6.376 0.371 -3.266
23010P 2.881 -2.083 -0.001 -0.498 -5.419 -0.001 2.845 -2.103 0.001 2.845 -2.103 0.001 2.427 -1.272 0.001
23010Q 0.571 -4.813 -0.0 1.251 -0.117 -0.0 0.571 -4.237 -0.0 0.571 -4.237 -0.0 -0.6 -3.975 -0.0
2300SG -1.243 2.258 2.372 -0.961 2.256 2.484 -0.888 1.738 2.429 -0.888 1.738 2.429 -0.915 1.773 2.42
23010W 1.269 1.402 1.335 1.393 1.699 1.841 1.27 1.39 1.337 1.27 1.39 1.337 0.752 1.372 1.295
23010X 0.976 1.552 0.016 0.842 2.098 -0.202 1.003 1.637 -0.041 1.003 1.637 -0.041 1.073 1.647 -0.003
23010Y -0.085 0.076 -0.0 -0.368 0.426 -0.223 -0.058 0.127 -0.038 -0.058 0.127 -0.038 -0.011 0.08 -0.02
23010Z 0.258 -0.074 1.251 0.23 0.004 1.767 0.266 -0.07 1.256 0.266 -0.07 1.256 0.417 0.26 1.411
23010V -0.976 -0.638 -1.923 -1.426 -0.899 -2.633 -0.957 -0.622 -1.92 -0.957 -0.622 -1.92 -0.936 -0.291 -1.745
230118 0.856 0.966 1.768 0.3 0.981 1.127 0.86 0.963 1.769 0.86 0.963 1.769 0.802 0.953 1.797
230119 2.756 1.343 0.0 2.015 1.406 0.0 2.768 1.346 0.0 2.768 1.346 0.0 3.269 1.252 0.0
23011A 1.483 -1.408 -0.204 -0.235 0.18 -0.127 1.44 -1.397 -0.2 1.44 -1.397 -0.2 1.317 -1.501 -0.196
23011B 4.506 1.876 0.071 5.037 -0.781 0.018 4.045 1.711 0.03 4.045 1.711 0.03 3.864 1.72 0.027
23011E -9.452 -1.455 0.046 -7.927 0.488 0.018 -7.959 -1.268 0.035 -7.959 -1.268 0.035 -8.428 -1.096 0.039
23011F 1.332 4.265 0.001 1.541 2.487 -0.0 1.307 4.264 0.0 1.307 4.264 0.0 6.225 4.044 0.0
23011G 4.083 -2.546 0.0 2.807 -2.316 -0.0 3.966 -2.496 -0.0 3.966 -2.496 -0.0 3.713 -3.488 0.0
23011H -2.778 0.0 -0.257 -2.129 -0.0 0.062 -2.451 -0.0 -0.122 -2.451 -0.0 -0.122 -2.452 -0.0 -0.123
23011J 0.0 -4.923 0.001 0.0 -3.758 0.001 -0.012 -4.8 0.001 -0.012 -4.8 0.001 0.0 -4.784 0.001
23011I -5.359 2.641 0.0 -6.114 2.0 0.0 -5.371 2.653 0.0 -5.371 2.653 0.0 -5.21 2.664 0.0
23011K -2.717 -1.775 0.108 -3.305 -1.228 0.671 -2.697 -1.767 0.12 -2.463 -1.575 0.153 -2.599 -1.359 0.155
23011L 2.265 1.468 1.174 1.841 1.357 0.695 1.844 1.157 0.822 1.844 1.157 0.822 1.82 1.117 0.814
23011M 0.755 -0.092 0.974 -0.821 -0.381 1.309 0.826 -0.074 0.975 0.826 -0.074 0.975 -0.088 -0.007 1.003
23011N -2.462 -4.001 0.0 -1.711 -1.114 0.0 -2.432 -4.036 0.0 -2.445 -4.018 0.0 -2.666 -3.487 0.0
23011P -3.402 0.502 -0.304 -3.805 -0.111 -0.466 -3.389 0.51 -0.299 -3.389 0.51 -0.299 -3.14 1.09 -0.328
23011R 1.291 -0.384 2.891 3.608 -1.909 4.564 1.324 -0.382 2.888 1.324 -0.382 2.888 0.593 -0.698 3.293
23011U 0.431 3.234 1.216 -0.086 2.486 2.26 0.458 3.177 1.254 0.458 3.177 1.254 -0.078 1.428 1.276
230120 2.414 1.997 -0.0 1.072 1.693 -0.0 2.159 1.824 -0.0 2.159 1.824 -0.0 2.18 1.832 -0.0
230123 -0.749 -1.642 0.473 -1.757 -0.146 -0.38 -0.759 -1.58 0.344 -0.759 -1.58 0.344 -1.469 -1.626 0.313
230124 -2.622 0.707 0.288 -3.972 0.966 -0.638 -2.675 0.706 0.287 -2.382 0.528 0.14 -1.52 0.581 0.068
230125 1.139 -2.556 -0.097 0.281 0.872 -0.28 1.156 -2.578 -0.092 1.156 -2.578 -0.092 2.321 -2.243 -0.24
230128 3.79 0.04 -2.544 5.324 -0.704 -1.573 3.451 0.033 -2.196 3.451 0.033 -2.196 3.556 0.338 -2.563
230129 -0.649 -1.654 3.741 0.473 3.388 4.89 -0.653 -1.658 3.742 -0.645 -1.652 3.742 1.341 -1.872 3.966
23012A 3.745 6.077 4.1 -1.503 5.353 4.526 3.566 5.894 3.862 3.566 5.894 3.862 5.15 5.507 3.989
23012B 0.153 0.69 0.495 0.269 0.566 -0.01 0.182 0.685 0.49 0.182 0.685 0.49 0.828 0.677 0.312
23012C 2.551 -0.472 -0.817 -0.375 -0.904 -2.184 2.544 -0.466 -0.817 2.544 -0.466 -0.817 1.68 -0.415 -0.66
23012F -4.647 4.107 -2.997 -2.56 2.803 -2.56 -3.808 3.355 -2.621 -3.808 3.355 -2.621 -2.017 3.61 -2.783
23012E 1.751 2.045 -4.051 1.124 1.495 -2.547 1.429 1.901 -3.317 1.429 1.901 -3.317 0.852 1.791 -3.09
23012H -0.951 0.584 0.011 -1.098 0.674 0.009 -0.942 0.586 0.005 -0.945 0.606 0.006 -0.125 0.077 0.008
23012G -0.512 0.274 -2.449 -3.686 -1.618 -1.83 -0.528 0.218 -1.873 -0.528 0.218 -1.873 2.952 -0.963 -1.845
23012I -2.462 4.653 -4.97 0.577 0.791 -5.426 -2.146 3.974 -4.403 -2.146 3.974 -4.403 -1.449 3.883 -4.101
23012J -5.462 0.744 1.361 -3.986 0.751 2.138 -5.095 0.674 1.462 -5.095 0.674 1.462 -4.565 0.61 1.507
23012L 3.32 -2.136 -1.912 1.486 0.278 -1.918 2.796 -2.035 -1.542 2.796 -2.035 -1.542 2.818 -1.875 -1.3
23012M 5.074 -0.657 -2.292 3.987 1.39 -2.979 4.313 -0.617 -1.713 4.313 -0.617 -1.713 4.16 -0.719 -1.861
23012K -2.124 -0.59 0.48 -3.981 -2.221 1.396 -2.116 -0.593 0.477 -2.116 -0.593 0.477 0.608 0.304 0.082
