#QM Initial Optimized Reoptimized Retrained Bonded_term Compound
1.40936901 1.29559521 1.40935602 1.40935602 1.40949456 B_N19_N20 230003
1.36725418 1.34158378 1.36789701 1.36789701 1.3677373 B_N1_N2 230006
1.38123532 1.43321001 1.38160721 1.38160721 1.38166291 B_C5_N6 23000A
1.38107712 1.38562147 1.38068601 1.38068601 1.38067965 B_C6_N14 23000E
1.42224646 1.39263911 1.42172078 1.42172078 1.42211314 B_N1_N2 23000F
1.45818312 1.48571617 1.45926158 1.45926158 1.45955404 B_C12_C13 23000F
1.72290569 1.71706716 1.72677057 1.72677057 1.72679982 B_S3_C4 23000I
1.48058772 1.55090338 1.48529692 1.48529692 1.48552891 B_C4_C5 23000I
1.39532398 1.37747349 1.397115 1.397115 1.3973066 B_N3_N4 23000K
1.38399314 1.35593552 1.38410873 1.38927931 1.38918926 B_C14_N15 23000M
1.46842433 1.45345422 1.46938159 1.48528364 1.48517682 B_C5_N8 23000O
1.53296869 1.52673314 1.53376227 1.53376227 1.53301097 B_C2_C4 23000P
1.49290355 1.55581367 1.48818643 1.48818643 1.4881253 B_C8_C10 23000Q
1.36880897 1.47186579 1.36928284 1.36928284 1.36959241 B_C11_C13 23000X
1.24532486 1.26052384 1.24450086 1.2426243 1.24226784 B_C11_O12 230010
1.43563853 1.44384935 1.43178383 1.45730578 1.45678334 B_N6_C7 230012
1.53030356 1.51051314 1.52916094 1.52916094 1.52894202 B_C2_C14 230016
1.51821672 1.48967007 1.52033786 1.52033786 1.52030084 B_C13_C14 230016
1.71130038 1.74682095 1.71141376 1.72269914 1.72274151 B_C4_S5 23001C
1.35249177 1.36110873 1.34905326 1.34905326 1.34887561 B_C2_O18 23001F
1.44052699 1.42343649 1.43897122 1.43897122 1.43903579 B_N7_O8 23001I
1.22816041 1.2435382 1.22816092 1.22816092 1.22814319 B_O1_C2 23001K
1.47430255 1.47404907 1.47654983 1.47654983 1.47649204 B_C2_C3 23001K
1.50889927 1.50265182 1.5104385 1.5104385 1.51045621 B_C2_C12 23001K
1.4022161 1.42775284 1.40076861 1.40076861 1.40075285 B_N10_O11 23001K
1.50404156 1.49179468 1.49451132 1.49451132 1.49453142 B_C5_C16 23001L
1.41970736 1.48085585 1.4181151 1.4181151 1.41842472 B_N12_N13 23001P
1.39479389 1.35898398 1.3930709 1.3930709 1.39328683 B_N4_C5 23001Q
1.36480951 1.36806874 1.36434227 1.36434227 1.36445123 B_C6_O7 23001Q
1.24159977 1.23603881 1.2421303 1.2421303 1.24214575 B_C8_O9 23001Q
1.49976465 1.51632429 1.49846004 1.49846004 1.4985276 B_C3_C4 23001S
1.33973729 1.38158302 1.33952144 1.33482929 1.33496625 B_O2_C3 23001T
1.33912733 1.46182796 1.34103119 1.34762545 1.3473104 B_C2_N3 23001U
1.39400466 1.38112325 1.35036339 1.37413231 1.374355 B_N3_C4 23001U
1.44685486 1.4829324 1.4475623 1.4475623 1.44894279 B_C2_C6 23001V
1.46046054 1.47619371 1.4611635 1.46331069 1.46398811 B_C8_C18 23001X
1.36604758 1.40577331 1.36614353 1.36614353 1.36620476 B_F1_N2 230020
1.35627247 1.41269536 1.35554492 1.35554492 1.35627824 B_N2_C7 230020
1.2878649 1.38467358 1.28688143 1.28688143 1.28687678 B_N4_O5 230021
1.39813483 1.3929381 1.39795694 1.39795694 1.39796918 B_N10_O11 230021
1.4264943 1.41959902 1.42240104 1.42240104 1.42248418 B_C2_N10 230022
1.40482632 1.48032271 1.40238474 1.39495802 1.39535168 B_N1_N2 230024
1.72918998 1.63752632 1.72905849 1.72905849 1.72577826 B_S2_N4 230026
1.78381754 1.70286329 1.78370279 1.78370279 1.79008097 B_S2_C17 230026
1.48280612 1.45546876 1.49615395 1.49615395 1.49606442 B_N15_C16 230027
1.39619841 1.37572639 1.39367426 1.39367426 1.39378695 B_C5_N15 230028
1.42182031 1.42145528 1.42373956 1.42373956 1.42418876 B_C2_N3 23002F
1.29222831 1.38680631 1.29221792 1.29221792 1.29229604 B_N7_C8 23002G
1.51651871 1.52902345 1.51961229 1.51961229 1.51972424 B_C8_C12 23002G
1.3593344 1.36472769 1.35831181 1.35831181 1.35840473 B_C10_C11 23002K
1.5051475 1.50263706 1.5038177 1.5038177 1.5037677 B_C2_N1 23002M
1.41875791 1.35318056 1.42061561 1.42061561 1.42184619 B_N1_N2 23002M
1.37949157 1.34896671 1.38004241 1.38004241 1.38029601 B_O3_C4 23002Q
1.46010137 1.46022566 1.46169527 1.46169527 1.46135139 B_N10_N11 23002U
1.81335325 1.80808326 1.81914958 1.81914958 1.8193015 B_C7_S9 23002W
1.44794786 1.45887089 1.44774938 1.44774938 1.44777262 B_N13_C14 23002W
1.46349479 1.36225147 1.46295023 1.46295023 1.4638558 B_N8_N9 23002X
1.43614658 1.44203311 1.4367179 1.4367179 1.43650919 B_C13_C14 23002Y
1.51530888 1.53181951 1.49782727 1.49782727 1.49730546 B_C8_C13 23002Z
1.38077261 1.42570117 1.38018436 1.38018436 1.38020829 B_N12_O13 230035
1.37096681 1.4127784 1.37224559 1.37224559 1.37269155 B_C3_N12 230037
1.35399594 1.37491849 1.35402904 1.35402904 1.35371098 B_N11_N12 230037
1.38454469 1.41362082 1.38437458 1.38437458 1.38438997 B_N14_O15 23003E
1.37339069 1.37963908 1.37290903 1.37290903 1.37282616 B_O3_C4 23003G
1.34497584 1.4026052 1.34551427 1.34551427 1.34585646 B_C5_N6 23003G
1.37898513 1.38381183 1.37762587 1.37762587 1.37745395 B_C5_N13 23003G
1.76900707 1.77829384 1.76695327 1.76561392 1.76556599 B_S2_C5 23003I
1.51249926 1.53706541 1.51026008 1.51026008 1.51011532 B_C7_C8 23003K
1.50513953 1.50779404 1.50477808 1.50477808 1.50401013 B_C6_C7 23003M
1.43931442 1.39001973 1.44296692 1.47451151 1.47370375 B_N5_C6 23003N
1.51475312 1.57663524 1.51361963 1.51361963 1.51365994 B_C6_C11 23003O
1.43616329 1.45620728 1.43672966 1.43140042 1.43076511 B_N2_C4 23003P
1.72880681 1.77106376 1.72960447 1.72960447 1.72878811 B_C11_S12 23003R
1.49386679 1.53211263 1.49196628 1.49196628 1.49177723 B_C4_C5 23003U
1.50111858 1.47982907 1.51114535 1.51114535 1.51138794 B_N2_C13 23003V
1.50899636 1.53081445 1.50952154 1.50952154 1.50955879 B_C6_C16 23003W
1.46916167 1.42961498 1.4711593 1.4711593 1.47117079 B_C7_C18 230043
1.40419586 1.34617486 1.39864519 1.39864519 1.39858983 B_N9_N11 230043
1.42243453 1.43561114 1.41888131 1.41888131 1.41884988 B_O6_C7 230048
1.55295686 1.57988584 1.55325438 1.55325438 1.55325593 B_C7_C13 230048
1.36993759 1.37290205 1.37132453 1.37132453 1.37011752 B_N7_C8 23004C
1.47873933 1.46223646 1.47876027 1.47876027 1.48046866 B_N2_C4 23004D
1.49339077 1.49806225 1.49386851 1.49386851 1.49196244 B_C4_C6 23004D
1.31590577 1.45573795 1.31516005 1.31516005 1.31490927 B_N17_O18 23004H
1.42279373 1.41801712 1.42147981 1.42147981 1.42065586 B_C3_N4 23004I
1.45037099 1.46405749 1.45144249 1.45144249 1.45138489 B_N5_C13 23004N
1.47217866 1.46378719 1.47132181 1.47132181 1.47137353 B_N7_C8 23004N
1.46375066 1.4608945 1.46426565 1.46426565 1.46418457 B_N5_O10 23004Q
1.52710379 1.54796509 1.52091586 1.52091586 1.52083916 B_C4_C6 23004R
1.63661449 1.63102507 1.63639091 1.63639091 1.63638315 B_C7_S8 23004U
1.52950449 1.52511058 1.52360079 1.52360079 1.52360721 B_C2_C13 23004W
1.38555043 1.38604031 1.3885909 1.3885909 1.38874655 B_C4_O12 23004W
1.81925094 1.82410191 1.81898228 1.81898228 1.81920055 B_S4_C7 23004Z
1.40192225 1.48172804 1.40498369 1.40498369 1.40541833 B_N1_N2 230051
1.54607147 1.50785279 1.55433974 1.55433974 1.55422283 B_C3_C4 230053
1.40905252 1.39442004 1.40674387 1.40674387 1.40595168 B_C3_N7 230053
1.45133077 1.48025143 1.45809444 1.45809444 1.45761918 B_N7_C13 230053
1.45217113 1.50842823 1.45131309 1.45131309 1.45160618 B_C10_N12 230053
1.55062084 1.55971945 1.56001222 1.56001222 1.55980806 B_C10_C13 230053
1.52798102 1.50858337 1.53085019 1.53085019 1.53089746 B_C2_C6 230054
1.4352303 1.42283063 1.4404015 1.4404015 1.44020041 B_C2_C11 230056
1.47514982 1.52510107 1.47467119 1.47467119 1.47244141 B_C2_C3 230055
1.85345434 1.80460024 1.8521979 1.8521979 1.85220179 B_C2_S4 230059
1.80390826 1.79037566 1.80271862 1.80271862 1.80262531 B_S4_C7 230059
1.49597594 1.53802144 1.49653004 1.49653004 1.49648858 B_C4_C6 23005B
1.39410222 1.40095063 1.39415183 1.39415183 1.39331074 B_N2_C3 23005D
1.57440052 1.41336327 1.52057856 1.52057856 1.52133689 B_N5_N6 23005E
1.47670918 1.45158859 1.47613437 1.47613437 1.47623171 B_C2_C4 23005G
1.66560139 1.66741182 1.66629327 1.66629327 1.66705751 B_C9_S10 23005I
1.75875211 1.78005198 1.74670192 1.74670192 1.74671488 B_S2_C3 23005H
1.47782611 1.49404626 1.47659203 1.52424107 1.52060834 B_N1_C5 23005O
1.69547545 1.59219117 1.6959852 1.6959852 1.69576566 B_N6_S7 23005S
1.5038351 1.537512 1.50456568 1.50456568 1.50439116 B_C2_C4 23005V
1.42894681 1.46954785 1.42849679 1.4302566 1.42872138 B_N7_O8 23005X
1.42532452 1.4164426 1.42731255 1.42731255 1.42749418 B_N11_O12 230064
1.41903242 1.41053694 1.41944062 1.38761798 1.38782707 B_N8_C9 230065
1.35375441 1.3461056 1.35303778 1.35303778 1.35306779 B_N8_C9 230066
1.3570059 1.34948208 1.35468568 1.35468568 1.35478718 B_N8_N12 230066
2.06775482 2.04209301 2.07462274 2.07462274 2.07460181 B_S11_S12 230067
1.63030672 1.62298078 1.62892111 1.61998738 1.61966909 B_O1_S2 23006A
1.80254265 1.81965332 1.80131088 1.79598632 1.79651425 B_S2_C5 23006A
1.83411695 1.9384104 1.8348509 1.81034529 1.80876503 B_S2_C5 230069
1.52082774 1.51739278 1.52081799 1.52081799 1.52068325 B_N5_C6 23006B
1.56016538 1.51197246 1.56185277 1.56185277 1.56208727 B_N5_C9 23006B
1.43692797 1.37752419 1.43742159 1.43742159 1.43524978 B_N9_C10 23006C
1.32466071 1.32595436 1.32618059 1.32618059 1.32554752 B_C18_N19 23006H
1.08679391 1.08614777 1.08660052 1.08660052 1.08752262 B_C18_H34 23006H
1.34780785 1.33695135 1.34859032 1.34833071 1.34851994 B_C1_C2 23006I
1.7793215 1.70321807 1.78076778 1.78396071 1.78448092 B_C2_S3 23006I
1.39573851 1.44731682 1.39664305 1.38807183 1.3879872 B_C2_N12 23006I
1.48227865 1.45265532 1.47827095 1.47827095 1.47836008 B_N5_C6 23006J
1.72506522 1.66693696 1.71918431 1.71918431 1.71722009 B_N7_S8 23006K
1.51894371 1.5266012 1.51905837 1.51905837 1.51928699 B_N2_C4 23006L
1.50231621 1.48658775 1.50106555 1.50106555 1.50104644 B_N2_C7 23006L
1.4211228 1.41749096 1.42089628 1.42089628 1.42060348 B_N2_C7 23006M
1.49616844 1.52596037 1.49565228 1.49565228 1.49388035 B_C8_C10 23006Q
1.51573547 1.50570626 1.51396577 1.51396577 1.51322559 B_C2_C11 23006T
1.41922408 1.40478156 1.41719679 1.41719679 1.41546103 B_N4_C5 23006U
1.56403229 1.56403674 1.56034492 1.56034492 1.56009684 B_C2_C11 23006V
1.4672815 1.47586085 1.47011971 1.47011971 1.4697639 B_C5_C6 230070
1.37069946 1.34591252 1.37045528 1.38633537 1.38619718 B_N3_C4 230071
1.47549653 1.43502345 1.47599287 1.47219045 1.47210303 B_C3_C4 230073
1.7152064 1.66426405 1.7159896 1.69878203 1.69859141 B_N12_S13 230073
1.36921036 1.34739375 1.36925286 1.39599362 1.39582812 B_N3_N4 230075
1.41443204 1.42590954 1.41305711 1.41305711 1.41338954 B_C17_O18 23007A
1.77202314 1.72616116 1.77318473 1.77318473 1.7726899 B_C2_S3 23007D
1.47230601 1.42203561 1.47268292 1.47268292 1.47248626 B_N8_C10 23007F
1.46859184 1.41045168 1.45701605 1.45701605 1.45676907 B_N17_C5 23007I
1.55751212 1.5967341 1.56768661 1.52472621 1.52515521 B_C2_C5 23007H
1.88293016 1.87187464 1.87870648 1.87816317 1.87829497 B_S5_C7 23007L
1.50158616 1.51080551 1.50297961 1.50297961 1.5029289 B_C8_C10 23007R
1.46829152 1.52740676 1.4692915 1.4692915 1.46933283 B_C2_C3 23007V
1.39516702 1.38010775 1.39255806 1.39255806 1.39282235 B_N3_N4 23007X
1.51921987 1.48999714 1.51300777 1.50785932 1.50857524 B_C11_N15 23007Y
1.4222426 1.43567195 1.42059233 1.42059233 1.42053167 B_C5_N6 23007Z
1.83986657 1.77442649 1.83952126 1.83952126 1.83953136 B_C7_S8 23007Z
1.45907539 1.41841138 1.47344992 1.47344992 1.47349097 B_N5_N9 230081
1.35234648 1.39553778 1.3520534 1.3520534 1.35256015 B_O2_C3 230082
1.50664793 1.51318157 1.50734472 1.50734472 1.50676217 B_C7_C8 230084
1.55622139 1.52178601 1.55592744 1.55592744 1.55615546 B_C7_C8 230083
1.36093571 1.44643957 1.36013323 1.36013323 1.36002212 B_C6_N7 230087
1.3710248 1.42647428 1.37227385 1.37227385 1.37146113 B_O6_C7 23008H
1.53476871 1.53987993 1.53579581 1.53579581 1.53520099 B_C7_C10 23008H
1.83523568 1.805348 1.83563586 1.82529219 1.825967 B_S2_C5 23008J
1.3902712 1.43728663 1.38267037 1.38267037 1.38262856 B_N2_C3 23008N
1.47878092 1.55926117 1.47998388 1.47998388 1.48045742 B_C2_C4 23008T
1.48815389 1.49571588 1.48888979 1.48888979 1.48746531 B_C7_C8 23008T
1.49830571 1.52569233 1.50235281 1.50235281 1.50248245 B_C11_C13 23008U
1.43774998 1.42259281 1.43772093 1.43772093 1.43763141 B_C2_O3 23008X
1.50421973 1.54577241 1.50421814 1.50421814 1.50444122 B_N2_C4 230090
1.38766747 1.42098837 1.38774771 1.38774771 1.38935757 B_O2_N3 230095
1.37892494 1.42147769 1.37791175 1.37791175 1.37780829 B_C5_N19 230096
1.78844094 1.7629789 1.78505359 1.78505359 1.78516803 B_S4_C5 230097
1.46651253 1.44641348 1.4616905 1.4616905 1.46179543 B_N6_C7 230097
1.36159649 1.38217185 1.36201896 1.36201896 1.36255814 B_N2_C10 23009B
1.35995772 1.34531129 1.36165603 1.36165603 1.3615107 B_C6_C7 23009F
1.52120742 1.47895244 1.51927272 1.51927272 1.51948982 B_C5_N11 23009H
1.45427095 1.45468524 1.45533183 1.45533183 1.45484861 B_N2_O18 23009I
1.53292498 1.50727035 1.5221078 1.5221078 1.52213888 B_C2_C4 23009P
1.48809744 1.56714109 1.49110903 1.49110903 1.49103414 B_C6_C8 23009P
1.72082393 1.79133281 1.72073221 1.72073221 1.72085631 B_S1_N2 23009W
1.36226613 1.34853999 1.36298296 1.36298296 1.36304335 B_C4_C5 2300A0
1.37051706 1.35962592 1.37053839 1.37053839 1.37090279 B_C2_O3 2300A3
1.46426637 1.43251124 1.45876599 1.45876599 1.45683877 B_O13_C14 2300A4
1.40363421 1.43364308 1.40247715 1.40247715 1.40265078 B_C2_N3 2300A6
1.48574392 1.49905625 1.48480729 1.48480729 1.48493711 B_C2_C5 2300A7
1.27082886 1.42883425 1.2711763 1.2711763 1.2710374 B_O1_N2 2300AC
1.81122528 1.74911668 1.81263763 1.81263763 1.80721387 B_C3_S4 2300AJ
1.47543926 1.48130555 1.46176257 1.46176257 1.46189817 B_C17_C18 2300AK
1.37096535 1.34783497 1.3700396 1.37196396 1.37201929 B_N15_N16 2300AP
1.40452483 1.39270741 1.40476787 1.40476787 1.4048863 B_N17_C13 2300AV
1.51598219 1.53596854 1.51695061 1.51695061 1.51705143 B_C13_C14 2300AV
1.52743543 1.50022128 1.52794449 1.52794449 1.5295584 B_C3_C4 2300AY
1.49072902 1.49180405 1.53389989 1.53389989 1.53382358 B_N7_C8 2300B0
1.51308162 1.51488841 1.51172099 1.51172099 1.51171875 B_C5_C6 2300B5
1.39656543 1.37998652 1.39890643 1.39890643 1.39888605 B_C2_N6 2300B9
1.50569486 1.46938875 1.50553334 1.50553334 1.50553334 B_C2_C3 2300BE
1.37884626 1.41759956 1.37699046 1.37699046 1.3762512 B_N6_C13 2300BX
1.40161514 1.47111339 1.42630635 1.42630635 1.42643267 B_C4_C5 2300C5
1.37956877 1.46938186 1.38601646 1.38601646 1.38624061 B_C5_C7 2300C5
1.53533905 1.51998587 1.53108282 1.53108282 1.52942364 B_C11_C12 2300CI
1.4894405 1.47157206 1.49043831 1.49043831 1.49112084 B_C6_C8 2300CJ
1.3426094 1.35696168 1.34305639 1.34305639 1.3427977 B_O2_C3 2300CK
1.3744126 1.4553329 1.37546689 1.37546689 1.37602397 B_C3_N15 2300CK
1.66046319 1.81991189 1.66170481 1.66170481 1.66129914 B_N4_S5 2300CK
1.42888803 1.3618494 1.43351184 1.43351184 1.4334891 B_N6_N7 2300CL
1.40293193 1.40382025 1.40565341 1.40565341 1.40615354 B_C7_N8 2300CM
1.36409164 1.42607605 1.3642964 1.3642964 1.36450363 B_C2_N3 2300CQ
1.64777365 1.75391489 1.6478806 1.6478806 1.64772952 B_S2_C4 2300CT
1.44131398 1.49195818 1.44213967 1.44213967 1.44206146 B_C4_C5 2300CT
1.08712511 1.09112371 1.086266 1.08355637 1.08323749 B_C9_H23 2300CU
1.43559361 1.34249389 1.43589827 1.43101926 1.42185807 B_N3_C4 2300CV
1.35869386 1.29233867 1.35833799 1.35830466 1.35628278 B_N3_N10 2300CV
1.44622025 1.33249462 1.44745478 1.44745478 1.44723613 B_C2_N4 2300CX
1.49173322 1.50557474 1.49116192 1.49116192 1.49121776 B_C01_C5 2300CY
1.23070468 1.23418079 1.23098986 1.23098986 1.23103029 B_O1_C2 2300CY
1.38646096 1.42271144 1.38517784 1.38517784 1.38509882 B_C2_N3 2300CY
1.41780217 1.48745636 1.4168331 1.4168331 1.4168539 B_N3_N4 2300CY
1.45423863 1.40179488 1.45387047 1.45387047 1.45401019 B_N4_C5 2300CY
1.28845372 1.35121992 1.2888891 1.2888891 1.28893272 B_C5_N12 2300CY
1.39791345 1.3593271 1.39998332 1.39998332 1.40014787 B_N12_C14 2300CY
1.42400878 1.41063497 1.42419124 1.42419124 1.42427515 B_C14_C15 2300CY
1.57654971 1.81942034 1.57713602 1.57713602 1.57707521 B_N3_S4 2300D1
1.74257109 1.74089895 1.74346749 1.74346749 1.74328653 B_S4_C7 2300D1
1.41357879 1.36981101 1.40943552 1.40634859 1.40583247 B_C2_N4 2300D5
1.45158706 1.41042565 1.44612912 1.44612912 1.4459631 B_O4_C5 2300D6
1.50755232 1.51633756 1.50772431 1.50772431 1.50821432 B_C4_C5 2300DA
1.45717569 1.4734634 1.45759423 1.45759423 1.45726912 B_C13_N15 2300DC
1.40563722 1.45195773 1.40932871 1.40932871 1.4094186 B_N3_O4 2300DK
1.48691392 1.50238805 1.48537487 1.48537487 1.48530756 B_N14_C16 2300DK
1.34801335 1.38731922 1.34812969 1.34812969 1.34821712 B_C11_O12 2300DN
1.41549532 1.50869976 1.41644694 1.41644694 1.41632419 B_C4_C5 2300DO
1.45857465 1.44315322 1.45615628 1.45615628 1.45622496 B_C5_N12 2300DP
1.7623578 1.75405549 1.76285501 1.76285501 1.76237063 B_C13_S14 2300DT
1.3470464 1.34561028 1.34766569 1.34766569 1.34786502 B_C11_F12 2300DW
1.39449848 1.38780067 1.39397689 1.39397689 1.39333868 B_C15_N16 2300E4
1.47222383 1.51731987 1.47205072 1.47205072 1.47219243 B_C3_C4 2300E9
1.51408751 1.5141195 1.5141195 1.5141195 1.5141195 B_N5_C7 2300EJ
1.52414599 1.55921177 1.53276212 1.53276212 1.53262459 B_C5_C7 2300EP
1.52278987 1.51867207 1.52265174 1.52265174 1.52258504 B_C2_C12 2300ET
1.51618798 1.56425688 1.51683235 1.51683235 1.5170062 B_C2_C12 2300EU
1.74587772 1.77070136 1.74362743 1.74362743 1.74381571 B_C5_S10 2300EU
1.74340873 1.87442689 1.74396011 1.74396011 1.74408175 B_S10_N11 2300EU
1.47757809 1.46301951 1.48067323 1.51314249 1.51298851 B_C2_N8 2300F5
1.47723593 1.46942885 1.47745647 1.47745647 1.47719579 B_C2_C5 2300FM
1.47359221 1.36937535 1.47245259 1.47245259 1.47299947 B_N4_C10 2300FO
1.44210541 1.47832222 1.44525868 1.44525868 1.44588208 B_N10_C11 2300FU
1.45818072 1.43551083 1.47037092 1.47037092 1.47040183 B_C4_O11 2300G3
1.47223266 1.435428 1.47164766 1.47164766 1.47164836 B_C2_C3 2300G7
1.41097484 1.4280236 1.40935879 1.43839762 1.4378438 B_C4_N6 2300GL
1.44299827 1.45388414 1.4415221 1.4415221 1.44164805 B_N2_C4 2300GZ
1.46291866 1.48811846 1.46394487 1.46394487 1.4639865 B_C4_N5 2300H1
1.45706451 1.45912808 1.45658474 1.45658474 1.45666998 B_N5_C6 2300H1
1.44832869 1.476555 1.43944997 1.43944997 1.43947516 B_N7_C8 2300H1
1.53602604 1.56520088 1.53510199 1.53510199 1.53540836 B_C2_C6 2300H7
1.48789986 1.5103039 1.49014993 1.4946003 1.49439085 B_C10_C11 2300HG
1.49904436 1.49902832 1.49855523 1.49855523 1.49851268 B_C7_C8 2300HV
1.44580566 1.44060139 1.44600076 1.44600076 1.44670232 B_N12_C13 2300I4
1.44734688 1.46334731 1.44780376 1.44780376 1.44787955 B_O13_N14 2300I6
1.51158625 1.51489111 1.51152944 1.51152944 1.51179054 B_C11_C12 2300IL
1.49249891 1.47489821 1.49252093 1.49252093 1.49208866 B_C2_C4 2300IM
1.33273628 1.36193103 1.33158703 1.33303624 1.33473952 B_N2_C4 2300IP
1.47136026 1.47828909 1.47091056 1.5104671 1.51305767 B_C4_C19 2300IP
1.49883988 1.4984366 1.49804038 1.49804038 1.49853702 B_N2_C5 2300IS
1.4838076 1.47408835 1.48132562 1.48132562 1.48131509 B_C11_N8 2300IV
1.42583625 1.41521239 1.42476843 1.42476843 1.42486243 B_O5_C6 2300IU
1.42244965 1.47413627 1.42204207 1.42204207 1.4219086 B_N10_C11 2300IW
1.81110574 1.75159981 1.80597788 1.80597788 1.80695314 B_C7_S8 2300J1
1.51371893 1.52549083 1.51527868 1.51527868 1.51494005 B_C2_C3 2300J2
1.52160869 1.56740578 1.5313869 1.5313869 1.53240559 B_C2_C8 2300JP
1.45544838 1.42924355 1.45378028 1.45378028 1.45231847 B_C11_N12 2300K1
1.45647348 1.43108359 1.45926566 1.45926566 1.45864056 B_C11_N12 2300JY
1.49428545 1.49267345 1.49460731 1.49460731 1.49454849 B_C1_C2 2300K3
1.50416655 1.51228723 1.50799565 1.53737068 1.53758919 B_C6_C7 2300K8
1.50276612 1.54422197 1.50376148 1.50376148 1.50449866 B_C4_C6 2300KC
1.46908407 1.4634297 1.46865909 1.46865909 1.46883637 B_C7_C8 2300KL
1.45939063 1.43782617 1.45959704 1.45959704 1.45964024 B_C9_C10 2300KP
1.45651124 1.44912482 1.45679563 1.45679563 1.45672345 B_C5_N16 2300KW
1.44213869 1.43045872 1.44284501 1.44284501 1.44253095 B_C9_C10 2300KZ
1.33425335 1.3540257 1.3340506 1.33532405 1.33527681 B_F1_C2 2300L4
1.47094289 1.51090611 1.46895122 1.46895122 1.46904479 B_C6_C7 2300L9
1.44754067 1.46953771 1.44778844 1.44778844 1.44830257 B_N1_C5 2300LP
1.50298237 1.48340997 1.50130965 1.50130965 1.50693703 B_N1_C5 2300LO
1.50703218 1.55285961 1.51501094 1.49944924 1.49888833 B_C2_C3 2300LV
1.44364573 1.47238936 1.44403084 1.44403084 1.44377532 B_N15_C16 2300M0
1.49966663 1.5199369 1.49932434 1.49932434 1.49950407 B_C2_C3 2300M4
1.40040708 1.43965387 1.40079583 1.40079583 1.40072876 B_O1_C2 2300M3
1.3855775 1.43037492 1.3607994 1.3607994 1.36071792 B_C8_N9 2300M7
1.42519543 1.43905032 1.42332454 1.42332454 1.42413339 B_O6_C7 2300MC
1.5501987 1.5241971 1.54925418 1.54925418 1.55052747 B_C7_C8 2300MC
1.50521161 1.51922429 1.50495456 1.50495456 1.50484702 B_C4_C14 2300MD
1.82095964 1.79980078 1.82232765 1.82232765 1.82194795 B_S2_C7 2300ME
1.43473656 1.45810897 1.43471859 1.43471859 1.43469642 B_N4_O5 2300MF
1.46920557 1.50061045 1.47220064 1.47220064 1.47222446 B_N4_C6 2300MF
1.47213077 1.4833454 1.47983256 1.47983256 1.4798256 B_C6_N15 2300MF
1.47722747 1.50511046 1.47725595 1.47725595 1.47699385 B_C3_C4 2300MJ
1.46853226 1.47490373 1.46803563 1.46803563 1.45653848 B_C7_N8 2300MR
1.84570556 1.7904105 1.84550363 1.84550363 1.84682192 B_S2_C10 2300MW
1.51319794 1.53742443 1.51233815 1.51233815 1.5126055 B_C6_C8 2300MW
1.53192885 1.55983075 1.53240475 1.53240475 1.53196354 B_C6_C10 2300MW
1.3859798 1.37360545 1.38526067 1.38526067 1.38491493 B_N15_N16 2300N0
1.54510356 1.52043193 1.54186424 1.54186424 1.5427797 B_C2_C4 2300N7
1.49385039 1.58642799 1.49192816 1.49192816 1.4919022 B_C2_C4 2300N8
1.53592285 1.54603238 1.53600159 1.53600159 1.53573258 B_C2_C10 2300NF
1.48581594 1.49163274 1.4847846 1.4847846 1.48485292 B_C2_C11 2300NJ
1.37995145 1.41580507 1.37996995 1.37996995 1.38015365 B_O2_C3 2300NN
1.44105899 1.43514429 1.4404103 1.4404103 1.44039998 B_C01_N7 2300NV
1.40027462 1.42281576 1.40098397 1.40098397 1.40109343 B_C6_N7 2300NU
1.63964295 1.64026733 1.63923284 1.63923284 1.63930604 B_C4_S5 2300O0
1.40056953 1.46409171 1.40032448 1.40032448 1.40088502 B_C7_C8 2300O5
1.39262271 1.37675279 1.39231663 1.39231663 1.39229462 B_N3_N4 2300O8
1.50893671 1.52508878 1.50917461 1.50917461 1.50962667 B_C5_N7 2300OD
1.51804809 1.60655966 1.51756776 1.51756776 1.51733546 B_C5_C6 2300OL
1.40827022 1.38335187 1.40824908 1.40824908 1.40844861 B_N6_C7 2300OO
1.46631545 1.3588029 1.4653804 1.4653804 1.46478935 B_C2_N4 2300OR
1.47396642 1.473613 1.47434527 1.47434527 1.47462929 B_C2_C3 2300OW
1.50353617 1.51763822 1.50480045 1.50480045 1.50477679 B_C7_C8 2300P0
1.48406233 1.53617178 1.48435641 1.48435641 1.48439901 B_C5_C13 2300P5
1.4531693 1.46770382 1.46086574 1.46086574 1.46075643 B_N2_C4 2300P8
1.45067502 1.50584796 1.45215304 1.45215304 1.45192415 B_C4_C16 2300P8
1.51423677 1.54346777 1.51364098 1.51364098 1.51357291 B_C9_C11 2300P9
1.5209622 1.55477648 1.51967447 1.51967447 1.51968874 B_C2_C3 2300PH
1.46578716 1.49221457 1.46845411 1.46845411 1.46883138 B_C4_C5 2300PR
1.43446819 1.41783578 1.4327155 1.4327155 1.43256199 B_N9_C10 2300PS
1.72141947 1.67656497 1.72166395 1.72166395 1.72163633 B_N3_S4 2300Q0
1.72498145 1.62539734 1.72533006 1.72533006 1.72515714 B_S4_N6 2300Q0
1.41710832 1.38853897 1.41766197 1.41766197 1.41791688 B_C19_N21 2300Q2
1.51306345 1.53289117 1.51754193 1.51754193 1.51940606 B_C15_C16 2300Q4
1.32449424 1.43674517 1.32588394 1.32588394 1.32585873 B_C10_N11 2300Q6
1.41432139 1.31514676 1.41657585 1.41657585 1.41662837 B_N11_C13 2300Q6
1.37890718 1.4070707 1.41120643 1.41120643 1.41146261 B_N14_C15 2300QC
1.4469651 1.42198513 1.445941 1.445941 1.44601357 B_N9_C10 2300QE
1.47476642 1.49737369 1.47742951 1.47742951 1.47211825 B_C4_N5 2300QQ
1.50688487 1.53431704 1.50692091 1.50692091 1.50692444 B_C02_C5 2300QR
1.53941482 1.51258567 1.53930804 1.53930804 1.5392324 B_C5_N7 2300QR
1.45175962 1.44618686 1.44606009 1.44606009 1.4460186 B_N6_C7 2300R1
1.50956683 1.6192929 1.50989964 1.50989964 1.51010977 B_C7_C8 2300R1
1.47584755 1.50953525 1.47650771 1.47650771 1.47670014 B_C4_C5 2300R2
1.45252263 1.46002237 1.45774582 1.45774582 1.45781073 B_N5_C9 2300R3
1.52533603 1.49673529 1.52562234 1.52562234 1.52524697 B_C12_C14 2300R5
1.51440186 1.53421158 1.51733764 1.51733764 1.51860892 B_C2_C4 2300R7
1.42904094 1.45592435 1.42969199 1.42969199 1.42951241 B_N10_C11 2300RN
1.50781332 1.49963986 1.50577544 1.50577544 1.50581199 B_C15_C16 2300RO
1.52007664 1.52990741 1.52067891 1.52253824 1.52190039 B_C4_C5 2300RQ
1.52702227 1.59739646 1.52020968 1.52020968 1.52055913 B_C7_C8 2300S1
1.49156495 1.4747111 1.49102631 1.49102631 1.49112268 B_C2_N17 2300S6
1.54744434 1.46625558 1.53264347 1.53264347 1.53259712 B_C10_C12 2300S8
1.37312782 1.36283482 1.37237587 1.37237587 1.37235218 B_C4_F5 2300SB
1.44086814 1.40786122 1.43835215 1.43835215 1.4384464 B_N3_C4 2300SC
1.45632002 1.49626852 1.45924411 1.45924411 1.45910559 B_N11_C12 2300SD
1.45291259 1.42720751 1.44726859 1.44726859 1.44665896 B_N3_C4 2300SI
1.49173255 1.5206564 1.4924571 1.4924571 1.49234075 B_C5_C6 2300SS
1.51716347 1.5113883 1.51672317 1.51672317 1.51656024 B_C9_C10 2300SW
1.50017266 1.50698978 1.49962752 1.49962752 1.49843374 B_C9_C15 2300SW
1.48266989 1.4111007 1.4878346 1.4878346 1.48775521 B_N4_C5 2300SZ
1.53973244 1.52649978 1.53981011 1.53981011 1.53964141 B_N3_C9 2300TE
1.53978635 1.51222694 1.53982999 1.53982999 1.53980287 B_C2_C18 2300TK
1.41811495 1.43113503 1.41725397 1.41725397 1.41674357 B_C5_N6 2300TL
1.48026214 1.4970476 1.47505953 1.47505953 1.47491725 B_C12_C14 2300TM
1.52817833 1.46691813 1.53252978 1.49039967 1.4886021 B_C2_N12 2300TP
1.51929655 1.47805386 1.51629226 1.50940795 1.5085026 B_C5_N12 2300TP
1.49843218 1.51960098 1.49761795 1.49761795 1.49734891 B_N8_C14 2300TS
1.42417239 1.41230298 1.42181826 1.42181826 1.42187139 B_O12_C13 2300TW
1.49081085 1.51898011 1.50342738 1.50747561 1.50795565 B_C12_C13 2300TX
1.45340084 1.42734576 1.44415054 1.44415054 1.44444809 B_N3_C4 2300U2
1.4928647 1.51298139 1.49256974 1.49256974 1.4926465 B_C8_C9 2300U8
1.51649893 1.4832307 1.51625366 1.51625366 1.51660312 B_C6_N7 2300UD
1.45008241 1.43423043 1.45319758 1.45319758 1.45297828 B_N3_C4 2300UE
1.43698191 1.43748354 1.43009953 1.43009953 1.42993268 B_N8_C9 2300UF
1.52249696 1.53107365 1.52255834 1.52255834 1.52166361 B_C3_C5 2300UG
1.37997138 1.38166791 1.38025769 1.38025769 1.38026101 B_C14_F15 2300UJ
1.53520878 1.53714311 1.52666792 1.52666792 1.52672779 B_C2_C10 2300UK
1.35684671 1.34685297 1.35573519 1.35573519 1.35604574 B_N15_N16 2300UL
1.45500997 1.45330479 1.45405475 1.45405475 1.45401947 B_N7_C18 2300UW
1.52586435 1.50987404 1.54457605 1.54457605 1.54487623 B_C4_C5 2300UY
1.47668446 1.4798703 1.47599442 1.47599442 1.47589497 B_C6_N7 2300UY
1.49903736 1.51493141 1.49234701 1.49234701 1.49250342 B_C18_C17 2300V3
1.49623995 1.51425937 1.49239387 1.49239387 1.49252548 B_C5_C7 2300V3
1.4857843 1.48555197 1.48417148 1.48417148 1.48488264 B_C8_C9 2300V5
1.80664634 1.77839586 1.81295653 1.81295653 1.81260955 B_C6_S13 2300V7
1.44187968 1.4127059 1.44797117 1.44797117 1.44824988 B_O5_C6 2300V8
1.50056023 1.52491009 1.49432832 1.49432832 1.49423697 B_C5_C7 2300VA
1.33207582 1.38643958 1.33088924 1.36956905 1.36985232 B_N4_N5 2300VB
1.82684154 1.81966131 1.8254235 1.8254235 1.82532984 B_S9_C11 2300VF
1.73435175 1.79546871 1.73644059 1.73312288 1.73265566 B_N7_S8 2300VH
1.50953867 1.53894296 1.5099452 1.5099452 1.51015044 B_C2_C3 2300VI
1.4716484 1.50825108 1.47222911 1.47222911 1.47231385 B_C2_C19 2300VT
1.38918429 1.38132973 1.3899408 1.3899408 1.38994711 B_N3_N4 2300VT
1.51774504 1.50408082 1.51644497 1.51644497 1.51633102 B_C3_N10 2300WE
1.52979574 1.52447526 1.52821723 1.52821723 1.52821494 B_C2_C16 2300WH
1.49060692 1.49683042 1.48980142 1.48980142 1.48995598 B_C3_C4 2300WJ
1.50844821 1.54574094 1.50588693 1.50588693 1.50600663 B_C7_C8 2300WN
1.77337278 1.81833632 1.77421861 1.77421861 1.77439962 B_S2_C8 2300WP
1.30091429 1.29462214 1.30251798 1.30290552 1.29910078 B_N3_C4 2300X4
1.52872136 1.5161935 1.55226751 1.56793145 1.56332091 B_C4_C5 2300X4
1.22679786 1.242223 1.22118813 1.22475789 1.22453721 B_C5_O6 2300X4
1.69604982 1.6892807 1.69713477 1.69713477 1.69611577 B_N3_S14 2300X9
1.37783925 1.37757541 1.37770308 1.37770308 1.37761261 B_C7_O8 2300XA
1.47657374 1.43119363 1.47737508 1.47737508 1.47699766 B_N6_C14 2300XF
1.37947128 1.39649818 1.37925412 1.37925412 1.37952733 B_C10_N11 2300XH
1.4909896 1.51046699 1.49686837 1.49686837 1.49697251 B_C2_C14 2300XO
1.48353429 1.50825817 1.48815102 1.48815102 1.48804102 B_C4_C6 2300XY
1.52297603 1.52875933 1.52339975 1.52339975 1.52359283 B_C6_N10 2300XY
1.34568719 1.41282053 1.34035498 1.30743705 1.3056845 B_C7_N8 2300Y4
1.35202996 1.47302427 1.37010273 1.37010273 1.37010273 B_N9_C10 2300Y9
1.48429983 1.47930533 1.48480343 1.48480343 1.48513598 B_C1_N2 2300YG
1.49055493 1.51030625 1.48729301 1.45065047 1.45176319 B_N8_C9 2300YF
1.36942981 1.37730268 1.36948029 1.36948029 1.36937336 B_C14_F15 2300YI
1.48614468 1.48347127 1.48596627 1.48596627 1.48607864 B_C13_N14 2300YJ
1.44486332 1.47573922 1.44565005 1.44565005 1.44704769 B_N1_C5 2300YK
1.408764 1.41573476 1.40723794 1.40723794 1.4070929 B_O11_C12 2300YS
1.34928833 1.37626137 1.34956948 1.34956948 1.34954866 B_N8_C9 2300YU
1.38410513 1.39955896 1.39165008 1.39165008 1.39208089 B_N6_C16 2300YY
1.37945569 1.35720365 1.38018155 1.38018155 1.38024243 B_C2_N3 2300Z2
1.46985748 1.46915853 1.47017432 1.47017432 1.47023982 B_C6_C7 230105
1.46780755 1.48222504 1.46619157 1.46619157 1.46592685 B_C5_C6 23010B
1.44880399 1.45968051 1.44212266 1.44212266 1.43767256 B_C4_C5 23010J
1.48372942 1.42151428 1.48309077 1.48309077 1.482213 B_C6_N7 23010N
1.34545531 1.32841378 1.34562644 1.34562644 1.34518716 B_N7_C8 23010P
1.52945252 1.52672651 1.50537317 1.50537317 1.50535601 B_C6_C7 23010Y
1.4398493 1.46420008 1.439168 1.439168 1.43878202 B_C3_N10 230113
1.5070282 1.53137368 1.50428536 1.50428536 1.50398766 B_C2_C19 23012N
1.5264426 1.53644525 1.52858472 1.52858472 1.52871264 B_C6_C12 23011L
1.52873183 1.54732161 1.52694372 1.52694372 1.52699578 B_C11_C14 23011V
1.54316849 1.54122537 1.54276781 1.54276781 1.54252416 B_N7_C14 23011X
1.51452996 1.52027253 1.50780903 1.50780903 1.50780603 B_C12_C15 230121
1.8185431 1.82424024 1.80941061 1.80941061 1.80935832 B_S7_C8 230123
1.45142551 1.42935736 1.4514093 1.45881713 1.45800722 B_C6_N8 230124
1.42124241 1.38627311 1.41302309 1.41302309 1.41330482 B_N5_C12 23012A
1.42459433 1.41435495 1.42838481 1.42838481 1.42844039 B_N4_O12 23012I
1.84550075 1.63085362 1.90873423 1.90873423 1.91045328 B_N08_S09 23012L
1.6119817 1.70789385 1.6189589 1.6189589 1.61940937 B_S09_C011 23012L
1.8316034 1.74577976 1.84542533 1.84542533 1.84622623 B_S09_C014 23012L
