#E_RMSD:ini opt reo ret zincID
4.19 4.19 4.19 4.19 230002
0.58 1.54 1.54 0.95 230003
0.02 0.07 0.07 0.07 230004
1.75856 1.78325 1.78325 1.75079 230005
0.1 0 0 0 230006
2.77251 3.12118 3.12118 2.98924 230008
1.12712 1.61881 1.61881 1.62326 230009
3.56524 0.57208 0.57208 0.551838 23000A
4.16434 1.62221 1.62221 1.61201 23000B
4.13853 1.31178 1.31178 1.30691 23000C
5.37007 2.71948 2.71948 2.78518 23000D
0.0141421 0 0 0 23000E
7.53 0.18 0.18 0.18 23000F
3.07502 2.3614 2.3614 2.50262 23000G
0.01 0.01 0.01 0.01 23000H
1.21886 1.3226 1.3226 1.39885 23000I
0.27 0.1 0.1 0.11 23000J
0 0 0 0 23000K
3.85188 2.10505 2.10505 1.98778 23000L
0 0 0 0 23000M
0.6 0 0.44 0.42 23000O
1.77394 0.881093 0.881093 0.875414 23000Q
0.0636396 0 0 0.00707107 23000R
3.37356 2.83913 2.83913 4.04777 23000S
0 0 0 0 23000T
2.07081 0.571795 0.571795 0.59279 23000U
0 0 0 0 23000X
0.16 0.16 0.16 0.16 23000Z
0 0 0 0 230010
2.58 4.19 4.19 4.19 230011
6.84616 4.97528 4.97528 4.9188 230013
5.77 4.42 4.42 4.95 230014
1.51 0.47 0.47 0.48 230016
1.64 1.84 1.84 1.91 230017
1.67 1.67 1.67 1.57 230019
0.335932 0.203961 0.203961 0.200125 23001A
0.14 0 0 0.03 23001B
0.318198 0 0.0212132 0.0282843 23001C
0.806821 0.902244 0.902244 0.910505 23001D
3.53394 3.24739 3.24739 3.25926 23001F
3.36 3.29 3.08 3.09 23001G
0.98 0.25 0.25 0.27 23001I
5.61928 1.22556 1.22556 1.03601 23001J
6.58866 1.97605 1.97605 1.99249 23001K
2.09662 2.32609 2.32609 2.32472 23001L
1.73243 0.155563 0.155563 0.148492 23001P
0.381051 0.184752 0.184752 0.167432 23001Q
3.18 2.6 2.6 2.64 23001R
2.18018 1.73147 1.73147 1.7342 23001S
4.75 1.22 0.16 0.12 23001T
4.92 4.92 4.92 4.92 23001U
1.33 0.42 1.4 1.34 23001X
0.0921954 0.0848528 0.0848528 0.0848528 23001Z
1.04 0.25 0.25 0.36 230020
0.532791 0.500117 0.500117 0.479705 230021
0.998282 0.564329 0.564329 0.583952 230023
6.22457 2.80418 2.879 2.72922 230024
1.07401 0.690533 0.690533 0.669957 230028
3.30849 3.64465 6.77609 6.9471 230029
1.94 3.4 3.4 3.45 23002B
0.567847 0.494975 0.494975 0.494975 23002C
2.61822 3.01146 3.01146 3.00582 23002D
3.66845 2.42106 2.42106 2.42016 23002E
1.38 0.14 0.14 0.33 23002F
0.930484 0.555023 0.555023 0.585021 23002G
0.778621 0.55394 0.55394 0.363456 23002H
3.85997 1.09104 1.09104 1.75856 23002I
0.02 0 0 0 23002J
1.25 1.07 1.07 1.05 23002M
1.4986 1.17288 1.17288 1.16394 23002P
0.96 0.38 0.38 0.45 23002Q
0.161245 0.166883 0.166883 0.166883 23002T
0 0 0 0 23002U
0.66 0.63 0.63 0.63 23002V
2.11302 1.34885 1.34885 1.34681 23002W
3.51368 2.98315 2.98315 2.94758 23002Z
2.46497 0.954733 0.954733 1.07133 230032
0 0 0 0 230033
1.83157 1.62388 1.62388 1.71063 230034
0 0 0 0 230035
1.63591 0.90127 0.90127 0.765098 230036
1.42274 0.863134 0.863134 0.882043 230037
2.32951 2.89675 2.89675 3.26478 230038
1.37674 4.3401 4.3401 3.82223 230039
1.43 0.01 0.01 0.09 23003B
0.02 0 0 0 23003D
0.916106 0.0851469 0.0851469 0.05 23003E
1.28 0.51 0.51 0.58 23003G
4.02247 0.234094 0.315357 0.266552 23003H
0 0 0 0 23003L
4.2066 1.38189 1.38189 1.49499 23003M
2.75025 0.581574 0.581574 0.609438 23003O
4.56345 4.42869 4.42869 4.55133 23003S
1.43206 0.824493 0.824493 1.00319 23003T
0.925131 0.584808 0.584808 0.557136 23003U
1.40566 0.745822 0.745822 0.754685 23003V
2.77699 0.566613 0.566613 0.557001 23003W
0 0 0 0 23003X
0.87 0.87 0.87 0.87 23003Z
0.31 0.11 0.11 0.08 230041
0.91 0.07 0.07 0.24 230042
0 0 0 0 230043
3.57154 3.59383 3.59383 3.59383 230044
5.95683 5.95683 5.95683 5.95683 230045
3 3 3 3 230047
1.21397 0.957017 0.957017 0.938069 230048
3.4987 1.97384 1.97384 2.0345 230049
2.95273 3.05205 3.05205 3.10525 23004A
0.33444 0.229401 0.565818 0.621088 23004F
2.13555 2.27317 2.27317 2.44639 23004G
0 0.01 0.01 0.01 23004H
0.07 0 0 0 23004I
0 0 0 0 23004L
3.23 1.44 1.44 1.47 23004Q
0.66 0.41 0.41 0.28 23004S
3.10052 3.35181 3.35181 3.8228 23004T
1.03 0.11 0.11 0.58 23004U
0.01 0.06 0.06 0.06 23004V
9.67 0.02 0.02 0.04 23004X
1.2508 0.326062 0.326062 0.331788 23004Z
0 0 0 0 230050
0.01 0.03 0.03 0.04 230051
0.92 0.63 0.63 1.15 230052
4.35617 0.83678 0.83678 0.898977 230053
0.27 0.67 0.67 0.68 230054
5.55495 5.52093 5.52093 5.45049 230055
1.39594 3.71948 3.71948 3.54353 230057
2.60466 2.29231 2.29231 2.16039 230058
0.19 0.06 0.06 0.06 23005A
0.0141421 0 0 0 23005B
0.02 0.02 0.02 0.02 23005C
1.52143 0.90197 0.90197 1.2232 23005D
3.19945 0.416213 0.416213 0.35898 23005E
3.8 2.88 2.88 3.15 23005G
0.02 0 0 0 23005H
1.89 2.92 2.92 2.89 23005J
0.0331662 0.661146 0.661146 0.662797 23005K
0.16 0.77 0.77 3.68 23005L
4.3906 5.50531 5.50531 5.72384 23005M
5.04958 0.254951 0.254951 0.165529 23005N
1.55784 0.66547 1.45602 1.57724 23005O
8.42107 8.26402 8.26402 8.26402 23005R
1.52 0.25 0.25 0.25 23005S
15.4216 3.39109 3.89357 4.85433 23005T
2.46681 1.20373 1.20373 1.12508 23005U
2.14851 2.03236 2.03236 2.02712 23005V
2.56982 1.58539 2.17981 2.42993 23005X
1.88912 1.34573 1.34573 1.35624 23005Y
1.38 0.91 0.91 1.03 230060
0.12 0.02 0.02 0.04 230061
0 0 0 0 230062
0 0 0 0 230064
1.74178 0.62426 0.666083 0.740945 230065
0.24026 0.24551 0.24551 0.24551 230066
0 0 0 0 230068
2.3196 0.264481 0.264481 0.275227 23006B
4.33 0.66 0.66 0.6 23006C
0.05 0.04 0.04 0.04 23006D
0.665019 0.513469 0.845281 0.839434 23006F
0.58 0.58 0.58 0.58 23006G
2.09 1.05 1.05 0.98 23006H
0.0943398 1.64542 0.737055 0.473339 23006I
0.36 0.19 0.19 0.21 23006J
2.13 0.11 0.11 0.13 23006L
1.20661 0.228429 0.228429 0.16565 23006M
0.468402 0.544472 0.544472 0.558614 23006O
3.98 1.72 1.72 2.22 23006P
1.11952 0.366904 0.366904 0.431361 23006Q
2.24626 0.735466 0.735466 0.71121 23006R
4.69064 4.94065 4.94065 4.61765 23006S
5.30538 0.215058 0.215058 0.186682 23006T
6.01 1.81 1.81 0.65 23006U
0.363456 1.06758 1.06758 0.955039 23006V
0.72 1.87 1.87 1.83 23006W
0.05 0.05 0.05 0.05 23006X
5.62999 2.64738 2.64738 2.67766 23006Y
1.03347 0.0254951 0.0254951 0.0827647 23006Z
0.01 0.01 0.01 0.01 230070
1.09282 0.571402 0.945569 1.00262 230073
0 0 0 0 230074
2.52483 1.19405 1.19405 1.23584 230076
2.36603 0.61 1.50632 1.39789 230077
6.71029 1.34426 1.34426 1.3724 23007A
3.83 0.11 0.11 0 23007B
3.49483 2.5525 2.5525 2.64173 23007C
3.9016 4.13309 4.13309 4.18856 23007E
2.13 1.8 14.85 15.17 23007H
0 0 0 0 23007I
4.95014 3.02499 3.02499 2.81868 23007K
6.16239 10.2998 10.7812 10.7436 23007L
3.62437 0.95345 0.95345 0.924229 23007M
0.84 0.21 0.21 0.21 23007N
4.09636 1.50812 1.50812 1.45248 23007O
3.24709 1.81385 1.81385 1.82219 23007P
1.19004 1.19004 1.19004 1.19004 23007Q
4.32927 2.3475 2.3475 2.73602 23007R
5.14142 1.87888 1.87888 1.94056 23007S
0.77 0.02 0.02 0.02 23007U
0.943928 0.300666 0.300666 0.261381 23007V
1.65285 0.15582 0.15582 0.153493 23007Z
1.87 0.905014 0.905014 0.93 230080
6.54 0.22 0.22 0.31 230081
2.96126 3.01728 3.01728 3.06007 230084
6.58461 1.09028 1.09028 1.09869 230085
2.26795 2.22579 2.22579 2.21255 230086
1.39875 1.14496 1.14496 1.11242 230087
2.06007 2.01004 2.01004 2.04773 230088
1.15676 1.48489 1.48489 1.50392 230089
3.8826 2.86709 2.86709 2.88522 23008B
7.59212 1.25529 1.25529 1.58153 23008C
1.34 0.08 0.08 0.08 23008D
6.51856 4.17995 4.17995 4.25138 23008E
0.7 1.23 1.23 1.2 23008F
0 0 0 0 23008I
1.06 0.09 0.09 0.97 23008K
3.2 0.13 0.13 0.41 23008M
0.981512 0.739031 0.739031 0.739031 23008N
3.51729 5.14297 5.14297 4.95299 23008O
1.59323 1.07687 1.07687 1.0702 23008P
1.48053 0.594189 0.594189 0.610033 23008Q
3.11784 1.60914 1.60914 1.54599 23008R
0.44 0.51 0.51 0.52 23008T
2.29767 2.35584 2.35584 2.29907 23008U
6.01673 4.44198 4.44198 4.42926 23008V
0 0 0 0 23008W
2.25602 3.99187 3.99187 3.976 23008X
2.15575 1.85974 1.85974 1.8527 23008Z
3.8443 2.30588 2.30588 2.28026 230091
0.906488 0.882054 0.882054 0.921336 230092
2.26139 1.48673 1.48673 1.57931 230094
15.03 0.14 0.14 1.51 230095
0.65 0.48 0.48 0.465027 230096
0 0 0 0 230097
0.100995 0.0960469 0.0960469 0.0960469 230098
2.33474 1.84589 1.84589 1.69613 230099
1.17 0.71 0.71 0.6 23009A
1.05106 5.50102 5.50102 5.14465 23009B
0.08 0.22 0.22 0.24 23009D
1.37207 1.5934 1.5934 1.49689 23009E
3.42856 1.75392 1.75392 1.77303 23009F
5.05987 2.32216 2.32216 2.11409 23009G
0.02 0.02 0.02 0.02 23009H
4.06083 0.642767 0.642767 0.630119 23009I
1.45 1.15 1.15 0.99 23009J
0.927685 0.852858 0.852858 0.589378 23009M
3.64606 3.75464 3.75464 3.65411 23009N
3.68738 3.71735 3.71735 3.71797 23009O
5.9505 6.14274 6.14274 6.06368 23009P
7.17783 4.56134 4.56134 4.76802 23009Q
0.03 0.31 0.31 0.25 23009R
1.06 0.47 0.47 0.43 23009S
9.10513 6.66708 6.66708 6.59568 23009U
1.15873 1.73435 1.73435 1.80901 23009Z
0.0996661 0.202402 0.202402 0.211187 2300A0
6.62719 2.89344 2.89344 2.73991 2300A2
1.29031 0.00707107 0.00707107 0.0282843 2300A3
7.4693 2.98279 2.98279 2.88885 2300A4
2.94457 1.00382 1.00382 0.942274 2300A5
8.36 0.39 0.39 0.48 2300A6
0.88 0.68 0.68 0.79 2300A8
1.14633 0.868927 0.868927 0.955521 2300A9
0.24 1.34 1.34 1.95 2300AA
0 0 0 0 2300AB
18.55 0.14 0.14 0.17 2300AC
4.1959 3.90037 3.90037 3.96671 2300AF
0.52 0.74 0.74 0.78 2300AG
0.0141421 0 0 0 2300AH
1.40144 1.48309 1.48309 1.37676 2300AK
3.85884 1.02092 1.02092 1.02092 2300AN
0.44 0.15 0.15 0.15 2300AO
0.17 0 0 0 2300AP
1.71677 1.42677 1.42677 1.84007 2300AS
2.30783 0.141421 0.141421 0.155563 2300AT
0.07 0.07 0.07 0.07 2300AW
0.0535413 0.0129099 0.0129099 0.0129099 2300AY
2.67295 0.0424264 0.0424264 0.0424264 2300B0
0.0790569 3.26075 3.26075 3.01106 2300B1
2.11147 1.09463 1.09463 0.990836 2300B2
0 0.0163299 0.0163299 0.0163299 2300B3
0.79166 0.113137 0.113137 0.0777817 2300B4
0.814002 0.148492 0.148492 0.13435 2300B5
1.348 1.4667 1.4667 1.37303 2300B6
5.92978 0.126754 0.126754 0.263439 2300B7
1.61197 1.63722 1.63722 1.62413 2300B8
2.31591 2.7688 2.7688 2.74741 2300BB
4.80489 1.00718 1.00718 1.54158 2300BC
0.585192 0.117686 0.117686 0.245459 2300BD
7.95 3.37 3.37 2.87 2300BF
0.02 0 0 0 2300BG
2.59 1.56237 1.56237 1.31881 2300BH
4.67827 3.47883 3.47883 3.52387 2300BI
1.38792 0.805651 0.805651 0.770277 2300BK
3.405 3.39532 3.39532 3.3173 2300BM
2.73208 2.87318 2.87318 3.0637 2300BN
0.516527 0.37081 0.37081 0.416773 2300BO
0.285167 0.794481 0.794481 0.681396 2300BP
4.89295 4.51726 4.51726 4.38858 2300BQ
7.4216 3.44888 3.44888 3.50397 2300BT
1.74748 1.82747 1.82747 1.83412 2300BU
0.0173205 0.0294392 0.0294392 0.0294392 2300BV
0.527797 0.942852 0.942852 0.897223 2300BW
4.73804 4.71958 4.71958 4.2553 2300BY
2.83605 2.50317 2.50317 2.46436 2300BZ
1.60683 0.604207 0.604207 0.204124 2300C1
2.51109 1.51358 1.51358 1.53501 2300C2
0.0707107 0.065192 0.065192 0.0707107 2300C3
2.25522 1.78771 1.78771 1.74794 2300C4
2.66 0.49 0.49 0.53 2300C5
0.117686 0.263154 1.66111 0.297405 2300C6
4.04332 3.23955 3.23955 3.32897 2300C7
0.136821 0.116962 0.124338 0.123126 2300C8
4.05065 2.1401 2.1401 2.11198 2300CA
3.92531 3.08826 3.08826 3.01877 2300CB
0.27 0.44 0.44 0.02 2300CC
0.657609 1.03945 1.03945 0.912168 2300CD
1.81021 0.13435 0.13435 0.438406 2300CE
2.74753 1.17122 1.17122 1.32924 2300CF
2.9676 3.87273 3.87273 2.84307 2300CG
5.8761 2.2068 2.2068 2.27477 2300CH
1.01 0.49 0.49 0.47 2300CJ
0.00707107 0.0212132 0.0212132 0.0282843 2300CK
3.98244 1.21759 1.21759 1.21873 2300CM
0.15 0.16 0.16 0.19 2300CO
4.11 0.18 0.18 0.18 2300CT
0.65 1.58 1.59 1.66 2300CU
0.12 0.12 0.12 0.12 2300CW
1.14 0.295042 0.295042 0.12 2300CX
1.48054 0.7658 0.7658 0.820975 2300CY
4.12011 3.35018 3.35018 3.07206 2300CZ
3.34462 0.353553 0.353553 0.311127 2300D0
4.67 1.27 1.27 1.31 2300D2
3.97894 3.66656 3.66656 3.66656 2300D3
0.0141421 0.00707107 0.00707107 0.00707107 2300D4
8.93858 2.41472 2.26794 1.71159 2300D5
4.75145 2.61349 2.61349 2.67593 2300D7
3.70606 3.33036 2.31058 2.27112 2300D8
2.51247 4.37247 4.37247 4.16215 2300DA
2.32921 3.59981 3.59981 3.44754 2300DB
7.19477 3.71073 3.71073 3.93952 2300DD
2.93456 1.23965 1.23965 1.37126 2300DE
0 0 0 0 2300DG
0.54 1.42 1.42 1.24 2300DI
6.50676 5.79584 5.79584 5.82422 2300DJ
6.86887 0.48804 0.48804 0.486535 2300DK
3.72669 3.21495 3.21495 3.19828 2300DM
0.920489 0.127279 0.127279 0.0141421 2300DO
3.88247 1.12543 1.12543 1.13568 2300DP
2.35866 5.59966 5.59966 5.98357 2300DQ
0.66 0.39 0.39 0.65 2300DT
0 0 0 0 2300DU
0.03 0.04 0.04 0.04 2300DV
3.12541 0.0141421 0.0141421 0.0353553 2300DW
3.8377 3.19595 3.19595 3.19221 2300DX
2.29103 1.8387 1.8387 1.68315 2300DY
0.00707107 0.0212132 0.0212132 0.0141421 2300DZ
3.73419 0.497418 0.497418 0.492189 2300E0
0 0 0 0 2300E2
0.1 0.04 0.04 0.04 2300E3
0.79 0.83 0.83 0.83 2300E4
2.81883 2.7393 2.7393 2.81632 2300E5
1.84307 2.16425 2.16425 2.02346 2300E6
1.07002 0.247639 0.247639 0.487571 2300E7
1.47858 0.916828 0.916828 0.937419 2300E8
0.522558 0.0208167 0.0208167 0.0653197 2300E9
0 0.01 0.01 0.01 2300EA
4.1444 2.36312 2.36312 2.31397 2300EB
3.40119 3.47118 3.47118 3.86672 2300EC
2.89507 3.07183 3.07183 3.08264 2300ED
2.2126 2.16892 2.16892 2.1634 2300EE
6.18408 2.54712 2.54712 2.63323 2300EF
4.64471 0.628092 0.628092 0.72519 2300EG
2.32655 2.30592 2.30592 2.53551 2300EH
3.99086 1.52527 1.52527 1.84761 2300EI
1.62446 1.34333 1.34333 1.34333 2300EJ
0.947998 0.875785 0.875785 1.07327 2300EK
2.01258 1.95539 1.36536 0.710895 2300EM
5.08309 3.4775 3.4775 3.7507 2300EO
1.35057 1.36472 1.36472 0.671751 2300EP
2.4 2.4 2.4 0.63 2300EQ
0 0 0 0 2300ER
1.17365 0.293343 0.293343 0.234307 2300ET
0 0 0 0 2300EU
0.92 0.33 0.33 0.21 2300EV
0.02 0.01 0.01 0.01 2300EW
6.88015 0.21272 0.21272 0.25387 2300F0
2.14084 2.19082 2.19082 2.19082 2300F1
1.82 0.16 0.16 0.2 2300F2
2.09675 0.990969 0.990969 0.767372 2300F3
1.43269 1.70891 1.70891 1.8623 2300F4
4.4219 2.70083 1.7011 1.72835 2300F5
3.72646 1.90349 1.90349 1.90194 2300F6
1.34315 1.74724 1.74724 1.81538 2300F7
2.26255 1.78481 1.78481 1.7883 2300F8
4.05576 2.0809 2.0809 1.72409 2300F9
1.90938 2.37356 2.37356 2.36326 2300FA
0.16 0.32 0.32 0.32 2300FB
2.13008 0.330151 0.330151 0.34 2300FC
7.08525 4.64809 4.64809 4.65882 2300FE
0.89 0.2 0.2 0.33 2300FF
3.79009 1.23744 1.23744 1.52735 2300FG
4.87568 4.74363 4.74363 4.7883 2300FH
0.927038 0.205061 0.205061 0.282843 2300FI
3.79405 2.51983 2.50415 2.41719 2300FJ
1.30432 0.18905 0.18905 0.193598 2300FK
0 0 0 0 2300FM
0 0 0 0 2300FO
0.26 0.48 0.48 0.45 2300FP
1.23602 0.761139 0.761139 0.985258 2300FQ
2.05263 1.79417 1.79417 1.80319 2300FR
3.84198 2.91197 2.91197 2.71838 2300FT
3.82482 2.59343 2.59343 2.56125 2300FU
1.60751 5.61503 5.61503 5.80107 2300FV
1.84969 1.40328 1.40328 1.6359 2300FX
2.02356 2.59098 2.59098 2.33785 2300FY
0.66 0.64 0.64 0.64 2300FZ
0.299778 0.340294 0.340294 0.755535 2300G1
1.55166 1.44991 1.44991 1.31128 2300G3
1.46 1.26 1.26 1.24 2300G4
2.39771 1.74506 1.74506 1.68501 2300G7
6.44001 1.87002 1.87002 2.94335 2300G8
0.01 0.12 0.09 0.11 2300G9
3.1794 0.883089 0.883089 0.862839 2300GA
3.09 3.09 3.09 3.09 2300GB
2.46274 1.32246 1.32246 1.83322 2300GC
0 0 0 0 2300GD
0.976107 0.290172 0.290172 0.387188 2300GE
1.75677 0.784809 0.784809 0.728938 2300GF
1.09 0.43 0.43 0.28 2300GG
1.55 2.12 2.12 1.69 2300GI
2.46764 0.966622 0.966622 1.18155 2300GJ
0.61 0.59 0.59 0.83 2300GK
0.02 0.05 0.05 0.05 2300GM
10.0432 3.84033 3.84033 3.84566 2300GO
3.05883 2.96314 2.96314 2.99226 2300GR
3.51544 3.05389 3.05389 3.00001 2300GS
4.63269 4.69683 4.69683 4.70309 2300GT
1.06436 0.924857 0.924857 0.899322 2300GV
2.13 2.13 2.13 1.94 2300GW
3.79527 0.479427 0.104403 0.176777 2300GX
1.22 0.43 0.43 0.4 2300GY
5.55169 2.44969 4.44409 4.52573 2300H0
9.3848 0.911036 0.911036 0.916008 2300H1
0.685657 0.594664 0.594664 0.591629 2300H2
0.950193 0.948771 0.948771 1.03297 2300H3
0 0 0 0 2300H4
0.4 0 0 0 2300H6
1.84337 0.501348 0.501348 0.462331 2300H7
4.38473 4.89588 4.89588 5.29872 2300H9
2.88158 2.79198 2.79198 2.77695 2300HA
3.41002 4.47219 4.47219 4.49843 2300HB
6.12029 1.87058 1.87058 1.94653 2300HD
3.81408 2.89078 2.89078 2.84739 2300HE
3.71496 0.28775 0.28775 0.263629 2300HF
4.64838 0.408718 2.82936 2.42546 2300HG
3.15907 3.51334 3.51334 3.4339 2300HH
0 0 0 0 2300HI
2.03542 0.891123 0.891123 0.89826 2300HJ
0.03 0.27 0.27 0.14 2300HK
1.90973 1.8652 1.8652 1.72112 2300HL
6.31965 1.7481 1.7481 1.95566 2300HM
3.47016 2.18986 2.18986 2.13639 2300HN
0.52 0 0 0.01 2300HP
2.39785 1.58379 1.58379 1.46978 2300HR
2.37793 1.42359 1.42359 1.41033 2300HS
0.814964 2.17149 2.17149 2.01775 2300HU
1.75547 1.61666 1.61666 1.56767 2300HW
3.09742 3.45884 3.45884 3.50058 2300HX
2.25465 3.26441 3.26441 2.98725 2300HY
0.800299 1.37791 1.37791 1.19332 2300HZ
1.3 1.3 1.3 1.3 2300I0
0.54286 0.747949 0.747949 0.576607 2300I2
0.138564 0.0866025 0.0866025 0.0288675 2300I4
0.33 0.16 0.16 0.09 2300I5
1.89041 0.228692 0.228692 0.289885 2300I6
1.86303 2.09866 2.09866 2.04488 2300I7
0 0 0 0 2300I8
0.46 0.22 0.22 0.27 2300IA
3.64286 1.757 1.757 1.89212 2300IB
1.52582 1.17681 1.17681 1.14811 2300IC
1.3929 1.17641 1.17641 1.17641 2300ID
3.87868 1.17393 1.17393 1.21687 2300IE
0 0 0 0 2300IG
0.790253 0.800062 0.800062 0.805016 2300IH
0.830261 0.477415 0.470425 0.416703 2300II
5.14326 4.49135 4.49135 4.49135 2300IK
0 0 0 0 2300IL
3.42422 0.522398 0.522398 0.706045 2300IM
1.65095 1.13248 1.13248 1.03569 2300IO
1.90275 2.79638 2.79638 2.50121 2300IQ
2.07354 0.733662 0.733662 0.808987 2300IR
0.0984886 0.655477 0.655477 0.311448 2300IS
0.560223 0.190919 0.190919 0.169706 2300IU
0 0 0 0 2300IW
4.50977 1.22095 0.912647 0.915778 2300IY
0.68 0.65 0.65 0.33 2300J1
3.49638 1.93039 1.93039 1.6694 2300J2
2.49312 1.05271 1.05271 1.10905 2300J3
0.046188 0.0288675 0.0288675 0.0288675 2300J6
4.41989 3.56489 3.56489 3.49227 2300J7
2.11415 2.36824 2.36824 2.41598 2300J8
1.21572 2.34167 2.34167 2.14999 2300JA
0.596669 0.200606 0.200606 0.22194 2300JB
5.77574 3.62662 3.62662 3.66747 2300JD
2.06522 1.23712 1.23712 1.16192 2300JE
3.61958 1.45252 1.45252 1.46625 2300JF
7.14531 0.963898 0.963898 0.960916 2300JG
0 0 0 0 2300JH
0.997021 1.89505 2.20077 2.15114 2300JI
3.62063 1.92193 1.92193 1.9159 2300JK
3.47527 2.37141 2.37141 2.33125 2300JL
0.81399 0.960573 0.960573 0.972049 2300JM
3.88 5.54 5.54 3.43 2300JN
2.61865 2.49206 2.49206 2.45949 2300JO
2.62069 1.08352 1.08352 1.09651 2300JP
1.85327 2.5911 2.5911 2.63157 2300JR
2.82606 1.81968 1.81968 1.82435 2300JS
0.490408 0.491172 0.491172 0.433244 2300JT
4.385 3.5091 3.5091 3.45214 2300JU
6.25307 0.75501 0.75501 0.718693 2300JV
3.76894 1.60546 1.60546 1.61855 2300JW
2.8 2.8 2.8 2.8 2300JX
2.93398 2.56813 2.56813 2.61101 2300JY
2.88861 1.68244 1.68244 1.85566 2300JZ
1.69997 1.61197 1.61197 1.65299 2300K0
5.29772 3.58629 3.58629 3.61135 2300K2
0.247487 0.26163 0.26163 0.26163 2300K3
5.06242 7.33504 7.33504 6.59718 2300K4
0.55 0.55 0.55 0.55 2300K7
7.5392 0.45765 0.044441 0.0330719 2300K8
3.06612 2.674 2.674 2.55977 2300K9
0.595063 0.835733 0.835733 0.736919 2300KA
2.06746 2.48376 2.48376 2.428 2300KC
0.15 0.29 0.29 0.36 2300KD
1.45087 0.742462 0.742462 0.774042 2300KF
5.46297 1.88087 1.88087 1.83293 2300KH
1.01048 1.43857 1.43857 1.17047 2300KJ
1.87479 1.48718 1.48718 1.49937 2300KK
2.10889 0.398058 0.398058 0.288531 2300KL
0.81 1.03 1.03 1.03 2300KM
5.92 0.62 0.62 0.61 2300KO
2.07579 0.376351 0.376351 0.385253 2300KP
2.38249 1.58633 1.58633 1.59116 2300KR
3.77163 2.00367 2.00367 2.064 2300KS
4.19568 2.14032 2.14032 2.10249 2300KT
2.46604 2.63451 2.63451 2.41251 2300KU
3.32996 2.45153 2.45153 2.46818 2300KV
0 0 0 0 2300KX
3.29 0.35 3.97 4.34 2300KY
0.309919 0.820244 0.820244 0.306023 2300L0
1.59507 0.47101 0.47101 0.812927 2300L1
0.473762 0.681175 0.681175 0.688186 2300L2
3.67576 0.609043 0.609043 0.623351 2300L3
1.96 0.87 0.87 0.77 2300L5
6.80063 1.32948 1.32948 1.25856 2300L6
1.96 1.98 1.98 2 2300L7
1.30863 1.22403 1.22403 2.19614 2300L8
0.268701 0.19799 0.19799 0.176777 2300L9
3.61435 1.13403 1.13403 1.07768 2300LA
4.99198 3.2653 3.2653 3.25003 2300LB
0.996504 0.848811 0.848811 0.819597 2300LC
2.06492 2.22981 2.22981 2.22142 2300LD
4.27174 1.73832 1.73832 1.66122 2300LE
2.05146 2.19717 2.19717 1.96639 2300LF
1.26678 1.46334 1.46334 1.55456 2300LG
5.10631 3.50218 3.50218 3.44548 2300LH
1.81 1.4 1.4 1.42 2300LI
0.55 0.06 0.06 0.06 2300LJ
2.00225 2.23369 2.23369 1.97953 2300LK
0.883268 0.845813 0.845813 0.864447 2300LL
0.61346 0.46669 0.46669 0.493356 2300LM
2.06503 2.5169 2.5169 2.5169 2300LN
5.46 0.74 0.74 0.43 2300LO
1.65447 1.25412 1.25412 1.24652 2300LP
1.88574 1.00179 1.00179 0.974824 2300LQ
0 0 0 0 2300LR
1.68836 1.29043 1.29043 1.3678 2300LS
0.155242 0.304138 0.549045 0.345326 2300LT
4.84998 4.09471 4.09471 3.88953 2300LU
1.98 0.27 3.51 3.67 2300LV
0.286356 0.590762 0.590762 0.590762 2300LX
7.585 3.34403 3.34403 3.34517 2300LY
1.76524 0.859436 0.859436 1.87737 2300LZ
1.0979 0.87686 0.87686 0.869416 2300M0
2.22409 1.75984 1.75984 1.74701 2300M1
0.828402 0.936076 0.936076 0.919252 2300M2
4.85599 2.23411 2.23411 2.43166 2300M3
5.01187 2.81976 2.81976 2.78727 2300M5
3.24368 1.65755 1.65755 1.68449 2300M6
0.3 0.11 0.11 0.11 2300M7
2.72948 2.80102 2.80102 3.01763 2300M8
1.83786 1.02615 1.02615 0.965438 2300MA
1.50627 0.444072 0.444072 0.450583 2300MB
2.4369 3.49349 3.49349 3.50212 2300MD
0.15 0.15 0.15 0.15 2300ME
0.281869 1.21052 1.21052 1.23225 2300MF
1.46 0.16 0.16 0.16 2300MI
0.739283 0.0816088 0.0816088 0.114368 2300MJ
2.04557 1.2872 1.2872 1.26093 2300MK
7.68006 1.65537 1.65537 3.15014 2300ML
0.0707107 2.70833 2.70833 2.64504 2300MM
3.67967 0.114237 0.114237 0.226385 2300MN
4.15349 1.13046 1.13046 1.14038 2300MO
1.499 2.1304 2.1304 2.14885 2300MP
0 0 0 0 2300MR
2.23031 2.08042 2.08042 2.09975 2300MS
2.02684 1.85308 1.85308 1.89767 2300MT
0.470106 1.28 1.28 0.61 2300MU
6.26069 1.72337 1.72337 1.68138 2300MW
2.15 0.15 0.15 0.03 2300MY
1.70845 0.667271 0.667271 0.631981 2300MZ
1.6317 1.21084 1.21084 1.29222 2300N1
5.95454 1.51258 1.33053 1.34617 2300N2
1.58837 1.65933 1.65933 1.62384 2300N3
5.61361 1.21169 1.21169 1.21702 2300N5
7.10138 2.66737 2.66737 3.02524 2300N6
6.40991 1.72783 1.72783 2.00027 2300N7
6.389 2.1906 2.1906 2.18241 2300N8
2.43 0.76 0.76 0.8 2300N9
7.73896 2.34066 2.34066 2.27308 2300NA
0 0 0 0 2300NB
0.512679 0.512679 0.512679 0.512679 2300NC
0.820975 0.192354 0.192354 0.231948 2300ND
1.8118 1.4306 1.4306 1.41783 2300NE
0.95 0.23 0.23 0.18 2300NF
2.31 0.27 0.27 0.57 2300NH
2.77909 2.35982 2.35982 2.36188 2300NI
2.12 1.27 1.27 1.3 2300NJ
2.49554 3.26504 3.26504 3.31652 2300NK
5.7941 4.05994 4.05994 4.05979 2300NL
0 0 0 0 2300NM
1.77417 1.03075 1.03075 1.03194 2300NN
2.20002 2.67002 2.67002 2.03506 2300NO
2.90593 1.42864 1.42864 1.41826 2300NP
0 0 0 0 2300NQ
2.64784 1.37508 1.37508 1.21594 2300NR
3.03286 4.15607 4.15607 4.0903 2300NS
3.75 1.34 1.34 0.58 2300NT
0.58 0.11 0.11 0.41 2300NU
0 0 0 0 2300NV
1.95785 0.236559 0.236559 0.300333 2300NW
1.96259 0.475999 0.475999 0.503364 2300NX
0.299444 0.343123 0.343123 0.353695 2300NY
0.81 0.02 0.02 0.03 2300NZ
0.35 1.26 1.26 2.3 2300O0
0.82 2.59 2.59 2.56 2300O1
3.08212 0.413944 1.62755 1.97994 2300O2
2.74219 3.66096 3.66096 3.41811 2300O3
6.13 5.2 5.2 6.1 2300O4
0.46 1.4 1.4 1.31 2300O5
0.67041 1.36932 1.36932 1.44605 2300O6
0.67 1.12 0.57 0.56 2300O7
2.69 3.55 3.55 3.55 2300O9
0.0710634 0.0777817 0.0777817 0.0806226 2300OA
3.17 1.65 1.65 2.88 2300OB
2.22811 2.24445 2.24445 2.26055 2300OD
0.73 0.26 0.26 0.54 2300OE
0.562435 0.77831 0.77831 0.76935 2300OF
5.37029 4.17079 4.17079 3.94424 2300OG
0 0 0 0 2300OH
3.9834 1.06832 1.06832 1.03781 2300OI
0 0 0 0 2300OJ
3.48581 5.48868 5.48868 5.43639 2300OL
0.128062 0.127279 0.127279 0.127279 2300OM
1.76915 1.82059 1.82059 1.86869 2300ON
2.54882 2.11714 2.11714 2.11714 2300OQ
5.77 2.07 2.07 2.14 2300OR
0.213014 0.153704 0.153704 0.182962 2300OS
0 0 0 0 2300OT
0.02 0.02 0.02 0.02 2300OU
2.13625 1.28496 1.28496 1.33713 2300OV
0.41 0.04 0.04 0.04 2300OW
2.36429 0.787392 0.787392 1.12645 2300OX
0.482242 0.228442 0.228442 0.254222 2300OY
0.88607 0.646998 0.646998 0.714899 2300OZ
0.604152 0.115542 0.115542 0.243208 2300P0
4.31359 3.44291 3.44291 3.51733 2300P1
3.09639 3.06637 3.06637 2.74277 2300P2
3.69219 2.83602 2.83602 2.83602 2300P4
1.88 0.15 0.15 0.17 2300P5
3.20109 2.00092 1.80334 1.68473 2300P6
3.26671 1.37899 1.37899 1.41225 2300P7
5.31534 3.17254 3.17254 3.12349 2300P8
2.92245 3.63799 3.63799 3.60446 2300P9
0.407185 0.278927 0.278927 0.447214 2300PA
1.31392 1.7714 1.7714 1.78413 2300PB
4.23636 3.06591 3.06591 3.14556 2300PC
0.48 0.13 0.13 0.25 2300PD
0.75 0.32 0.32 0.11 2300PF
3.42979 2.60061 2.60061 2.4852 2300PG
8.35875 5.90747 5.90747 5.89894 2300PH
2.35945 2.3543 2.3543 2.3543 2300PJ
3.89925 1.60518 1.60518 1.42594 2300PK
3.62727 3.93364 3.93364 3.67202 2300PM
1.79547 0.377514 0.377514 0.364417 2300PN
1.46786 0.992746 0.992746 1.02329 2300PO
5.11621 4.30838 4.30838 3.12861 2300PP
1.30269 1.80194 1.80194 1.76074 2300PQ
0.26 0.53 0.53 0.52 2300PR
5.02833 1.13444 1.13444 1.06174 2300PT
3.41187 1.70812 1.70812 0.689231 2300PU
0.948815 0.848204 0.848204 0.687204 2300PV
2.68752 1.95158 1.95158 1.98503 2300PX
0.238956 0.347083 0.347083 0.347083 2300PY
0.745369 1.35309 1.35309 1.33768 2300PZ
6.88 0.36 0.36 0.4 2300Q0
1.40207 1.6481 1.6481 1.64125 2300Q1
1.68096 1.64289 1.64289 1.54307 2300Q3
2.37891 0.767098 0.767098 0.605624 2300Q4
2.88334 0.74505 0.74505 0.786651 2300Q5
0.458105 0.600716 0.600716 0.504103 2300Q8
0 0 0 0 2300QA
1.83 0.27 0.27 0.26 2300QC
5.98417 1.58649 1.58649 1.57577 2300QD
5.0939 0.793095 0.793095 0.815414 2300QE
2.40268 1.34389 1.34389 1.2654 2300QF
1.65803 2.01972 2.01972 2.02765 2300QG
7.61815 1.23499 1.23499 1.0939 2300QH
0.42 0.42 0.42 0.42 2300QI
1.79261 2.72133 2.72133 2.71201 2300QJ
3.42288 3.57521 3.57521 3.5738 2300QK
8.23629 2.7267 2.7267 2.81071 2300QL
0.1 0.37 0.37 0.37 2300QM
2.84845 0.880213 0.880213 1.0562 2300QN
1.55158 0.844674 0.844674 0.830572 2300QP
2.34403 1.81997 1.81997 1.99643 2300QQ
4.59774 3.48329 3.48329 3.49608 2300QS
0.09 0.12 0.12 0.12 2300QT
0.17 1.35 1.35 1.34 2300QU
2.73886 2.76553 2.76553 2.79887 2300QV
4.25893 1.31746 1.31746 1.36127 2300QW
7.97769 5.8252 5.8252 6.18883 2300QX
4.20333 0.900484 0.900484 0.854914 2300QZ
2.09615 2.27554 2.27554 2.27089 2300R0
2.90028 1.1463 1.1463 1.12486 2300R1
1.05655 0.132791 0.132791 0.069282 2300R2
0.863394 0.509166 0.509166 0.502096 2300R3
2.96 0.1 0.1 0.1 2300R4
1.66333 0.833164 0.833164 0.999956 2300R5
3.0375 1.0949 1.0949 1.15183 2300R7
6.44117 0.488245 0.488245 0.502162 2300R8
2.52 0.26 0.26 0.59 2300RA
1.47886 1.24416 1.24416 1.27147 2300RC
3.09681 2.9903 2.9903 2.49194 2300RD
0.443978 0.75379 0.75379 1.08035 2300RE
0.65 0.01 0.01 0.07 2300RG
0.606548 0.61131 0.61131 0.590226 2300RH
3.79778 3.47005 3.47005 3.18083 2300RI
3.65396 2.89466 2.89466 3.02403 2300RK
0.83 0.93 0.93 0.96 2300RL
0.19 0.25 0.25 0.25 2300RO
0.89848 1.19725 1.19725 1.1934 2300RP
1.19 0.255049 0.0552268 0.0452769 2300RQ
3.18231 1.89985 1.89985 1.97709 2300RR
3.32474 2.64683 2.64683 2.647 2300RS
2.72249 2.50985 2.50985 2.52057 2300RT
2.68269 1.74191 1.74191 1.81126 2300RW
2.36952 2.7221 2.7221 2.7221 2300RX
2.41371 2.24453 2.24453 2.18615 2300RY
3.47512 2.17731 2.17731 2.10309 2300RZ
3.20198 2.97901 2.97901 3.14431 2300S0
7.61219 2.82425 2.82425 2.85893 2300S1
1.00511 1.59607 1.59607 1.50446 2300S2
0 0 0 0 2300S3
1.00605 0.471169 0.471169 0.49364 2300S4
2.78 3.29 3.29 3.31 2300S5
0.25 0.25 0.25 0.25 2300S6
1.37952 0.847039 0.847039 0.872067 2300S8
3.8448 2.19631 2.19631 2.23863 2300SB
2.07 0.45 0.45 0.38 2300SC
2.16023 1.19023 1.19023 1.19456 2300SD
1.58491 1.74084 1.74084 1.76905 2300SE
0.760482 0.648948 0.648948 0.580661 2300SF
3.87504 2.12433 2.12433 2.40613 2300SH
0 0 0 0 2300SI
3.07257 1.03681 1.03681 0.866814 2300SJ
0.52 0.45 0.45 0.09 2300SK
4.65469 3.88888 3.88888 3.91106 2300SL
3.29523 2.64081 2.64081 2.67352 2300SM
0.745431 0.740383 0.740383 0.740383 2300SN
4.00876 2.33999 2.33999 2.41012 2300SO
3.24 0.15 0.15 0.18 2300SQ
3.57994 1.90984 1.90984 1.72977 2300SR
2.33798 0.668566 0.668566 0.653697 2300SS
3.31056 1.81075 1.81075 1.97902 2300ST
4.97939 3.12961 3.12961 3.4643 2300SU
0.62 0.13 0.13 0.09 2300SW
1.06478 0.928816 0.928816 0.893532 2300SX
1.30241 0.506601 0.506601 0.529413 2300SY
3.91837 1.63711 1.63711 1.657 2300SZ
5.02113 4.19039 4.19039 3.95341 2300T0
1.55967 0.795089 0.795089 1.2913 2300T1
2.72911 2.81856 2.81856 2.82371 2300T2
7.78324 3.94948 3.94948 3.73103 2300T3
2.99756 1.96059 1.96059 1.96057 2300T4
0.23 0.02 0.02 0.02 2300T5
1.86484 3.26203 3.26203 3.87402 2300T6
3.00129 2.96481 2.96481 2.96481 2300T7
1.01897 2.32843 2.32843 2.54812 2300T8
2.02595 1.33718 1.33718 1.57573 2300T9
4.41483 3.78371 3.78371 3.66388 2300TA
1.10571 1.02155 1.02155 1.08102 2300TB
0.438406 0.254558 0.254558 0.254558 2300TC
2.2 2.1 2.1 1.93 2300TD
3.26574 4.04437 4.04437 4.02909 2300TE
3.11144 2.7603 2.32579 2.32783 2300TF
1.45357 1.01536 1.01536 1.01536 2300TG
2.95136 0.751807 0.751807 0.815471 2300TH
4.27648 2.87115 2.87115 2.88747 2300TJ
6.30899 3.65856 3.65856 3.65225 2300TK
3.49207 3.6419 3.6419 3.73243 2300TL
0.332039 0.945542 0.945542 0.951893 2300TM
2.74997 2.25249 2.25249 2.15746 2300TN
0 0 0 0 2300TO
7.97869 5.32009 4.93801 5.08053 2300TP
4.0076 1.95869 1.95869 1.15258 2300TQ
1.00499 0.83006 0.83006 0.835703 2300TR
2.80246 1.41379 1.41379 1.40742 2300TS
1.42 1.42 1.42 1.42 2300TT
4.89494 2.42715 2.42715 2.46255 2300TU
1.22 0.24 0.24 0.13 2300TV
4.72621 5.01432 5.01432 5.02433 2300TW
6.35026 7.2113 8.32324 8.63989 2300TX
3.53286 1.82167 1.82167 1.78091 2300TY
0.152643 0.312036 0.312036 0.216102 2300TZ
0.471346 0.781558 0.781558 0.631902 2300U0
2.61259 1.21244 1.21244 1.27073 2300U1
4.34744 1.1802 1.1802 1.21462 2300U3
4.09927 1.97449 1.97449 1.98736 2300U4
5.52824 3.99523 3.99523 4.693 2300U5
4.84824 2.50255 2.50255 2.59143 2300U6
0.793631 1.27568 1.27568 1.28268 2300U8
4.32054 3.5871 3.5871 3.50118 2300U9
1.71098 3.28821 3.28821 3.28064 2300UA
1.38186 1.39248 1.39248 1.39248 2300UC
3.08164 0.948778 0.948778 0.969257 2300UD
1.7 0.1 0.1 0.1 2300UE
1.58971 1.51693 1.51693 1.54368 2300UF
0.818556 0.799594 0.799594 0.802756 2300UH
2.92747 2.28711 2.28711 2.35788 2300UI
1.07586 0.583324 0.583324 0.589463 2300UJ
2.7795 1.90213 1.90213 1.8948 2300UK
0 0 0 0 2300UL
0.575094 1.09217 1.09217 1.09607 2300UM
2.54354 1.7871 1.7871 1.8088 2300UN
0.181108 0.337713 0.133417 0.145774 2300UP
2.927 1.16898 1.51809 1.45608 2300UQ
4.92044 2.41143 2.41143 2.41584 2300US
4.75811 2.80913 2.80913 2.82079 2300UT
4.14146 1.64343 1.64343 1.69884 2300UU
5.96554 0.748977 0.748977 0.763566 2300UW
1.69 0.85 0.85 0.82 2300UX
0.05 0.14 0.14 0.12 2300UY
5.20262 1.14515 1.14515 1.04908 2300UZ
2.98286 1.83861 1.83861 1.82613 2300V0
4.60523 1.22919 1.22919 1.27424 2300V2
0.09 0.04 0.04 0.02 2300V4
1.68875 0.311769 0.311769 0.770763 2300V5
1.32249 1.73835 1.73835 1.73858 2300V6
0.09 1.06 1.06 0.73 2300V7
1.50192 2.34957 2.34957 2.28147 2300V8
2.65361 0.175594 0.175594 0.212289 2300V9
1.46467 1.05292 1.05292 1.045 2300VA
1.30108 1.30108 0.46669 0.452548 2300VB
1.8958 0.769615 0.769615 0.769615 2300VC
5.0801 1.5549 1.5549 1.72905 2300VD
6.12598 1.89606 1.89606 1.96364 2300VE
5.29639 1.07199 1.07199 1.23987 2300VF
3.11638 1.46653 1.46653 1.47131 2300VG
6.21219 4.61309 9.58191 9.34762 2300VH
0.93 0.8 0.8 0.8 2300VI
1.46542 2.0363 2.0363 1.82253 2300VJ
3.37892 3.0838 3.0838 3.09048 2300VK
2.70714 1.59129 1.59129 1.5411 2300VL
3.89466 2.07099 2.07099 2.11102 2300VM
2.3989 1.09241 1.09241 1.23068 2300VN
0.374767 0.339411 0.339411 0.339411 2300VP
0.711135 0.910055 0.910055 0.897928 2300VQ
1.63787 1.07421 1.07421 1.09095 2300VU
1.85086 1.27615 1.27615 1.32139 2300VV
1.43177 0.488876 0.488876 0.410244 2300VW
4.68969 3.03889 3.03889 2.87281 2300VX
4.94 3.86 3.86 3.75 2300VY
0.927065 1.48121 1.48121 1.47111 2300VZ
1.87071 0.945701 0.945701 0.957926 2300W0
1.32153 1.56505 1.56505 1.62574 2300W1
2.61694 0.959412 0.959412 1.00399 2300W2
0.59 0.48 0.48 0.48 2300W3
0.31 0.51 0.51 0.48 2300W4
0.658027 0.183848 0.183848 0.109772 2300W5
4.25076 3.28446 3.28446 3.46239 2300W6
2.4983 3.14617 3.14617 3.07795 2300W7
3.77743 3.6374 3.6374 3.74682 2300W8
0.7 0.638318 0.638318 0.592284 2300WC
5.07698 2.47296 2.47296 2.63176 2300WG
6.6069 1.25491 1.25491 1.19651 2300WH
0.76 0.76 0.76 0.76 2300WI
2.51823 0.419196 0.419196 0.358818 2300WJ
0.175071 0.41 0.41 0.52 2300WK
0.63 0 0 0.26 2300WL
1.65565 1.74706 1.74706 1.77985 2300WM
2.30629 1.33556 1.33556 1.35506 2300WN
3.52 0.77 0.77 0.69 2300WO
2.68891 3.1493 3.1493 3.1728 2300WP
3.22838 3.50412 3.50412 3.55274 2300WQ
0 0 0 0 2300WR
2.52 0.96 0.96 1.67 2300WT
2.1 0.57 0.57 0.56 2300WU
3.96432 3.19089 3.19089 3.17565 2300WV
6.2988 3.96027 3.96027 3.80196 2300WW
0.886143 0.335037 0.335037 0.295381 2300WX
3.23248 3.67858 3.67858 3.73506 2300WY
3.84568 2.1252 2.1252 2.15456 2300WZ
3.78246 3.33948 3.33948 3.26027 2300X0
2.20966 0.956013 0.956013 0.908768 2300X1
6.25 6.42 6.42 6.27 2300X2
4.70502 6.2202 6.2202 5.39015 2300X3
1.76241 1.44459 1.00005 0.508035 2300X4
1.1186 0.0408248 0.0408248 0.616468 2300X5
1.8913 2.16511 2.16511 2.11551 2300X6
4.90538 6.04216 6.04216 5.84896 2300X7
3.69001 0.336799 0.336799 0.490068 2300X9
4.3666 1.0701 1.0701 1.04366 2300XB
2.81914 0.419762 0.419762 0.498264 2300XD
1.6593 2.47919 2.47919 2.48186 2300XE
1.12572 1.1991 1.1991 0.945859 2300XF
1.45027 0.207063 0.207063 0.2 2300XH
0.776949 0.70214 0.70214 0.67989 2300XI
3.37729 1.77872 1.77872 1.78145 2300XJ
3.79402 3.09539 3.09539 3.06147 2300XK
0 0 0 0 2300XL
3.25399 2.16375 2.16375 0.79196 2300XM
0.757925 1.14725 1.14725 1.20736 2300XN
3.88386 3.44966 3.44966 3.33927 2300XP
0 0 0 0 2300XT
1.04796 1.14036 1.14036 1.1317 2300XU
2.8702 3.43469 3.43469 3.43569 2300XV
7.30255 2.99714 2.99714 3.13915 2300XW
1.03 0.64 0.64 0.68 2300XY
1.64338 2.0239 2.0239 1.9667 2300XZ
1.6419 3.0863 3.0863 3.08187 2300Y1
4.10835 2.51915 2.51915 2.51676 2300Y2
4.05014 1.9072 1.9072 1.93792 2300Y3
6.6 2.81 0.42 0.36 2300Y4
2.92436 0.28931 0.28931 0.297951 2300Y5
3.47898 2.36622 2.36622 2.42039 2300Y6
7.09328 2.48362 2.48362 2.5399 2300Y7
6.57482 4.36189 4.36189 4.34102 2300Y8
5.20467 2.57337 2.57337 2.58057 2300Y9
2.39105 0.418001 0.418001 0.420506 2300YA
0.232737 0.208247 0.208247 0.212289 2300YC
3.98241 0.950509 0.950509 2.15403 2300YE
8.01051 3.92519 3.43017 3.49353 2300YF
2.33509 2.20906 2.20906 2.19046 2300YH
3.22291 0.94645 0.94645 0.901129 2300YI
2.92653 0.935557 0.935557 0.944563 2300YJ
2.98761 1.74794 1.74794 1.7198 2300YK
2.79235 1.17728 1.17728 1.21295 2300YL
2.85458 2.66494 2.66494 3.37245 2300YM
5.06451 2.97457 2.97457 2.9456 2300YO
3.3825 2.59326 2.59326 2.46354 2300YP
1.38284 1.75646 1.75646 1.75646 2300YQ
1.51727 0.912825 0.912825 0.886924 2300YR
1.7134 1.4122 1.4122 1.37752 2300YS
10.4622 1.00368 1.00368 1.66525 2300YW
1.04 2.25 2.56 2.24 2300YX
3.73078 5.18871 5.18871 5.88923 2300YY
4.20773 0.124499 0.124499 0.225167 2300Z1
5.12 2.17 2.17 2.1 2300Z2
0.990202 1.48408 1.48408 1.39014 2300Z3
1.96271 0.620994 0.727656 0.702365 2300Z5
0.46 0.46 0.46 0.46 2300Z7
2.8028 1.10204 1.10204 1.07886 2300Z9
0.32 0.21 0.22 0.22 2300ZA
1.18439 4.11469 0.905552 1.3614 2300ZC
1.47785 1.31522 1.31522 1.31522 2300ZE
1.82026 1.85264 1.85264 1.73607 2300ZF
3.07504 1.43268 1.43268 1.43807 2300ZG
2.1991 2.18496 2.18496 2.18496 2300ZH
3.39 0.57 0.57 0.57 2300ZI
3.15566 0.482967 0.482967 0.495379 2300ZJ
4.28262 1.73855 1.73855 1.75394 2300ZK
2.01623 1.57733 1.57733 1.68366 2300ZM
2.12504 3.01706 3.01706 3.58443 2300ZN
1.71366 1.00471 1.00471 1.06027 2300ZO
1.73934 1.57918 1.57918 1.59906 2300ZP
0 0 0 0 2300ZR
2.82875 0.0710634 0.0710634 0.828402 2300ZS
0.498518 0.597729 0.597729 0.594407 2300ZT
0.655172 0.0212132 0.0212132 0.135831 2300ZV
1.12 0.61 0.61 0.58 2300ZY
2.24611 0.869741 0.869741 0.905097 2300ZZ
0 0 0 0 230101
0.502494 0.503289 0.503289 0.502494 230105
4.30251 0.455247 2.57757 0.732683 230109
2.42644 0.307018 0.307018 0.349914 23010B
1.25 0.56 0.56 0.623351 23010C
0.178494 0.996695 0.996695 1.11546 23010D
1.06977 1.08229 1.08229 1.05762 23010E
1.49 1.33 1.33 1.27 23010F
6.45 1.12 1.12 1.06 23010G
0.436578 0.141598 0.141598 0.0887412 23010H
3.37155 2.16969 3.0342 3.03332 23010I
0.01 0.01 0.01 0.01 23010J
0 0 0 0 23010K
0.53 0.52 0.52 0.53 23010L
0.480833 0.487904 0.487904 0.494975 23010M
2.90621 0.671751 0.671751 0.700036 23010O
0 0 0 0 23010Q
3.57958 0.831404 0.831404 0.386825 23010R
1.38246 0.304083 0.304083 0.304904 23010S
4.51793 4.67752 4.67752 4.65916 23010V
0.221133 0.011547 0.011547 0.0141421 2300SG
4.85069 3.83762 3.83762 3.67542 23010W
1.97357 1.88076 1.88076 1.85623 23010X
3.55332 1.43758 1.43758 1.44542 23010Y
3.81977 8.72444 8.72444 8.58469 23010Z
1.91097 3.03817 3.03817 3.13687 230110
4.34783 3.94877 3.94877 3.78529 230112
3.38006 1.71563 1.71563 1.62854 230113
0.73 0.3 0.3 0.3 230114
6.36174 5.53014 5.53014 5.56932 230116
1.72 0.43 0.43 0.43 230117
0.637521 1.64935 1.64935 1.6493 230118
2.48906 1.33595 1.33595 1.35666 23012N
0.31 4.67 4.67 4.68 230119
0.139857 0.749787 0.749787 0.74686 23011A
0 0 0 0 23011B
3.47041 2.93728 2.93728 2.79546 23011C
0.27 0.23 0.23 0.22 23011E
7.57 5.5 5.5 4.62 23011F
1.09 7.42 7.42 8.82 23011I
1.34274 0.634618 0.634618 0.640078 23011L
5.73425 5.79167 5.79167 5.66701 23011M
0.03 1.2 1.2 1.2 23011N
0.15 0.15 0.15 0.15 23011P
5.17843 2.49115 2.49115 2.41837 23011Q
1.6398 1.34987 1.34987 1.31491 23011R
1.60736 1.20399 1.20399 1.14789 23011S
1.15007 1.28484 1.28484 1.31062 23011T
4.41121 4.29363 4.29363 4.3889 23011U
4.92815 0.957532 0.957532 0.969983 23011V
2.37956 0.915085 0.915085 0.905119 23011W
3.72294 1.89065 1.89065 1.87933 23011X
2.10681 2.07463 2.07463 2.07285 23011Y
9.71125 6.60831 6.60831 6.73567 23011Z
3.62552 0.777335 0.777335 0.791581 230120
0.908662 0.367786 0.367786 0.434012 230121
4.47217 2.85374 2.85374 3.07465 230122
6.35318 2.71599 2.71599 2.75398 230123
4.59869 1.97312 1.97312 1.41235 230125
1.29917 0.977394 0.977394 0.963146 230126
10.5937 1.78831 1.78831 2.13605 230127
2.44555 0.638083 0.568199 0.777324 230129
2.95267 0.997384 0.997384 0.953126 23012A
3.83349 1.96447 1.96447 1.96013 23012B
2.61217 2.41843 2.41843 2.38114 23012C
0.0141421 0.00707107 0.00707107 0.00707107 23012D
2.24147 0.0816497 0.0816497 0.151107 23012E
2.34053 0.171026 0.171026 0.418808 23012F
3.65145 3.95058 3.95058 3.83747 23012G
0.11 0.11 0.11 0.11 23012H
3.60632 2.33314 2.33314 2.25484 23012I
2.67924 0.754718 0.754718 0.727312 23012J
3.5335 1.37632 1.37632 1.34151 23012K
4.34555 1.48626 1.48626 1.55613 23012L
5.81 3.13 3.13 3.13 23012M
