#E_RMSD:ini opt reo ret zincID
4.19 4.19 4.19 4.19 ZINC000000033978
0.4 0.84 0.84 0.18 ZINC000000036303
0 0 0 0 ZINC000000040719
1.9405 1.99085 1.99085 1.99541 ZINC000000042736
0 0 0 0 ZINC000000051544
2.79265 3.31578 3.31578 3.22183 ZINC000000084284
0.654752 0.941807 0.941807 0.944122 ZINC000000087135n
1.45738 2.34263 2.34263 2.45875 ZINC000000088101
3.76197 3.07075 3.07075 3.04209 ZINC000000088474_1
2.94999 1.60668 1.60668 1.77403 ZINC000000097479
1.78608 2.74235 2.74235 2.81167 ZINC000000119009
0 0 0 0 ZINC000000126038
5.35 0.18 0.18 0.18 ZINC000000127402
2.68233 3.06316 3.06316 3.09568 ZINC000000135843
0.01 0.01 0.01 0.01 ZINC000000140092_1
2.02493 0.910582 0.910582 0.717886 ZINC000000144678
0.12 0.27 0.27 0.27 ZINC000000144678_2
0 0 0 0 ZINC000000145322
3.49669 6.31494 6.31494 6.31494 ZINC000000151361
0 0 0 0 ZINC000000152023_1
3.7 0.05 0.47 0.44 ZINC000000155839_1
1.68755 1.88208 1.88208 1.87005 ZINC000000159804
0.0141421 0.0141421 0.0141421 0.0141421 ZINC000000160394
9.73324 2.84325 2.84325 4.08208 ZINC000000162425
0 0 0 0 ZINC000000172719_2
1.94404 0.569364 0.569364 0.535724 ZINC000000192086
0 0 0 0 ZINC000000207445
0.12 0.16 0.16 0.15 ZINC000000209743_1
0 0 0 0 ZINC000000225683_1
2 4.19 4.19 4.19 ZINC000000238008
5.89008 4.52273 4.52273 4.44071 ZINC000000273304_1
4.88 3.64 3.64 4.12 ZINC000000273813
1.35 0.26 0.26 0.27 ZINC000000294631_1
1.8 2.06 2.06 2.08 ZINC000000324748_1
1.67 1.67 1.67 1.67 ZINC000000331270
0.169706 0.207966 0.207966 0.203961 ZINC000000331970
0 0 0 0 ZINC000000334995
0 0 0 0 ZINC000000335016
0.719799 0.810349 0.810349 0.824245 ZINC000000336240
2.29555 3.08851 3.08851 2.40179 ZINC000000338265
0.35 0.35 0.35 0.35 ZINC000000339586
0.98 0.22 0.22 0.24 ZINC000000342360_1
3.18527 0.96462 0.96462 1.01702 ZINC000000343825
5.408 0.966678 0.966678 0.959418 ZINC000000349518_1
2.17671 2.27189 2.27189 2.25953 ZINC000000366208_1
1.18087 0.311127 0.311127 0.304056 ZINC000000383392_1
0.381051 0.196299 0.196299 0.178979 ZINC000000384763
2.62 2.01 2.01 2.03 ZINC000000392812
2.56249 1.98618 1.98618 1.96519 ZINC000000392829
4.74 1.22 0.16 0.12 ZINC000000394029
4.92 4.92 4.92 4.92 ZINC000000394716
2.36 2.36 0.6 0.65 ZINC000000401198
0.0989949 0.0848528 0.0848528 0.0919239 ZINC000000402296
1.04 0.16 0.16 0.25 ZINC000000403261
0.187794 0.00816497 0.00816497 0.0163299 ZINC000000405046
2.09992 1.02388 1.02388 1.05895 ZINC000000410229_1
2.59546 2.16032 2.17376 2.27021 ZINC000000444816
0.956579 0.503949 0.503949 0.491623 ZINC000000496310
3.10375 1.55716 3.12721 3.44923 ZINC000000499672
0.39 2.3 2.3 2.3 ZINC000000507755_1
0.565685 0.565685 0.565685 0.565685 ZINC000000510399_1
2.05933 2.19583 2.19583 2.18816 ZINC000000517428
4.06532 2.47503 2.47503 2.46368 ZINC000000517428n
1.38 0.14 0.14 0.33 ZINC000000518699
0.63 0.66 0.66 0.68 ZINC000000521962_2
0.250599 0.50324 0.50324 0.305041 ZINC000000900552
1.68216 0.450821 0.450821 1.05993 ZINC000000901957
0 0 0 0 ZINC000000980164
1.28 1.28 1.28 1.28 ZINC000001016430
1.54927 1.23885 1.23885 1.24573 ZINC000001043940
0.96 0.38 0.38 0.45 ZINC000001066646n
0.0989949 0.0989949 0.0989949 0.0989949 ZINC000001123028
0 0 0 0 ZINC000001233327
0.68 0.65 0.65 0.65 ZINC000001241237_1
1.46065 1.16696 1.16696 1.169 ZINC000001297821
3.12499 2.91141 2.91141 2.68617 ZINC000001321342n
1.43722 0.957698 0.957698 1.04192 ZINC000001393062
0 0 0 0 ZINC000001393937
1.53114 1.6772 1.6772 1.77771 ZINC000001396946_1
0 0 0 0 ZINC000001400343n_1
2.24609 0.702593 0.702593 0.622866 ZINC000001400675
0.882043 1.46813 1.46813 1.58474 ZINC000001407196
2.17706 1.79704 1.79704 1.86216 ZINC000001410179
1.37674 4.3401 4.3401 3.82223 ZINC000001420704n
2.39 0.03 0.03 0.11 ZINC000001425612_1
0 0 0 0 ZINC000001438993
1.97668 0.161555 0.161555 0.145602 ZINC000001443681_2
1.24 0.34 0.34 0.41 ZINC000001463335
0.325269 0.408718 0.810586 0.765506 ZINC000001484979
0 0 0 0 ZINC000001564374_1
2.7603 1.24472 1.24472 0.975881 ZINC000001566068
2.9116 1.06735 1.06735 1.03215 ZINC000001571661
4.84934 4.60049 4.60049 4.73528 ZINC000001583786n
1.69985 0.848469 0.848469 0.904305 ZINC000001603989
1.8657 0.463753 0.463753 0.440984 ZINC000001606193
1.23731 0.447996 0.447996 0.451525 ZINC000001611078_1
2.14169 0.612413 0.612413 0.612413 ZINC000001617863
0 0 0 0 ZINC000001620111
0.87 0.87 0.87 0.87 ZINC000001625438
0.4 0.4 0.4 0.4 ZINC000001661342
0.9 0.09 0.09 0.26 ZINC000001661342n
0 0 0 0 ZINC000001668602_1
3.02619 3.02619 3.02619 3.02619 ZINC000001668835
3.18495 3.18495 3.18495 3.18495 ZINC000001669442
3 3 3 3 ZINC000001676870n
1.3416 1.77582 1.77582 1.79496 ZINC000001677949
3.61683 2.56315 2.56315 2.607 ZINC000001677981_1
2.66519 2.56236 2.56236 2.61841 ZINC000001681766_1
0.169779 0.277939 0.172482 0.2136 ZINC000001692414
2.53041 2.70048 2.70048 2.58128 ZINC000001696994
0 0 0 0 ZINC000001697961_1
0 0 0 0 ZINC000001705340
0 0 0 0 ZINC000001707121
1.75 4.12 4.12 4.12 ZINC000001721075_1
1.08 0.08 0.08 0.2 ZINC000001743783_2
3.13172 3.3661 3.3661 3.81096 ZINC000001744207
1.03 0.11 0.11 0.83 ZINC000001744207_1
0.09 0.09 0.09 0.09 ZINC000001752189
0.59 0.11 0.11 0.03 ZINC000001753214
1.16986 0.876242 0.876242 0.886538 ZINC000001760327
0 0 0 0 ZINC000001843130
0 0 0 0 ZINC000001870603
0.92 0.45 0.45 0.74 ZINC000001870603_1
1.68682 1.26678 1.26678 1.26829 ZINC000002012927
0.2 0.38 0.38 0.38 ZINC000002037527_1
2.94327 1.56103 1.56103 1.43975 ZINC000002038421
1.53483 3.89831 3.89831 3.56455 ZINC000002043262
1.89484 2.40325 2.40325 2.10746 ZINC000002048036_2
0.17 0.05 0.05 0.05 ZINC000002232417_1
0 0 0 0 ZINC000002292870n_1
0.07 0.07 0.07 0.07 ZINC000002384500
2.0098 1.55086 1.55086 1.87807 ZINC000002386480n
2.67248 0.396064 0.396064 0.364463 ZINC000002488985
3.73 2.81 2.81 3.07 ZINC000002506754
0 0 0 0 ZINC000002507566
1.12 1.12 1.12 1.12 ZINC000002507829
2.27161 0.0302372 0.0302372 0.0396412 ZINC000002509844
1.62 1.62 1.62 1.62 ZINC000002511723
1.47953 3.97648 3.97648 3.93089 ZINC000002511723n
1.0074 0.409939 0.409939 0.474605 ZINC000002511723n_2
1.74897 0.713863 1.40236 1.57762 ZINC000002511723n_3
8.32034 8.1539 8.1539 8.1539 ZINC000002516028
2.58 0.25 0.25 0.25 ZINC000002524420
8.12353 2.78577 2.98893 3.87579 ZINC000002529367
3.24536 1.07997 1.07997 0.960659 ZINC000002556216
4.07353 3.48488 3.48488 3.49131 ZINC000002556216n
1.95082 0.263601 1.76858 2.05569 ZINC000002573398
1.47853 1.36439 1.36439 1.36029 ZINC000002577992
0.67 1.91 1.91 1.85 ZINC000002583571
0.12 0.12 0.12 0.12 ZINC000002584295
0 0 0 0 ZINC000002599164
0 0 0 0 ZINC000002774749_1
0.729566 0.647585 0.670398 0.748109 ZINC000002778777_2
0.0406202 0.202114 0.202114 0.202114 ZINC000002786753
0 0 0 0 ZINC000003029908_1
1.54755 0.94838 0.94838 0.943464 ZINC000003080625_1
4.36 0.71 0.71 0.64 ZINC000003086176_1
0 0 0 0 ZINC000003127918
0.626618 0.485489 0.516236 0.500899 ZINC000003132279
0.58 0.58 0.58 0.58 ZINC000003137923
2.3 1.15 1.15 1.09 ZINC000003165873
0.0738241 1.45129 0.549045 0.277849 ZINC000003189195
0.38 0.22 0.22 0.23 ZINC000003230885
0.21 0.12 0.12 0.14 ZINC000003468889_1
1.07223 1.33147 1.33147 1.32843 ZINC000003468889n
1.15039 0.0848528 0.0848528 0.0919239 ZINC000003628406
3.98 1.72 1.72 2.22 ZINC000003647272n
1.78901 1.26291 1.26291 1.28564 ZINC000003704331
1.98317 0.614329 0.614329 0.580151 ZINC000003732452
1.41019 0.576869 0.576869 0.575895 ZINC000003732484
0.107005 0.53033 0.53033 0.476288 ZINC000003732484_1
6.21 1.41 1.41 0.18 ZINC000003845199
0.907735 1.47574 1.47574 1.57956 ZINC000003845997
0.72 1.87 1.87 1.83 ZINC000003847683
0.03 0.05 0.05 0.05 ZINC000003848005_1
2.98777 1.40587 1.40587 1.39799 ZINC000003848247
0.432261 0.199625 0.199625 0.233452 ZINC000003848293
0 0 0 0 ZINC000003848355
0.762955 0.433417 1.09282 1.15156 ZINC000003887489n
0 0 0 0 ZINC000003887569_1
1.52481 0.832887 0.832887 0.867785 ZINC000003937375n_1
2.30349 0.468882 1.6856 1.58644 ZINC000003993826
2.08864 2.14304 2.14304 2.17757 ZINC000004023402_1
3.98 0.41 0.41 0.51 ZINC000004025328_1
3.37087 2.79064 2.79064 2.93786 ZINC000004026369
2.76358 5.36604 5.36604 5.31854 ZINC000004097541
1.8 1.8 1.8 1.8 ZINC000004189718
0 0 0 0 ZINC000004189718_1
3.72645 2.3368 2.3368 2.14334 ZINC000004202974
9.01997 7.3535 8.21697 8.20518 ZINC000004214486
4.95247 1.00721 1.00721 0.952698 ZINC000004214486_2
0.72 0.21 0.21 0.21 ZINC000004237890
3.04512 2.84156 2.84156 2.84461 ZINC000004237890n
2.48356 1.57721 1.57721 1.57118 ZINC000004262098
2.7 2.7 2.7 2.7 ZINC000004271993
2.64434 1.96373 1.96373 2.31974 ZINC000004303615
2.40692 2.02255 2.02255 2.11535 ZINC000004329339
0.68 0.04 0.04 0 ZINC000004419542_1
1.07982 1.27472 1.27472 1.29905 ZINC000004521853
2.41742 0.668072 0.668072 0.67155 ZINC000004642428
1.87 1.13 1.13 1.15 ZINC000004663220_1
10.69 0.23 0.23 0.34 ZINC000004708120_1
2.97151 1.56416 1.56416 1.58518 ZINC000004715062n
1.89056 1.2899 1.2899 1.26123 ZINC000004718856
1.97172 2.52572 2.52572 2.5191 ZINC000004722141n
0.705493 2.31354 2.31354 2.29024 ZINC000004753987
1.2116 1.68188 1.68188 1.72116 ZINC000004765095
0.930206 1.63006 1.63006 1.65672 ZINC000004776052
3.54402 2.78892 2.78892 2.76391 ZINC000004777715
3.07882 1.60442 1.60442 1.19019 ZINC000004800545
0 0 0 0 ZINC000004803017
3.40114 3.76455 3.76455 3.80753 ZINC000004803017n
0.35 0.38 0.38 0.35 ZINC000004803166
0 0 0 0 ZINC000004812189
1.46 0.09 0.09 0.97 ZINC000004829905
3.2 0.08 0.08 0.45 ZINC000004831127_1
0 0 0 0 ZINC000004837503
5.20416 4.95299 4.95299 4.85824 ZINC000004945865
0.87941 0.894548 0.894548 0.879711 ZINC000004948170
0.952922 0.680941 0.680941 0.723257 ZINC000004972506n
3.11137 1.36555 1.36555 1.40927 ZINC000004983935
0.18 0.42 0.42 0.39 ZINC000005004779n
1.98592 1.28383 1.28383 1.77144 ZINC000005046237n
5.66291 3.72972 3.72972 3.71913 ZINC000005064297
0 0 0 0 ZINC000005092432
2.89849 3.48049 3.48049 3.494 ZINC000005103411
0.180278 0.180278 0.180278 0.180278 ZINC000005120986
2.82108 1.32042 1.32042 1.31279 ZINC000005282860
0.837341 0.918608 0.918608 0.914079 ZINC000005282936
1.55629 0.866283 0.866283 1.03865 ZINC000005328863
3.44 0.13 0.13 1.57 ZINC000005356732
0.65 0.48 0.48 0.47 ZINC000005368516_1
0 0 0 0 ZINC000005375234
0.105948 0.105948 0.105948 0.105948 ZINC000005377859
3.13268 2.0396 2.0396 1.93011 ZINC000005392875
1.17 0.27 0.27 0.3 ZINC000005398141_2
1.73825 5.45157 5.45157 5.13748 ZINC000005409176
0.49 0.49 0.49 0.49 ZINC000005422896
1.44931 1.35049 1.35049 1.28891 ZINC000005482225
2.06178 1.34035 1.34035 1.36004 ZINC000005495750
3.56725 1.91289 1.91289 1.95316 ZINC000005496263_1
0.02 0.02 0.02 0.02 ZINC000005496347_1
5.06997 0.956339 0.956339 0.791086 ZINC000005496377_1
0.75 0.32 0.32 0.2 ZINC000005514950
0.80486 1.63313 1.63313 1.7733 ZINC000005551296_1
4.27356 4.92574 4.92574 5.02991 ZINC000005551296n
4.29541 4.24632 4.24632 4.23421 ZINC000005551296n_1
4.78219 4.76708 4.76708 4.70747 ZINC000005566939
6.96312 4.09209 4.09209 4.63911 ZINC000005572792
0.03 0.32 0.32 0.27 ZINC000005583033_1
1.06 1.06 1.06 1.06 ZINC000005583033_1_1
5.25363 5.33786 5.33786 5.33463 ZINC000005600318n
1.08444 0.689391 0.689391 0.689391 ZINC000005659883
0.121244 0.121244 0.121244 0.121244 ZINC000005684049
6.01714 2.45694 2.45694 2.27899 ZINC000005741199
1.30125 0.0212132 0.0212132 0.0494975 ZINC000005742670_1
2.43306 1.68683 1.68683 1.77832 ZINC000005760696
2.76407 0.61971 0.61971 0.63682 ZINC000005760696_1
8.48 0.37 0.37 0.46 ZINC000005773132_1
0.65 0.66 0.66 0.79 ZINC000005928269_2
1.34811 1.11859 1.11859 1.17646 ZINC000005928269n
1.2 0.22 0.22 0.66 ZINC000005932712
0 0 0 0 ZINC000005939868
16.5 1.71 1.71 1.71 ZINC000005939868_1
4.57258 2.68594 2.68594 2.70721 ZINC000005986331
2.88 0.28 0.28 0.3 ZINC000005997783
0 0 0 0 ZINC000006069105
1.79195 2.6449 2.6449 2.65147 ZINC000006158590
3.45495 0.919755 0.919755 0.919755 ZINC000006361500
0.5 0.15 0.15 0.15 ZINC000006420595
0 0 0 0 ZINC000006448831_1
1.86 1.79 1.79 1.86 ZINC000006504156
2.10648 0.529009 0.529009 0.52469 ZINC000006566832_1
0.07 0.07 0.07 0.07 ZINC000006672310
0.0173205 0.0173205 0.0173205 0.0173205 ZINC000006815534
0 0 0 0 ZINC000007141472
0.150333 3.3253 3.3253 3.06533 ZINC000007778791
0.666825 1.6403 1.6403 1.61517 ZINC000008100974
0.0163299 0.0163299 0.0163299 0.0163299 ZINC000008299379
0.788923 0.0636396 0.0636396 0.106066 ZINC000008413630
0.113137 0.113137 0.113137 0.113137 ZINC000008413630_1
1.24467 1.2398 1.2398 1.20721 ZINC000008575676
5.45929 0.115036 0.115036 0.287344 ZINC000008616088
2.45267 2.42495 2.42495 2.47658 ZINC000008618569
2.2 1.56 1.56 1.49 ZINC000008731869
2.77285 0.991508 0.991508 1.9902 ZINC000008731869n
0.61131 0.0860233 0.0860233 0.142127 ZINC000008755350
7.95 3.37 3.37 2.87 ZINC000009954092_1
0.01 0.01 0.01 0.01 ZINC000011567736
2.67635 1.5833 1.5833 1.33963 ZINC000011567736n
4.1018 2.27651 2.27651 2.30858 ZINC000011597105n
1.60466 0.412884 0.412884 0.43299 ZINC000011631704n
3.43001 3.39518 3.39518 3.34037 ZINC000011848828
2.768 2.67416 2.67416 2.8305 ZINC000011848828n
4.06868 3.90301 3.90301 3.96764 ZINC000011867375
0.790746 1.33468 1.33468 1.33468 ZINC000011920335
4.97873 4.69286 4.69286 4.3507 ZINC000012153222
6.0739 2.40903 2.40903 2.46454 ZINC000012359370
1.72884 1.88905 1.88905 1.60856 ZINC000012360535n
0.0173205 0.034641 0.034641 0.034641 ZINC000012394573
0.8339 0.569219 0.569219 0.537196 ZINC000012394573n
3.46874 3.21303 3.21303 2.91117 ZINC000012416954
2.1958 2.02516 2.02516 1.96446 ZINC000012433147
1.75553 1.00429 1.00429 0.530723 ZINC000012446871
2.26988 2.85453 2.85453 2.75308 ZINC000012504937
0.0710634 0.0640312 0.0640312 0.0710634 ZINC000012603478
2.97582 2.59011 2.59011 2.53876 ZINC000012650823_1
2.49 0.26 0.26 0.29 ZINC000013209422
0.370473 0.522733 1.40152 0.522733 ZINC000013228217
3.44452 2.53738 2.53738 2.60217 ZINC000013284845n
0.234691 0.234691 0.234691 0.234691 ZINC000013284968n
4.67334 2.72481 2.72481 2.8425 ZINC000013437802
2.72496 2.63833 2.63833 2.61305 ZINC000013525814
0.23 0.23 0.23 0.23 ZINC000013573731
0.982878 1.37886 1.37886 1.24451 ZINC000013637396
3.09714 0.311127 0.311127 0.0141421 ZINC000013653875
2.49783 1.48769 1.48769 1.60591 ZINC000013653875n
3.55845 2.16872 2.16872 1.19572 ZINC000013858485
3.87779 2.66191 2.66191 2.62688 ZINC000013997957_1
1.66 1.52 1.52 1.49 ZINC000014988034
0 0 0 0 ZINC000015444386
1.37972 1.39876 1.39876 1.39715 ZINC000015864704
0.05 0.05 0.05 0.05 ZINC000016159453
3.88 1.41 1.41 1.38 ZINC000016954046_1
0.65 0.65 0.65 0.65 ZINC000017025509
0.12 0.12 0.12 0.12 ZINC000017107912_1
3.72 0.98 0.98 0.98 ZINC000017126154
2.08 0.55 0.55 0.61 ZINC000017142425_1
4.12546 3.19502 3.19502 2.89721 ZINC000017191210
2.36881 0.410122 0.410122 0.367696 ZINC000017299419
4.67 1.26 1.26 1.31 ZINC000018208791
3.40109 3.31835 3.31835 3.31835 ZINC000018323561
0 0 0 0 ZINC000019091590
8.73136 2.19525 2.49299 2.80638 ZINC000019319542
4.14879 2.36746 2.36746 2.43352 ZINC000019325717_2
1.32567 3.08876 2.24104 2.2066 ZINC000019329234
2.56406 5.82851 5.82851 5.57735 ZINC000019345434
3.0029 3.92589 3.92589 4.31037 ZINC000019390946
3.37802 3.50651 3.50651 2.88209 ZINC000019470639
2.38382 1.24271 1.24271 1.32848 ZINC000019504940
0 0 0 0 ZINC000019754878
1.58 1.11 1.11 1.4 ZINC000019770046n
3.89599 3.78838 3.78838 3.78073 ZINC000019801200_1
5.87237 2.15716 2.15716 2.149 ZINC000019831265_1
3.40743 2.97073 2.97073 2.96353 ZINC000019865660
0.664116 0.190919 0.190919 0.247487 ZINC000019909419
3.29826 0.763769 0.763769 0.763825 ZINC000019947314_1
5.23254 4.71292 4.71292 4.84296 ZINC000020113932n
1.95 0.66 0.66 0.4 ZINC000020281466
0.0212132 0 0 0 ZINC000020282640_1
0 0 0 0 ZINC000020286599
0.59397 0.59397 0.59397 0.59397 ZINC000020354504
3.92708 2.81145 2.81145 2.79642 ZINC000020380764n
1.87383 1.73948 1.73948 1.59806 ZINC000020440507
0.00707107 0.00707107 0.00707107 0.00707107 ZINC000020445716
2.19667 0.27559 0.27559 0.269722 ZINC000020534067
0 0 0 0 ZINC000020534579_1
0.24 0.24 0.24 0.24 ZINC000020581282_1
0.79 0.83 0.83 0.83 ZINC000020720251_1
1.2904 1.32065 1.32065 2.34169 ZINC000020973650n
2.16116 1.22206 1.22206 1.16136 ZINC000021297338
0.76 0.32 0.32 0.54 ZINC000021949999
1.41835 1.41638 1.41638 1.41337 ZINC000021949999n
0.498063 0.0571548 0.0571548 0.0244949 ZINC000021953421
0 0 0 0 ZINC000021953421_2
20.7578 21.3236 21.3236 21.3394 ZINC000021985153n
2.97607 2.97268 2.97268 3.12501 ZINC000022015856
3.35439 2.71263 2.71263 2.73041 ZINC000022055084
2.1677 2.07701 2.07701 2.15501 ZINC000022115648n
5.52941 3.84504 3.84504 4.01208 ZINC000022788807n
10.4128 4.94572 4.94572 4.65767 ZINC000023066147
2.18569 2.04978 2.04978 2.21514 ZINC000023066147_1
5.1592 1.35127 1.35127 1.44531 ZINC000023070350
1.04609 0.809856 0.809856 0.809856 ZINC000023070350_1
3.30714 3.17831 3.17831 3.48201 ZINC000025336397
2.16315 2.94717 1.76578 1.24645 ZINC000025757901n
2.27235 3.0941 3.0941 2.93075 ZINC000026422980n
0.59397 2.92035 2.92035 0.59397 ZINC000026502377
0.55 0.54 0.54 3.19 ZINC000026742018
0 0 0 0 ZINC000026895446
1.18983 1.13864 1.13864 1.09659 ZINC000026898894
0 0 0 0 ZINC000028294478
0.45 0.03 0.03 0.03 ZINC000028873866
0 0 0 0 ZINC000028873866_2
6.0361 2.39006 2.39006 2.42538 ZINC000031819861
1.64012 1.63012 1.63012 1.63012 ZINC000032099445
1.82 0.26 0.26 0.3 ZINC000032182542
1.24876 1.0329 1.0329 0.849541 ZINC000032208683
1.8251 2.90284 2.90284 2.87716 ZINC000032501004
6.26478 2.59048 2.82075 2.85254 ZINC000032629462n
1.34729 2.73363 2.73363 2.69669 ZINC000032650373
1.3213 1.19612 1.19612 1.39355 ZINC000032919481_2
1.87264 1.55386 1.55386 1.68933 ZINC000033374122
3.83434 2.73303 2.73303 2.46959 ZINC000033487145
1.7801 2.38376 2.38376 2.34194 ZINC000033755328
0.86 1.07 1.07 1.05 ZINC000033779816
1.39043 0.314006 0.314006 0.320156 ZINC000033855254_2
4.65922 4.67674 4.67674 4.71017 ZINC000034183726
0.81 0.81 0.81 0.81 ZINC000034235494
3.66281 1.08187 1.08187 1.35765 ZINC000034278388
2.79475 4.4105 4.4105 4.32882 ZINC000034290676_1
0.86267 0.282843 0.282843 0.353553 ZINC000034380900
3.93165 2.29834 2.24939 2.17557 ZINC000034380901
2.86006 2.92441 2.92441 2.9213 ZINC000034407239
0 0 0 0 ZINC000034490455
0 0 0 0 ZINC000034555277
2.42 0.49 0.49 0.5 ZINC000034571268_1
1.32112 0.75966 0.75966 0.881249 ZINC000034618206_1
2.22904 2.67015 2.67015 2.63467 ZINC000034771056
2.67662 2.38975 2.38975 2.437 ZINC000035458091
3.2206 2.19296 2.19296 1.96709 ZINC000035570805
0.395796 1.51453 1.51453 1.49028 ZINC000035570805_1
3.60602 2.22415 2.22415 1.9856 ZINC000035644930
2.55021 2.41445 2.41445 2.41273 ZINC000035644930n
0.05 0.05 0.05 0.05 ZINC000035731136
1.1547 0.946854 0.946854 1.33368 ZINC000035970936
1.03632 2.23725 2.23725 2.30392 ZINC000036140943n
0 0 0 0 ZINC000036222630_1
2.32587 1.97342 1.97342 2.01122 ZINC000036472809
6.52 1.96 1.96 3.03 ZINC000036533315
0.16 0.16 0.16 0.16 ZINC000036722181_1
2.45382 1.28869 1.28869 1.28556 ZINC000037180282
2.25 2.5 2.5 2.49 ZINC000037240057_1
2.86236 2.25146 2.25146 2.47565 ZINC000037408014
0 0 0 0 ZINC000037439210
0.969263 0.238447 0.238447 0.336218 ZINC000037439210n
1.66971 1.22674 1.22674 2.5304 ZINC000037730507
1.09 1.09 1.09 1.09 ZINC000038063705
1.75 1.88 1.88 1.51 ZINC000038124736
2.40146 0.622525 0.622525 0.744619 ZINC000038124736n
0.89 0.23 0.23 2.13 ZINC000038124736n_1
0 0 0 0 ZINC000038391975
10.7834 1.94849 1.94849 1.99958 ZINC000038583212
2.98703 2.43928 2.43928 2.48335 ZINC000039101372
2.81779 1.94704 1.94704 1.96923 ZINC000039113424n_2
4.31795 4.38665 4.38665 4.44093 ZINC000039119147_1
1.13995 1.1378 1.1378 1.10306 ZINC000039148328
2.13 2.13 2.13 2.13 ZINC000039243736
3.27519 0.266177 0.0316228 0.0806226 ZINC000039253580
1.28 0.52 0.52 0.49 ZINC000039254274
5.40161 2.05501 4.60142 4.67736 ZINC000039269407n
6.1929 1.01334 1.01334 1.03154 ZINC000039279376_1
0.362629 1.1046 1.1046 1.09459 ZINC000039339470
1.38294 1.11032 1.11032 1.09093 ZINC000039339470n
0 0 0 0 ZINC000039369942
0.57 0 0 0 ZINC000040448357
1.20948 2.58965 2.58965 2.46067 ZINC000040539044
4.11318 4.90204 4.90204 5.29664 ZINC000041671393
2.58498 2.42887 2.42887 2.41244 ZINC000041701782n
2.89582 4.40711 4.40711 4.17745 ZINC000042783320
4.53234 1.70096 1.70096 1.84045 ZINC000043198885
1.42007 1.65805 1.65805 1.67945 ZINC000043199025
2.359 1.73039 1.73039 1.72264 ZINC000043199025_1
4.34146 0.538516 2.91652 2.5045 ZINC000043761817
2.10503 2.3801 2.3801 2.30293 ZINC000043763293
0 0 0 0 ZINC000044082570
1.93994 0.834549 0.834549 0.840969 ZINC000044082668
0.03 0.27 0.27 0.14 ZINC000044119062
1.39888 1.31731 1.31731 1.23824 ZINC000044138759
5.16789 1.58526 1.58526 1.75411 ZINC000044138759n
3.40047 2.23394 2.23394 2.1826 ZINC000044396420n
0.16 0.16 0.16 0.16 ZINC000044787391_1
2.89025 1.44456 1.44456 1.3156 ZINC000044831084
2.44527 3.04705 3.04705 3.05447 ZINC000045027560
0.308383 2.02722 2.02722 1.93416 ZINC000045028047n
1.72281 1.57584 1.57584 1.51868 ZINC000045238423
2.81256 2.33267 2.33267 2.31944 ZINC000045918651
2.33244 3.40832 3.40832 3.12874 ZINC000047476143
1.04162 1.59507 1.59507 1.38204 ZINC000047476143n
1.3 1.3 1.3 1.3 ZINC000047912995n
1.11543 0.927546 0.927546 0.854511 ZINC000050330894
0.259808 0.363731 0.363731 0.479201 ZINC000052842060
0.38 0.3 0.3 0.25 ZINC000053994765
2.32461 0.130767 0.130767 0.0770281 ZINC000055167591
2.08961 2.71046 2.71046 2.76938 ZINC000057347165
0 0 0 0 ZINC000057352171_1
0.46 0.13 0.13 0.24 ZINC000057382550
2.77273 1.12901 1.12901 1.38511 ZINC000057490024
0.863378 0.662873 0.662873 0.630397 ZINC000057490024n_1
0.5071 0.448581 0.448581 0.448581 ZINC000057490024_S_1
3.19569 3.16503 3.16503 3.15974 ZINC000057935980_1
0 0 0 0 ZINC000059549875_1
0.81 0.81 0.81 0.81 ZINC000059778361
1.36001 0.707825 0.524373 0.0788987 ZINC000060534201
4.60347 3.1223 3.1223 3.1223 ZINC000061916723_1
0 0 0 0 ZINC000062152173
3.42422 0.522398 0.522398 0.706045 ZINC000062716671n
1.82034 1.03006 1.03006 0.922185 ZINC000064542464_1
1.18229 1.66769 1.66769 1.52846 ZINC000064551368
1.45353 0.699357 0.699357 0.645616 ZINC000065504158
0.0667083 0.222036 0.222036 0.166433 ZINC000066091421
0.940452 0.219203 0.219203 0.205061 ZINC000066346333n
0 0 0 0 ZINC000066347747
1.93906 2.39383 2.07984 2.08565 ZINC000067321260_1
0.36 0.79 0.79 0.51 ZINC000067801367
1.99227 1.57862 1.57862 1.62271 ZINC000067802530
2.50707 0.800042 0.800042 0.811973 ZINC000068568666
0 0 0 0 ZINC000068575131
2.31072 1.53828 1.53828 1.52468 ZINC000068575710
2.09733 1.91591 1.91591 1.97263 ZINC000068575710n
0.569678 0.692074 0.692074 0.397786 ZINC000068585096n
0.5892 0.175418 0.175418 0.206709 ZINC000068587490
4.60169 3.12586 3.12586 3.23695 ZINC000068939485n
2.10228 1.27113 1.27113 1.20373 ZINC000069022235
2.66503 3.72074 3.72074 3.73288 ZINC000069512662_1
1.51185 2.99465 2.99465 3.00222 ZINC000069853220
0 0 0 0 ZINC000069853220_1
2.03647 1.13137 1.7112 1.63342 ZINC000070026049
2.51252 1.74212 1.74212 1.66426 ZINC000070588021n
2.45871 1.63183 1.63183 1.59013 ZINC000070632654
0.775706 2.29457 2.29457 2.29764 ZINC000070651956_1
0.62 3.31 3.31 3.84 ZINC000070652606
2.52265 1.7021 1.7021 1.60977 ZINC000070946819
2.64261 0.947338 0.947338 0.966029 ZINC000071024820n
1.79954 2.28404 2.28404 2.20921 ZINC000071773137
2.70313 1.77929 1.77929 1.77198 ZINC000071774179
0.77026 0.822982 0.822982 0.83006 ZINC000071774375
3.5714 1.43894 1.43894 1.49623 ZINC000071785282
5.43636 2.24167 2.24167 2.23475 ZINC000071785887
2.38403 2.62508 2.62508 2.6439 ZINC000071786113
2.8 2.8 2.8 2.8 ZINC000071789018
2.02437 1.33409 1.33409 1.35353 ZINC000071790874
2.51072 1.74164 1.74164 1.97124 ZINC000071790874n
1.27959 1.28291 1.28291 1.33099 ZINC000071790874n_1
1.42697 0.946344 0.946344 0.946661 ZINC000071790930
0.572756 0.572756 0.572756 0.572756 ZINC000071790930_1
3.06894 6.43026 6.43026 5.61033 ZINC000072166870
0.55 0.55 0.55 0.55 ZINC000072187465
0.384326 0.490879 0.416488 0.367032 ZINC000072187569n
2.45673 3.58836 3.58836 3.43599 ZINC000072187607
0.522733 0.765278 0.765278 0.673832 ZINC000072194352
1.86413 2.39147 2.39147 2.31335 ZINC000072207075n
0.15 0.15 0.15 0.15 ZINC000072207083
1.82769 2.03012 2.03012 2.00868 ZINC000072209750
3.24017 1.83643 1.83643 1.77758 ZINC000072217047n
0.602246 1.37348 1.37348 0.973453 ZINC000072218302
1.30772 0.838862 0.838862 0.821255 ZINC000072221648
2.10889 0.398058 0.398058 0.288531 ZINC000072226725n
0.85 1.03 1.03 1.03 ZINC000072266664
1.78 2.14 2.14 0.49 ZINC000072344521_2
2.12567 0.335201 0.335201 0.347908 ZINC000074340288
1.95873 1.11165 1.11165 1.15202 ZINC000074343229n
3.05026 1.64738 1.64738 1.74343 ZINC000075125171
3.366 2.4491 2.4491 2.21108 ZINC000075139672_2
1.92506 2.14356 2.14356 2.56484 ZINC000075271158
1.70423 0.823175 0.823175 0.849456 ZINC000075271158_1
0 0 0 0 ZINC000075545592
2.67 0.32 3.97 4.34 ZINC000075566870
0.07 0.42 0.42 0.07 ZINC000075848010
1.36734 2.1409 2.1409 1.84822 ZINC000076095351
1.1829 1.48007 1.48007 1.52422 ZINC000076644560_2
3.17848 2.06895 2.06895 2.16482 ZINC000077010503
1.96 1.2 1.2 1.08 ZINC000077302714
0.787909 1.23104 1.23104 1.2904 ZINC000078298681
1.77 2.1 2.1 2.13 ZINC000078753390_1
1.13053 0.982344 0.982344 1.87175 ZINC000079108092
0.268701 0.0141421 0.0141421 0.00707107 ZINC000081973484
3.28793 0.239305 0.239305 0.285774 ZINC000082014634_1
5.79183 3.35311 3.35311 3.35238 ZINC000082014634n_1
1.02716 0.750853 0.750853 0.704784 ZINC000082160261
2.4159 1.92208 1.92208 1.96156 ZINC000082164659n
2.79884 1.62664 1.62664 1.55679 ZINC000082297207_1
1.58348 1.67731 1.67731 1.49559 ZINC000082382093
1.14688 0.9797 0.9797 1.03089 ZINC000082382093_1
3.40338 4.07389 4.07389 4.22079 ZINC000082524035
2.09 1.23 1.23 1.25 ZINC000082529551
2.58 2.58 2.58 2.58 ZINC000082754623
2.10922 1.70875 1.70875 1.40816 ZINC000082754623n
1.05071 0.751435 0.751435 0.720037 ZINC000082843389n
1.34 0.08 0.08 0.08 ZINC000082850201
1.63611 1.58232 1.58232 1.58232 ZINC000082852970_2
3.43 0.72 0.72 0.39 ZINC000082854049
1.77008 0.127279 0.127279 0.151162 ZINC000082854049n
1.61784 0.871415 0.871415 0.843397 ZINC000082863074
0 0 0 0 ZINC000082873171
1.65136 1.04243 1.04243 1.1232 ZINC000083119752
1.03238 1.09602 0.954594 0.834386 ZINC000083119813
4.1816 4.30992 4.30992 4.25038 ZINC000083119813n
2.31 0.32 1.76 1.76 ZINC000083143604
0.81 0.54 0.54 0.54 ZINC000083962875_1
2.87164 1.80473 1.80473 1.82715 ZINC000084006867
2.81095 2.25497 2.25497 2.3839 ZINC000084136482
1.02758 0.734688 0.734688 0.739673 ZINC000084136867
1.39223 1.86131 1.86131 1.87189 ZINC000084248954_1
0.772779 0.873363 0.873363 0.85519 ZINC000084312142
5.29352 1.19581 1.19581 1.30611 ZINC000084328152n
3.93348 2.58806 2.58806 2.55 ZINC000084427096n
2.02876 1.45543 1.45543 1.50421 ZINC000084427659n
0.11 0.11 0.11 0.11 ZINC000084427659n_1
3.07376 2.63348 2.63348 2.85124 ZINC000085221591
1.81496 0.981436 0.981436 0.977887 ZINC000085305378
1.46398 0.556821 0.556821 0.361179 ZINC000085385949
1.80384 3.75092 3.75092 3.75909 ZINC000085396530
0.06 0.18 0.18 0.17 ZINC000085399318_1
0.52 1.50507 1.50507 1.52315 ZINC000085432594_1
0.14 3.55 3.55 3.63 ZINC000086258441_2
0.789582 0.374967 0.374967 0.419214 ZINC000086552749
2.03938 1.74667 1.74667 1.71212 ZINC000086928398
7.65 1.62 1.62 3.12 ZINC000087493377
0.417193 2.75485 2.75485 2.67675 ZINC000088038280
2.40126 0.144222 0.144222 0.205061 ZINC000088190282
4.58171 2.57981 2.57981 2.56776 ZINC000088611474
2.20597 2.42039 2.42039 2.41623 ZINC000088832258
0 0 0 0 ZINC000089224378
2.12428 1.94699 1.94699 1.99829 ZINC000090225739n
1.97622 2.20721 2.20721 2.28305 ZINC000090394393n
0.44 1.75 1.75 2.4 ZINC000090397518n
1.69101 1.71924 1.71924 1.77689 ZINC000091305407n
2.06 0.02 0.02 0.09 ZINC000091368638
3.00574 1.36655 1.36655 1.3406 ZINC000091368638n
2.19637 2.17136 2.17136 2.21258 ZINC000091692747n
4.38382 2.29448 2.21165 2.20436 ZINC000095097405
1.33698 1.35788 1.35788 1.3226 ZINC000095097605n
1.01003 2.4262 2.4262 2.43712 ZINC000095496188_1
1.81839 0.84423 0.84423 1.15391 ZINC000095496188_2
4.27364 2.50998 2.50998 2.59736 ZINC000095496188_3
5.79843 3.86954 3.86954 3.84774 ZINC000095496188n
2.63 0.67 0.67 0.64 ZINC000095611857_1
2.96651 2.40406 2.40406 2.27178 ZINC000095630518
0 0 0 0 ZINC000095642801
0.431092 0.431092 0.431092 0.431092 ZINC000095642801n
1.3 0.06 0.06 0.05 ZINC000095704697
2.95571 2.40854 2.40854 2.29061 ZINC000095707968
0.88 0.63 0.63 0.57 ZINC000095707968_1
2.31 0.27 0.27 0.58 ZINC000095742647n
2.97352 2.35482 2.35482 2.3649 ZINC000096027941
1.86 1.29 1.29 1.31 ZINC000096028449
1.5572 1.08513 1.08513 1.08243 ZINC000096034703n
5.55236 3.7162 3.7162 3.73264 ZINC000096076997_1
0 0 0 0 ZINC000096508949
1.28243 0.977782 0.977782 1.00079 ZINC000096509569
0.29 0.29 0.29 0.29 ZINC000096509814_1
2.47695 1.04863 1.04863 0.989457 ZINC000096509858
0 0 0 0 ZINC000098074346_1
2.67157 2.1814 2.1814 2.03036 ZINC000098086437
3.98255 6.77413 6.77413 6.71382 ZINC000098095701
7.76 3.72 3.72 3.12 ZINC000098175197n
0.58 0.08 0.08 0.44 ZINC000098209721
0 0 0 0 ZINC000098209721_1
1.26125 0.294007 0.294007 0.257915 ZINC000098209803
0.662212 0.341431 0.341431 0.3746 ZINC000098210295
0.0714143 0.342977 0.342977 0.353695 ZINC000098211098_1
1.08 0.25 0.25 0.29 ZINC000098213460
5.28 1.91 1.91 2.87 ZINC000100017698
4.79 4.79 4.79 4.79 ZINC000100024675n_2
2.83969 0.541503 1.47226 1.77511 ZINC000100028601
2.81713 3.42286 3.42286 3.19348 ZINC000100068718
7.17 5.77 5.77 6.66 ZINC000100116164
0.4 0.79 0.79 0.45 ZINC000100269068
0.601082 1.33765 1.33765 1.40757 ZINC000100294673n
6.75 0.65 0.3 0.29 ZINC000100740740
3.55 3.55 3.55 3.55 ZINC000101036545
0.0291548 0.0291548 0.0291548 0.01 ZINC000101315751n
3.37 2.08 2.08 3.33 ZINC000101528567
1.93971 1.98848 1.98848 2.04575 ZINC000104105974
0.73 0.31 0.31 0.52 ZINC000104506070
1.10722 1.60563 1.60563 1.60026 ZINC000107120543n_1
4.63251 2.75544 2.75544 2.73909 ZINC000107121073n
0 0 0 0 ZINC000107256565
3.70303 1.32357 1.32357 1.40858 ZINC000107275006_1
0 0 0 0 ZINC000107277083
3.05738 2.18179 2.18179 2.04423 ZINC000107415772n
0.127279 0.127279 0.127279 0.127279 ZINC000108264175_1
3.42703 3.41915 3.41915 3.40404 ZINC000108291988n_1
2.52857 1.89848 1.89848 1.89848 ZINC000113897606n
6.19 1.47 1.47 1.55 ZINC000114969901
0.187883 0.283813 0.283813 0.294406 ZINC000115416606
0 0 0 0 ZINC000115999507
0.02 0.02 0.02 0.02 ZINC000116336391n
2.55366 1.83039 1.83039 1.9122 ZINC000116666992
0.47 0.05 0.05 0.05 ZINC000116666992_1
2.83093 1.46089 1.46089 2.21801 ZINC000117538082n
0.91308 0.482257 0.482257 0.484326 ZINC000129454406
0.844251 0.623677 0.623677 0.681498 ZINC000129454406n
1.26928 0.296057 0.296057 0.20199 ZINC000129511187
2.55286 3.06036 3.06036 3.04008 ZINC000133452480_1
3.20368 3.26571 3.26571 2.89176 ZINC000134682048
4.2697 3.96629 3.96629 3.96629 ZINC000138936765_1
2.01 0.07 0.07 0.08 ZINC000142115061
1.85946 0.813416 0.556569 0.466204 ZINC000142747837
2.57562 1.17652 1.17652 1.20154 ZINC000142834635
7.66898 3.25756 3.25756 3.20012 ZINC000143190822
1.68673 5.95228 5.95228 5.93889 ZINC000144525278
0.569386 0.181108 0.181108 0.291204 ZINC000146516494
1.09052 1.441 1.441 1.46216 ZINC000146653324
3.37101 2.2882 2.2882 2.34468 ZINC000146653324n
0.5 0.1 0.1 0.21 ZINC000146884723
3.7 0.17 0.17 0.03 ZINC000148931276n
3.37949 3.02078 3.02078 2.97309 ZINC000149842689
6.51565 4.02105 4.02105 3.98892 ZINC000159711379
2.08086 2.0816 2.0816 2.0816 ZINC000161025364
4.70657 1.70204 1.70204 1.52522 ZINC000162265548
3.72832 3.92522 3.92522 3.70015 ZINC000169269125
1.80013 0.412189 0.412189 0.251562 ZINC000169793051
1.61609 1.0468 1.0468 1.05128 ZINC000169798718
2.00818 2.03647 2.03647 0.841457 ZINC000169801813
0.790738 1.70618 1.70618 1.69975 ZINC000170620388
0.26 0.53 0.53 0.52 ZINC000172999540
4.16108 1.39969 1.39969 1.3287 ZINC000192634351n_1
3.07721 2.18088 2.18088 0.811443 ZINC000199778862
0.948815 0.848204 0.848204 0.687204 ZINC000200693560n
0.991419 1.27944 1.27944 2.08463 ZINC000204957972
0.261852 0.457275 0.457275 0.451516 ZINC000204993205
0.657704 0.77099 0.77099 0.758782 ZINC000205331240_1
5.5 0.87 0.87 0.93 ZINC000205392892
1.24776 1.47733 1.47733 1.37559 ZINC000205684851
1.0494 0.901302 0.901302 1.12262 ZINC000211404173
0.823031 0.756056 0.756056 0.559464 ZINC000211577168
2.24867 2.05094 2.05094 2.17363 ZINC000211577168n
0.44578 0.54207 0.54207 0.440068 ZINC000217471846
0 0 0 0 ZINC000217640949
2.14 0.98 0.98 0.98 ZINC000217677017
6.85748 1.89429 1.89429 1.90252 ZINC000217735676
3.15171 1.26129 1.26129 1.25431 ZINC000217735676_1
1.96484 1.59688 1.59688 1.56661 ZINC000217753978
1.55177 1.9581 1.9581 1.95922 ZINC000218264002
8.04264 1.00443 1.00443 1.3423 ZINC000218696287
0.42 0.42 0.42 0.42 ZINC000218696287_1
1.82837 2.4075 2.4075 2.39261 ZINC000218775522
3.27699 3.30266 3.30266 3.29453 ZINC000218775522n
7.03017 2.80398 2.80398 2.87203 ZINC000218849955
0 1.21 1.21 1.22 ZINC000219308735_2
4.38023 1.81902 1.81902 2.23796 ZINC000221683085
1.72282 1.06565 1.06565 1.06246 ZINC000222830259
1.22061 1.12021 1.12021 1.19075 ZINC000223780879
3.83904 4.07189 4.07189 4.01446 ZINC000225603590
0.09 0.17 0.17 0.17 ZINC000225603590_1
0.1 0.62 0.62 0.61 ZINC000225605614
2.89835 3.02914 3.02914 2.94746 ZINC000225711473_1
3.62321 0.876727 0.876727 0.727083 ZINC000225762071
5.73766 4.72037 4.72037 5.33343 ZINC000225762849n
2.11114 0.958697 0.958697 0.910118 ZINC000225796079
2.35663 2.36276 2.36276 2.3589 ZINC000225800418
2.47545 1.36125 1.36125 1.33254 ZINC000225803300n
1.35677 0.132791 0.132791 0.069282 ZINC000236417523
0.657609 8.11408 8.11408 8.10002 ZINC000238007895_1
2.71 1.26 1.26 1.39 ZINC000238061978
1.40374 1.58347 1.58347 1.58988 ZINC000238327776n
2.77653 0.433021 0.433021 0.516195 ZINC000238634592
4.32607 0.810463 0.810463 0.831525 ZINC000238650504
2.21 0.23 0.23 0.53 ZINC000238720264
0.592547 0.235345 0.235345 0.29858 ZINC000238854917
3.41253 3.16438 3.16438 3.87698 ZINC000238855850
1.01668 1.12073 1.12073 1.9979 ZINC000238855850_1
2.7 0.1 0.1 0.17 ZINC000242688660
0.611174 1.96571 1.96571 0.5526 ZINC000245197901
3.60566 3.12297 3.12297 2.79941 ZINC000245226177
3.19891 2.6875 2.6875 2.69143 ZINC000247540611_1
0.91 1.01 1.01 1.04 ZINC000247703159
0.19 0.01 0.01 0.01 ZINC000252613948
0.635977 0.636527 0.636527 0.645084 ZINC000252858916_1
1.04 1.19 1.19 1.19 ZINC000253536217
2.83011 2.06533 2.06533 2.20454 ZINC000253571556
2.87281 2.2663 2.2663 2.2655 ZINC000255004105
1.87253 2.43607 2.43607 2.46316 ZINC000256050440
1.37929 1.451 1.451 1.44859 ZINC000257178479
2.1363 2.3023 2.3023 2.3023 ZINC000257178479n
2.95902 1.74425 1.74425 1.38463 ZINC000257198246n
3.45078 2.06511 2.06511 1.97084 ZINC000257204204
3.55584 3.1669 3.1669 3.24787 ZINC000257280973
3.54793 3.97397 3.97397 3.99927 ZINC000257300663n
0.54539 0.54539 0.54539 0.54539 ZINC000257303349_1
0 0 0 0 ZINC000257319378_1
1.31729 0.809197 0.809197 0.82117 ZINC000257832977n
2.36 2.8 2.8 2.81 ZINC000258004811
0.25 0.25 0.25 0.25 ZINC000258119260_1
0.812927 1.16752 1.16752 1.15434 ZINC000261506806
4.07497 4.09071 4.09071 4.0899 ZINC000261828108
2.07 0.6 0.6 0.51 ZINC000264762524_1
2.37308 1.19937 1.19937 1.23354 ZINC000270195797
0.518001 0.518001 0.518001 0.518001 ZINC000270195797_1
0.572305 0.519583 0.519583 0.478435 ZINC000272197666
3.11538 1.96415 1.96415 2.01714 ZINC000274729073_1
0 0 0 0 ZINC000277331664_1
3.20205 1.3297 1.3297 1.21454 ZINC000280592813_1
0.33 0.26 0.26 0.1 ZINC000284846973_1
3.50637 3.23661 3.23661 3.23043 ZINC000287678803_1
2.44705 2.20919 2.20919 2.24758 ZINC000294953765_1
2.40606 2.44327 2.44327 2.44327 ZINC000298772249_2
4.08609 2.56464 2.56464 2.6026 ZINC000299805293
1.92 1.46 1.46 1.48 ZINC000306141493_2
3.00915 1.12954 1.12954 0.92254 ZINC000306145937
2.41596 1.14481 1.14481 1.12079 ZINC000306153083
3.14706 1.72401 1.72401 1.8507 ZINC000306239711
4.51875 2.75954 2.75954 2.67009 ZINC000306400062
0.2 0.11 0.11 0.06 ZINC000306526315_2
1.08642 0.972034 0.972034 0.939734 ZINC000306634373
1.80434 1.34921 1.34921 1.40906 ZINC000306660947_1
2.31217 1.97997 1.97997 1.99083 ZINC000306693302
6.00753 3.62808 3.62808 3.31245 ZINC000306741534
1.04406 1.95047 1.95047 1.4997 ZINC000306741534_1
3.42773 3.27863 3.27863 3.27456 ZINC000306762107
5.69671 4.42978 4.42978 4.34508 ZINC000306780205
2.79343 2.3274 2.3274 2.27926 ZINC000306918522n
0.23 0.29 0.29 0.29 ZINC000307015894
0.617765 0.0057735 0.0057735 0.80829 ZINC000307137915
2.39874 2.47621 2.47621 2.47621 ZINC000307160738
2.23456 2.41443 2.41443 2.61118 ZINC000307192337
2.61417 2.20511 2.20511 2.36273 ZINC000307362067
3.37797 2.55702 2.55702 2.49221 ZINC000307479893_2
1.0589 0.997631 0.997631 1.04504 ZINC000307580839
3.21026 3.21026 3.21026 3.21026 ZINC000307580839_2
1.56 1.93 1.93 1.77 ZINC000307580839n_2
1.85591 2.28936 2.28936 2.2545 ZINC000307613969
2.86017 1.93884 1.74812 1.74784 ZINC000307613969n
1.78775 1.00117 1.00117 1.00117 ZINC000307677377
2.16832 1.1009 1.1009 1.09233 ZINC000307727016
3.56019 3.26194 3.26194 3.2857 ZINC000310527293_1
4.53869 3.28867 3.28867 3.29782 ZINC000328604392_1
1.42847 3.54291 3.54291 3.6051 ZINC000329147912
0.269258 0.269258 0.269258 0.269258 ZINC000329788101_1
2.09357 1.99643 1.99643 2.1452 ZINC000333664623
0 0 0 0 ZINC000333730288_1
3.18089 4.44525 4.04461 4.13086 ZINC000334156958_1
4.00316 1.95869 1.95869 1.15258 ZINC000334157412
1.04438 0.828686 0.828686 0.897285 ZINC000334195160_1
1.74773 1.48501 1.48501 1.4775 ZINC000334205181_1
1.42 1.42 1.42 1.42 ZINC000334611015_1
2.95976 1.96229 1.96229 1.97215 ZINC000334695301_1
1.22 0.36 0.36 0.29 ZINC000334728356_1
7.27554 4.24881 4.24881 4.24833 ZINC000335428347_1
3.38302 3.38302 4.69253 4.95817 ZINC000335583022_1
2.10213 1.46677 1.46677 1.46333 ZINC000335610283n_1
0.193735 0.43147 0.43147 0.320728 ZINC000335974015
2.59819 0.40303 0.40303 0.462745 ZINC000336031612_2
0.272499 1.36271 1.36271 1.54228 ZINC000336119607_1
3.42319 1.2215 1.2215 1.26689 ZINC000357685471n_1
4.02309 1.85312 1.85312 1.86581 ZINC000357701784n_1
2.67679 2.51943 2.51943 2.83829 ZINC000359423569
5.18879 4.61339 4.61339 4.66257 ZINC000359708089_1
2.01476 1.64014 1.64014 1.64794 ZINC000390822805
4.24725 3.16802 3.16802 3.1135 ZINC000398900501_1
3.22602 2.97067 2.97067 2.95312 ZINC000404804913
2.26698 2.33539 2.33539 2.33539 ZINC000409419094
2.55942 2.55942 2.55942 2.55942 ZINC000409426569
1.81 0.1 0.1 0.1 ZINC000409428650
1.25246 0.837466 0.837466 0.834905 ZINC000409429719_1
0.68627 1.28578 1.28578 1.27997 ZINC000409430733
3.09667 1.83784 1.83784 1.86131 ZINC000409432792
0.997229 3.7427 3.7427 3.74167 ZINC000409436578_2
1.83831 1.93131 1.93131 1.92514 ZINC000409436745n
0 0 0 0 ZINC000409437169_1
0.713349 0.642106 0.642106 0.64221 ZINC000409437367
0.932998 1.93464 1.93464 1.95926 ZINC000409437748
0.337713 0.384708 0.0452769 0.0474342 ZINC000409440930
1.39096 0.707618 1.2113 1.07973 ZINC000414168612
3.97114 2.22058 2.22058 2.22116 ZINC000420254693n_1
5.00857 1.29049 1.29049 1.24579 ZINC000425228381
3.41082 2.29484 2.29484 2.33384 ZINC000425228381n
5.72401 1.53911 1.53911 1.54473 ZINC000440560791_1
1.29 0.88 0.88 0.86 ZINC000496607366_1
0.05 0.05 0.05 0.05 ZINC000496607366_1_2
3.32326 1.08764 1.08764 1.13158 ZINC000521398286
2.52474 1.31304 1.31304 1.31664 ZINC000536555952_1
0.76844 0.76844 0.76844 0.76844 ZINC000575624118_1
0.28 0.44 0.44 0.34 ZINC000575624158
1.73542 0.202546 0.202546 0.699786 ZINC000575628976
1.11033 1.71535 1.71535 1.73871 ZINC000584787969n_1
0.05 1.01 1.01 0.7 ZINC000585138847n
2.23217 2.11867 2.11867 2.05872 ZINC000585139440n
2.91489 0.236784 0.236784 0.277609 ZINC000585144046
1.06891 1.35531 1.35531 1.35615 ZINC000585144046_1
1.25865 1.30815 0.487904 0.46669 ZINC000588225583
1.50171 0.607248 0.607248 0.607248 ZINC000594662464
2.96828 1.90206 1.90206 2.1484 ZINC000596133925
3.30057 1.37098 1.37098 1.43921 ZINC000596133925_1
5.04311 1.0619 1.0619 1.17938 ZINC000596133925_2
2.67513 2.35555 2.35555 2.31201 ZINC000601014836n
4.84442 2.33311 9.27517 8.98971 ZINC000602993625n
0.46 0 0 0 ZINC000616575784
1.42097 2.14146 2.14146 1.51559 ZINC000618254154_1
2.92998 4.42119 4.42119 4.42949 ZINC000623243252
2.13885 1.84214 1.84214 1.81197 ZINC000623243252n
3.77643 2.03771 2.03771 2.07099 ZINC000624057466_1
2.24776 1.07093 1.07093 1.21916 ZINC000628371854
0.0848528 0.0848528 0.0848528 0.0848528 ZINC000630051514_1
0.789984 0.823597 0.823597 0.796939 ZINC000634583444
1.37906 1.27769 1.27769 1.30911 ZINC000634623204
2.48746 2.3197 2.3197 2.35313 ZINC000641602996
1.97255 1.76199 1.76199 1.79635 ZINC000641702143
1.96645 2.93337 2.93337 2.94714 ZINC000646628959
0.28 3.82 3.82 3.71 ZINC000647843470
2.58412 1.27253 1.27253 1.23091 ZINC000647870968_1
1.1506 0.73271 0.73271 0.730567 ZINC000649443256n
1.48123 1.49639 1.49639 1.22502 ZINC000650146167
1.23474 1.96324 1.96324 1.74086 ZINC000656400991
0.59 0.59 0.59 0.59 ZINC000656471822_1
0.42 0.15 0.15 0.17 ZINC000657011431
0.402492 0.221923 0.221923 0.148661 ZINC000660579376_1
2.94083 2.18978 2.18978 2.39747 ZINC000663622744_1
3.02988 3.61571 3.61571 3.64937 ZINC000665722552_1
6.19784 3.66195 3.66195 3.77078 ZINC000669372627n
0.616604 0.49684 0.49684 0.501049 ZINC000669374486
1.59635 1.15414 1.15414 1.18559 ZINC000677486681_1
4.21551 2.68202 2.68202 2.66179 ZINC000678468880_1
0.76 0.76 0.76 0.76 ZINC000685937492
2.12731 0.879673 0.879673 0.891866 ZINC000685938119
0.5 0.68 0.68 0.77 ZINC000685938364
0.63 0.03 0.03 0.24 ZINC000685938364_1
1.88815 4.95145 4.95145 4.97354 ZINC000685939199
2.52222 1.30125 1.30125 1.31225 ZINC000685944133n
2.5 0.3 0.3 0.28 ZINC000685944682
1.56608 2.51648 2.51648 2.53487 ZINC000685944721
2.9196 3.02547 3.02547 3.07199 ZINC000711921440_1
0 0 0 0 ZINC000712252383_2
8.05 1.68 1.68 2.41 ZINC000725244717
2.1 0.36 0.36 0.35 ZINC000725272374n
2.53541 2.93251 2.93251 2.93358 ZINC000725361122n
4.01143 2.78669 2.78669 2.66367 ZINC000736809422n
0.802309 0.826831 0.826831 0.789589 ZINC000739207475n
2.5515 2.93881 2.93881 3.00992 ZINC000757213235_1
3.91144 2.14456 2.14456 2.16616 ZINC000757213235n_1
2.76061 2.74747 2.74747 2.68597 ZINC000757213653_2
1.97184 0.733294 0.733294 0.724776 ZINC000757213724_2
4.94 4.38 4.38 4.47 ZINC000757213845_2
4.68273 5.89042 5.89042 5.15117 ZINC000757215738_2
6.38565 2.16514 1.49402 0.943663 ZINC000767478079
0.889981 0 0 0.653197 ZINC000773145501
1.73094 1.60161 1.60161 1.55231 ZINC000799123402_1
4.19778 5.1284 5.1284 4.97539 ZINC000832070040n
1.58 0.05 0.05 0.21 ZINC000849918009
2.13714 0.757136 0.757136 0.7534 ZINC000864368537
1.07336 0.639036 0.639036 0.674512 ZINC000866117130_1
1.62875 2.26321 2.26321 2.26017 ZINC000871958970_1
0.666408 1.43785 1.43785 1.10766 ZINC000884561238
1.15207 0.620705 0.620705 0.612617 ZINC000895249962_1
0.57 0.306349 0.306349 0.288531 ZINC000895956485_2
4.39813 2.53163 2.53163 2.53355 ZINC000896333858_1
3.82283 3.75241 3.75241 3.72316 ZINC000896338174_1
0 0 0 0 ZINC000899320368_2
2.79307 2.91329 2.91329 2.91331 ZINC000899322873_1
1.01732 1.49081 1.49081 1.53745 ZINC000899322873n_1
4.17655 4.24397 4.24397 4.0449 ZINC000900453192_1
0 0 0 0 ZINC000906176945_2
0.710141 2.1997 2.1997 2.1997 ZINC000906205602_2
1.88323 4.01955 4.01955 4.09789 ZINC000920153414
4.57918 1.93614 1.93614 2.00929 ZINC000931523329
0.22 0.61 0.61 0.58 ZINC000931678245_1
1.86708 1.70954 1.70954 1.66404 ZINC000932838760
1.57231 1.18121 1.18121 1.17437 ZINC001120852010
4.11962 2.51795 2.51795 2.51676 ZINC001120860874_1
1.70357 1.21142 1.21142 1.22268 ZINC001121897655
1.14 0.4 0.4 0.4 ZINC001156816117
0.314484 0.146202 0.146202 0.160779 ZINC001157449731
3.58429 2.15699 2.15699 2.20657 ZINC001157731948_1
6.38265 2.2736 2.2736 2.20489 ZINC001157745159n_1
5.65638 3.68802 3.68802 3.65348 ZINC001158699060_1
2.92569 2.30426 2.30426 2.305 ZINC001159103094_1
0.563028 0.388137 0.388137 0.388137 ZINC001160878230_1
0.138804 0.155134 0.155134 0.155134 ZINC001161700339
4.10323 0.934749 0.934749 1.15949 ZINC001163219742n
3.54169 3.58089 2.97428 2.99145 ZINC001164275931
1.82544 1.98207 1.98207 1.99417 ZINC001164275931_2
3.47028 0.928816 0.928816 0.87647 ZINC001165294459_1
4.66147 0.974714 0.974714 0.987944 ZINC001165314341_1
3.66361 1.6475 1.6475 1.54283 ZINC001165325546n_1
2.84009 2.17123 2.17123 2.27979 ZINC001165325546n_1_1
5.14364 3.1544 3.1544 4.11921 ZINC001165380822n_1
5.00106 3.05373 3.05373 3.10043 ZINC001166932686_1
3.19977 2.95571 2.95571 2.83016 ZINC001167185324_1
2.22905 3.03301 3.03301 3.03301 ZINC001169124206_1
2.54229 1.05651 1.05651 1.0502 ZINC001170147166_1
1.16664 0.680559 0.680559 0.694147 ZINC001172296233_1
8.11223 2.99845 2.99845 1.70109 ZINC001173996627
0 0 0 0 ZINC001173999554_1
2.7402 4.1306 4.1306 4.85512 ZINC001174277778
0.428097 0.623057 0.623057 0.598721 ZINC001174792103
5.12 2.2 2.2 2.13 ZINC001174792103_1
1.05019 1.45748 1.45748 1.45221 ZINC001176401833
0.747953 0.685237 0.735085 0.677163 ZINC001201326673
0.46 0.46 0.46 0.46 ZINC001204918113
1.55489 1.12318 1.12318 1.06541 ZINC001210450279
0.32 0.32 0.32 0.32 ZINC001210450279_1
2.42506 5.46739 0.210119 0.0259808 ZINC001211253607
1.08187 1.01116 1.01116 1.04652 ZINC001217727675_2
1.76375 1.69401 1.69401 1.68199 ZINC001217727675n_2
1.8724 1.73183 1.73183 1.70548 ZINC001217736742n_2
2.24153 2.22739 2.22739 2.22739 ZINC001222701454
2.81 2.81 2.81 2.81 ZINC001236357506_2
2.9845 0.526145 0.526145 0.524282 ZINC001236360606
3.37127 2.03176 2.03176 2.03459 ZINC001236366799
1.70977 1.48656 1.48656 1.54546 ZINC001239317829n
4.84105 4.27729 4.27729 4.25632 ZINC001239318796
2.24566 1.36197 1.36197 1.42428 ZINC001239331275
1.32306 0.79511 0.79511 0.864696 ZINC001239465882_2
0 0 0 0 ZINC001239690345_1
2.78632 0.134164 0.134164 1.02618 ZINC001239785008n
0.549509 0.514509 0.514509 0.514937 ZINC001240125879
0.67 0.09 0.09 0.2 ZINC001240828115n
1.15 0.65 0.65 0.61 ZINC001241540889
2.1409 0.841457 0.841457 0.869741 ZINC001241564972_2
0 0 0 0 ZINC001242013084_1
0.438406 0.505223 0.505223 0.503835 ZINC001242075130
4.3175 0.727513 3.1625 0.98251 ZINC001242459244
1.69594 0.316386 0.316386 0.386497 ZINC001242460667
1.25 0.32 0.32 0.39 ZINC001242602055
0.941977 0.333077 0.333077 0.178157 ZINC001242757916
1.06538 1.10009 1.10009 1.07149 ZINC001242758505
1.76 1.75 1.75 1.69 ZINC001242894460_1
5.96 1.13 1.13 1.08 ZINC001242897054
0.361386 0.0353553 0.0353553 0.169706 ZINC001243061568
0.503322 0.819837 1.37746 1.69947 ZINC001243108999n
0 0 0 0 ZINC001243111516
0 0.05 0.05 0.07 ZINC001243674859_2
0.54 0.54 0.54 0.54 ZINC001243675434_2
0.580904 0.671863 0.671863 0.671863 ZINC001243947093_2
2.43245 2.43245 2.43245 2.43245 ZINC001245208011_1
0 0 0 0 ZINC001245895341_1
3.67772 3.67772 3.67772 3.67772 ZINC001246259560_1
0.719722 1.08026 1.08026 1.08214 ZINC001246524526_1
2.93786 3.9793 3.9793 4.00783 ZINC001246550775n
0.0244949 0.212289 0.212289 0.228619 ZINC001246550775n_1
1.7947 2.53401 2.53401 2.42178 ZINC001246550775n_2
0.399124 0.498899 0.498899 0.460869 ZINC001246550775n_3
1.29259 0.299082 0.299082 0.284253 ZINC001246550775n_4
2.52019 8.27314 8.27314 8.1403 ZINC001246550775n_5
2.22888 2.92285 2.92285 2.81681 ZINC001246569894_1
2.94109 3.03169 3.03169 2.84377 ZINC001246605739_1
2.18945 3.67244 3.67244 3.68124 ZINC001246620865_1
2.59 0.34 0.34 0.34 ZINC001246841220_1
4.06265 3.01856 3.01856 3.02584 ZINC001246961565_1
2.72 1.24 1.24 1.5 ZINC001246991001_1
0.793998 1.64018 1.64018 1.642 ZINC001246991001n_1
1.56651 1.93138 1.93138 1.93396 ZINC001246991472_1
0.31 2.89 2.89 2.89 ZINC001250032854
0.652579 0.71536 0.71536 0.71536 ZINC001250487441
0 0 0 0 ZINC001250524155_1
2.32102 2.05818 2.05818 2.00861 ZINC001250570624
0.35 0.27 0.27 0.26 ZINC001250875004n_1
3.06 1.44 1.44 0.98 ZINC001250919891
1.32 1.01 1.01 0.2 ZINC001253387814
1.31953 1.02535 1.02535 1.04241 ZINC001253396614_2
2.15188 2.14244 2.14244 2.08468 ZINC001253402246_2
0.03 1.2 1.2 1.2 ZINC001253421002
0.15 0.15 0.15 0.15 ZINC001253477613_2
4.228 2.35256 2.35256 2.2844 ZINC001254225042_1
0.970702 3.25215 3.25215 3.28052 ZINC001254867202n
1.35604 2.00851 2.00851 2.04345 ZINC001255019831_1
1.0584 1.81159 1.81159 1.80695 ZINC001255283034_1
1.52629 1.48496 1.48496 1.48994 ZINC001255289996
3.76038 1.92349 1.92349 1.89123 ZINC001255429782_1
2.21689 2.05069 2.05069 2.15772 ZINC001255546774_1
2.77129 1.13392 1.13392 1.14143 ZINC001255550175_1
2.1065 2.18434 2.18434 2.19211 ZINC001257088967_1
5.29952 5.51131 5.51131 5.61375 ZINC001257459468_1
3.09122 0.515606 0.515606 0.470956 ZINC001257459468n_1
0.94262 0.456399 0.456399 0.5004 ZINC001258161803_1
3.59664 1.94972 1.94972 2.82034 ZINC001262671361
4.87559 2.00468 2.00468 2.07846 ZINC001262671965_1
4.32529 1.52899 1.52899 1.05038 ZINC001274023484n_1
0.729178 1.79324 1.79324 1.81232 ZINC001277921912_1
10.6076 2.89817 2.89817 2.90226 ZINC001278091420
3.15445 0.942444 0.709096 0.857759 ZINC001329590631
1.20856 0.878336 0.878336 0.765555 ZINC001332479305
2.65869 3.74434 3.74434 3.80586 ZINC001336398509_1
2.3674 1.53263 1.53263 1.52608 ZINC001336425002_1
0 0 0 0 ZINC001336909342
0.702187 0.163299 0.163299 0.220454 ZINC001337073713
1.20208 0.537075 0.537075 0.796492 ZINC001337073713_1
1.46147 1.36729 1.36729 1.33075 ZINC001339791928n
0.11 0.11 0.11 0.11 ZINC001339791928n_1
1.73948 1.57881 1.57881 1.50145 ZINC001350087619
2.18 0.691665 0.691665 0.677225 ZINC001354028531_1
3.56107 1.56354 1.56354 1.57496 ZINC001503350576
2.05535 4.43592 4.43592 4.22803 ZINC001503350576_1
0.35 3.13 3.13 3.13 ZINC001503350576_2
