#QM Initial Optimized Reoptimized Retrained Bonded_term Compound
1.96793	2.11059	1.70086	1.70086	1.71613 i_c18_c5_n19_h30 ZINC000000036303
0.491243	0.519998	0.422049	0.422049	0.428755 i_c18_c5_n19_h30 ZINC000000036303
-2.18562e-05	0	0	0	0 i_c18_c5_n19_h30 ZINC000000036303
0.488179	0.48929	0.434377	0.434377	0.430425 i_c18_c5_n19_h30 ZINC000000036303
1.95723	1.89392	1.73306	1.73306	1.72752 i_c18_c5_n19_h30 ZINC000000036303
1.99455	1.12017	1.70143	1.70143	1.69856 i_c5_n12_n6_s4 ZINC000000088101
1.1322	0.598086	1.00133	1.00133	0.999015 i_c5_n12_n6_s4 ZINC000000088101
0.000155259	0	0	0	0 i_c5_n12_n6_s4 ZINC000000088101
1.19799	0.690355	1.23319	1.23319	1.236 i_c5_n12_n6_s4 ZINC000000088101
1.95694	1.09275	2.02667	2.02667	2.03019 i_c5_n12_n6_s4 ZINC000000088101
2.76044	3.30317	2.42494	2.42494	2.2731 i_n1_h19_h18_n2 ZINC000000127402
0.784513	0.904736	0.732757	0.732757	0.705131 i_n1_h19_h18_n2 ZINC000000127402
0.000155597	0	0	0	0 i_n1_h19_h18_n2 ZINC000000127402
0.885585	0.946789	0.812033	0.812033	0.788818 i_n1_h19_h18_n2 ZINC000000127402
3.54639	3.65222	3.17798	3.17798	3.1111 i_n1_h19_h18_n2 ZINC000000127402
2.06361	1.33514	2.01905	2.0137	2.01752 i_c14_n16_n15_s13 ZINC000000152023_1
0.532646	0.330983	0.499151	0.500126	0.50303 i_c14_n16_n15_s13 ZINC000000152023_1
3.97847e-06	0	0	0	0 i_c14_n16_n15_s13 ZINC000000152023_1
0.588011	0.347937	0.512833	0.51073	0.50888 i_c14_n16_n15_s13 ZINC000000152023_1
2.43176	1.39378	2.09348	2.07476	2.0727 i_c14_n16_n15_s13 ZINC000000152023_1
2.16033	1.37127	1.92597	1.97421	1.97371 i_c9_c01_n8_o16 ZINC000000155839_1
0.542939	0.344674	0.482721	0.495061	0.494685 i_c9_c01_n8_o16 ZINC000000155839_1
1.16089e-05	0	0	0	0 i_c9_c01_n8_o16 ZINC000000155839_1
0.546926	0.352651	0.485347	0.495969	0.496245 i_c9_c01_n8_o16 ZINC000000155839_1
2.16595	1.42673	1.94833	1.9918	1.99286 i_c9_c01_n8_o16 ZINC000000155839_1
1.96191	1.73041	1.75069	1.79312	1.76667 i_c8_c7_n10_o9 ZINC000000225683_1
0.490527	0.429339	0.436951	0.44767	0.441061 i_c8_c7_n10_o9 ZINC000000225683_1
4.99372e-05	0	0	0	0 i_c8_c7_n10_o9 ZINC000000225683_1
0.494546	0.430698	0.441738	0.452983	0.446407 i_c8_c7_n10_o9 ZINC000000225683_1
1.99297	1.73784	1.78563	1.83212	1.80602 i_c8_c7_n10_o9 ZINC000000225683_1
1.7447	2.51595	1.56487	1.80549	1.76857 i_c7_n8_n6_s11 ZINC000000273273
0.407447	0.619952	0.376287	0.436936	0.425524 i_c7_n8_n6_s11 ZINC000000273273
-7.07016e-05	0	0	0	0 i_c7_n8_n6_s11 ZINC000000273273
0.405354	0.500011	0.377147	0.427723	0.424504 i_c7_n8_n6_s11 ZINC000000273273
1.74275	2.02089	1.58182	1.7861	1.76729 i_c7_n8_n6_s11 ZINC000000273273
2.0762	0.880441	2.06436	2.06436	2.06693 i_c14_c2_c13_o15 ZINC000000294631_1
0.518954	0.212069	0.441692	0.441692	0.443128 i_c14_c2_c13_o15 ZINC000000294631_1
1.55748e-05	0	0	0	0 i_c14_c2_c13_o15 ZINC000000294631_1
0.514994	0.220516	0.369224	0.369224	0.367642 i_c14_c2_c13_o15 ZINC000000294631_1
2.04224	0.938412	1.74419	1.74419	1.74009 i_c14_c2_c13_o15 ZINC000000294631_1
1.95616	2.75111	1.7217	1.7217	1.71591 i_c4_n3_n6_s5 ZINC000000324748_1
0.484814	0.677984	0.427579	0.427579	0.4265 i_c4_n3_n6_s5 ZINC000000324748_1
-3.63326e-06	0	0	0	0 i_c4_n3_n6_s5 ZINC000000324748_1
0.484938	0.669657	0.429062	0.429062	0.427108 i_c4_n3_n6_s5 ZINC000000324748_1
1.92969	2.68674	1.73242	1.73242	1.72464 i_c4_n3_n6_s5 ZINC000000324748_1
1.80799	2.43933	1.6121	1.6121	1.61854 i_c11_c13_n10_n12 ZINC000000331270
0.442498	0.608684	0.400301	0.400301	0.403618 i_c11_c13_n10_n12 ZINC000000331270
1.2456e-05	0	0	0	0 i_c11_c13_n10_n12 ZINC000000331270
0.458966	0.582042	0.399088	0.399088	0.393638 i_c11_c13_n10_n12 ZINC000000331270
1.90435	2.33296	1.59214	1.59214	1.57765 i_c11_c13_n10_n12 ZINC000000331270
1.69104	1.97162	1.44426	1.44426	1.44571 i_c9_c4_c8_s10 ZINC000000334995
0.37566	0.494481	0.347829	0.347829	0.347986 i_c9_c4_c8_s10 ZINC000000334995
-5.51017e-05	0	0	0	0 i_c9_c4_c8_s10 ZINC000000334995
0.293203	0.484983	0.328679	0.328679	0.328564 i_c9_c4_c8_s10 ZINC000000334995
1.41116	1.9131	1.2987	1.2987	1.29795 i_c9_c4_c8_s10 ZINC000000334995
2.01762	1.91516	1.79779	1.79779	1.78791 i_c2_n3_o18_s1 ZINC000000338265
0.505811	0.471399	0.45108	0.45108	0.446128 i_c2_n3_o18_s1 ZINC000000338265
1.75695e-06	0	0	0	0 i_c2_n3_o18_s1 ZINC000000338265
0.504604	0.449322	0.450278	0.450278	0.446667 i_c2_n3_o18_s1 ZINC000000338265
2.02455	1.86889	1.82013	1.82013	1.81389 i_c2_n3_o18_s1 ZINC000000338265
1.81283	2.66862	1.53887	1.93608	1.94414 i_c4_n5_n12_n3 ZINC000000394716
0.437836	0.667064	0.367197	0.475672	0.477637 i_c4_n5_n12_n3 ZINC000000394716
6.3799e-05	0	0	0	0 i_c4_n5_n12_n3 ZINC000000394716
0.438775	0.663004	0.362398	0.471904	0.47392 i_c4_n5_n12_n3 ZINC000000394716
1.81507	2.65664	1.50764	1.91956	1.92774 i_c4_n5_n12_n3 ZINC000000394716
1.96851	2.47532	1.50295	1.50295	1.49183 i_c2_c3_c1_n10 ZINC000000409840_1
0.497083	0.653357	0.371338	0.371338	0.366418 i_c2_c3_c1_n10 ZINC000000409840_1
-4.6944e-05	0	0	0	0 i_c2_c3_c1_n10 ZINC000000409840_1
0.516949	0.580788	0.45997	0.45997	0.46881 i_c2_c3_c1_n10 ZINC000000409840_1
2.08476	2.29738	1.88638	1.88638	1.9059 i_c2_c3_c1_n10 ZINC000000409840_1
2.15336	2.04818	1.91711	1.91711	1.91885 i_c13_n2_s14_s12 ZINC000000410229_1
0.548424	0.514857	0.484109	0.484109	0.485056 i_c13_n2_s14_s12 ZINC000000410229_1
6.74573e-05	0	0	0	0 i_c13_n2_s14_s12 ZINC000000410229_1
0.557753	0.519041	0.500688	0.500688	0.498237 i_c13_n2_s14_s12 ZINC000000410229_1
2.24854	2.10374	2.03222	2.03222	2.02878 i_c13_n2_s14_s12 ZINC000000410229_1
2.01025	3.14323	2.26831	2.35419	2.31757 i_c10_n9_n2_n11 ZINC000000444816
0.511144	0.753966	0.503841	0.528067	0.508351 i_c10_n9_n2_n11 ZINC000000444816
3.96775e-05	0	0	0	0 i_c10_n9_n2_n11 ZINC000000444816
0.554143	0.753049	0.809771	0.745031	0.865493 i_c10_n9_n2_n11 ZINC000000444816
2.34027	3.09756	2.58707	2.57008	2.69742 i_c10_n9_n2_n11 ZINC000000444816
1.97612	2.92717	1.72222	1.72222	1.73191 i_c2_c1_n3_h16 ZINC000000518699
0.492134	0.716239	0.437401	0.437401	0.439801 i_c2_c1_n3_h16 ZINC000000518699
-1.1314e-05	0	0	0	0 i_c2_c1_n3_h16 ZINC000000518699
0.491895	0.670905	0.446593	0.446593	0.448911 i_c2_c1_n3_h16 ZINC000000518699
1.9924	2.59842	1.80097	1.80097	1.81003 i_c2_c1_n3_h16 ZINC000000518699
1.96208	3.21614	1.64414	1.64414	1.64055 i_c10_c11_c17_n9 ZINC000000982186
0.485578	0.807675	0.405988	0.405988	0.404063 i_c10_c11_c17_n9 ZINC000000982186
5.83587e-06	0	0	0	0 i_c10_c11_c17_n9 ZINC000000982186
0.467434	0.791477	0.390505	0.390505	0.393683 i_c10_c11_c17_n9 ZINC000000982186
1.84531	3.19359	1.55269	1.55269	1.55878 i_c10_c11_c17_n9 ZINC000000982186
2.04885	1.96955	1.8477	1.8477	1.84765 i_c6_n8_s7_s5 ZINC000001072812
0.515518	0.490637	0.457785	0.457785	0.457772 i_c6_n8_s7_s5 ZINC000001072812
-4.3863e-05	0	0	0	0 i_c6_n8_s7_s5 ZINC000001072812
0.520621	0.492131	0.456133	0.456133	0.456111 i_c6_n8_s7_s5 ZINC000001072812
2.09519	1.98384	1.83565	1.83565	1.83555 i_c6_n8_s7_s5 ZINC000001072812
1.92918	2.13919	1.39932	1.32517	1.31627 i_c8_n7_n10_o9 ZINC000001105356
0.465313	0.530017	0.343642	0.325292	0.323067 i_c8_n7_n10_o9 ZINC000001105356
-8.42118e-05	0	0	0	0 i_c8_n7_n10_o9 ZINC000001105356
0.493911	0.53014	0.343807	0.32541	0.323234 i_c8_n7_n10_o9 ZINC000001105356
1.96648	2.13946	1.40034	1.3258	1.31713 i_c8_n7_n10_o9 ZINC000001105356
1.95416	1.8546	1.74367	1.74367	1.74512 i_c5_n4_n6_s7 ZINC000001390403
0.486105	0.457207	0.436416	0.436416	0.438443 i_c5_n4_n6_s7 ZINC000001390403
-1.59199e-05	0	0	0	0 i_c5_n4_n6_s7 ZINC000001390403
0.486804	0.45957	0.436216	0.436216	0.436337 i_c5_n4_n6_s7 ZINC000001390403
1.95761	1.86749	1.73468	1.73468	1.73761 i_c5_n4_n6_s7 ZINC000001390403
1.78646	1.60141	1.56082	1.56082	1.55929 i_c4_c16_n3_n5 ZINC000001393937
0.428273	0.397841	0.385072	0.385072	0.384963 i_c4_c16_n3_n5 ZINC000001393937
-0.000138993	0	0	0	0 i_c4_c16_n3_n5 ZINC000001393937
0.405357	0.380138	0.373918	0.373918	0.373382 i_c4_c16_n3_n5 ZINC000001393937
1.66546	1.51436	1.48051	1.48051	1.47811 i_c4_c16_n3_n5 ZINC000001393937
2.20703	1.31212	2.02261	2.02261	2.0606 i_c2_c13_c3_o1 ZINC000001420785
0.555092	0.321208	0.478466	0.478466	0.487038 i_c2_c13_c3_o1 ZINC000001420785
-0.000190192	0	0	0	0 i_c2_c13_c3_o1 ZINC000001420785
0.591855	0.321281	0.478752	0.478752	0.487421 i_c2_c13_c3_o1 ZINC000001420785
2.27696	1.31207	2.02282	2.02282	2.06095 i_c2_c13_c3_o1 ZINC000001420785
2.0048	1.62028	1.4701	1.4701	1.46962 i_c11_c13_c6_o12 ZINC000001571661
0.495782	0.409026	0.371259	0.371259	0.370538 i_c11_c13_c6_o12 ZINC000001571661
3.6565e-05	0	0	0	0 i_c11_c13_c6_o12 ZINC000001571661
0.482594	0.402037	0.386832	0.386832	0.386915 i_c11_c13_c6_o12 ZINC000001571661
1.92905	1.70543	1.62601	1.62601	1.62844 i_c11_c13_c6_o12 ZINC000001571661
1.88919	2.69533	1.68702	1.68702	1.67832 i_c4_c5_n3_n12 ZINC000001606193
0.463444	0.681285	0.417045	0.417045	0.412712 i_c4_c5_n3_n12 ZINC000001606193
-4.04556e-05	0	0	0	0 i_c4_c5_n3_n12 ZINC000001606193
0.443352	0.575378	0.390377	0.390377	0.394524 i_c4_c5_n3_n12 ZINC000001606193
1.72542	2.52646	1.54496	1.54496	1.55418 i_c4_c5_n3_n12 ZINC000001606193
2.00249	2.05254	1.87977	1.87977	1.88904 i_c5_n6_n11_c4 ZINC000001606193
0.494675	0.450682	0.474349	0.474349	0.477899 i_c5_n6_n11_c4 ZINC000001606193
-4.01418e-05	0	0	0	0 i_c5_n6_n11_c4 ZINC000001606193
0.477757	0.562981	0.46504	0.46504	0.461251 i_c5_n6_n11_c4 ZINC000001606193
1.88099	2.09214	1.79897	1.79897	1.79904 i_c5_n6_n11_c4 ZINC000001606193
2.0609	1.52418	0.595075	1.03986	0.997239 i_c4_c3_n6_o5 ZINC000001683174
0.512277	0.358696	0.135694	0.260412	0.219621 i_c4_c3_n6_o5 ZINC000001683174
-7.45168e-05	0	0	0	0 i_c4_c3_n6_o5 ZINC000001683174
0.491103	0.316845	0.103984	0.187747	0.180966 i_c4_c3_n6_o5 ZINC000001683174
1.91836	1.19743	0.383803	0.649555	0.65404 i_c4_c3_n6_o5 ZINC000001683174
2.27661	2.08652	2.1598	1.51244	1.50807 i_c7_n6_n9_n8 ZINC000001683174
0.570121	0.47194	0.531957	0.34922	0.344746 i_c7_n6_n9_n8 ZINC000001683174
4.56203e-06	0	0	0	0 i_c7_n6_n9_n8 ZINC000001683174
0.568061	0.307994	0.493717	0.335559	0.326752 i_c7_n6_n9_n8 ZINC000001683174
2.27023	1.48249	1.91667	1.12081	1.08712 i_c7_n6_n9_n8 ZINC000001683174
2.09132	1.47129	1.81369	1.81369	1.80915 i_c7_c6_s8_s9 ZINC000001744207_1
0.523121	0.388258	0.457317	0.457317	0.456223 i_c7_c6_s8_s9 ZINC000001744207_1
1.76332e-05	0	0	0	0 i_c7_c6_s8_s9 ZINC000001744207_1
0.52212	0.452403	0.466049	0.466049	0.465017 i_c7_c6_s8_s9 ZINC000001744207_1
2.06383	1.93218	1.88204	1.88204	1.87798 i_c7_c6_s8_s9 ZINC000001744207_1
2.03039	1.43196	1.8405	1.8405	1.83812 i_c7_c6_s8_s9 ZINC000001744207
0.505721	0.363446	0.457347	0.457347	0.456623 i_c7_c6_s8_s9 ZINC000001744207
4.87576e-05	0	0	0	0 i_c7_c6_s8_s9 ZINC000001744207
0.497249	0.388346	0.453554	0.453554	0.452851 i_c7_c6_s8_s9 ZINC000001744207
1.96221	1.62914	1.81257	1.81257	1.80904 i_c7_c6_s8_s9 ZINC000001744207
1.89566	1.9423	1.64926	1.64926	1.64703 i_c2_c13_n3_o1 ZINC000001752440
0.468294	0.482168	0.40794	0.40794	0.407335 i_c2_c13_n3_o1 ZINC000001752440
-2.88027e-06	0	0	0	0 i_c2_c13_n3_o1 ZINC000001752440
0.464777	0.482429	0.407181	0.407181	0.406542 i_c2_c13_n3_o1 ZINC000001752440
1.87653	1.9422	1.64188	1.64188	1.63939 i_c2_c13_n3_o1 ZINC000001752440
1.94602	2.1164	1.68862	1.68862	1.68978 i_c13_c2_o14_o12 ZINC000001752440
0.482024	0.523608	0.41538	0.41538	0.415642 i_c13_c2_o14_o12 ZINC000001752440
0.000132172	0	0	0	0 i_c13_c2_o14_o12 ZINC000001752440
0.483676	0.522472	0.416223	0.416223	0.416441 i_c13_c2_o14_o12 ZINC000001752440
1.9545	2.10732	1.69556	1.69556	1.69636 i_c13_c2_o14_o12 ZINC000001752440
2.11789	0.91288	1.95847	1.95847	1.95778 i_c2_c6_c3_o1 ZINC000002037527_1
0.531118	0.22631	0.431825	0.431825	0.431506 i_c2_c6_c3_o1 ZINC000002037527_1
-2.25339e-05	0	0	0	0 i_c2_c6_c3_o1 ZINC000002037527_1
0.528102	0.24118	0.410603	0.410603	0.409841 i_c2_c6_c3_o1 ZINC000002037527_1
2.09836	1.02531	1.85874	1.85874	1.85575 i_c2_c6_c3_o1 ZINC000002037527_1
2.00792	2.14263	1.86815	1.86815	2.1511 i_c2_n3_n18_o1 ZINC000002292870n_1
0.522224	0.520633	0.469766	0.469766	0.461292 i_c2_n3_n18_o1 ZINC000002292870n_1
-5.38466e-05	0	0	0	0 i_c2_n3_n18_o1 ZINC000002292870n_1
0.546743	0.558933	0.450265	0.450265	0.457204 i_c2_n3_n18_o1 ZINC000002292870n_1
2.20969	2.21867	1.8369	1.8369	1.85111 i_c2_n3_n18_o1 ZINC000002292870n_1
1.88235	1.40602	1.66654	1.66654	1.67256 i_c4_c6_n3_o5 ZINC000002292870n_1
0.462036	0.324963	0.409813	0.409813	0.412263 i_c4_c6_n3_o5 ZINC000002292870n_1
-4.69377e-05	0	0	0	0 i_c4_c6_n3_o5 ZINC000002292870n_1
0.447114	0.427505	0.40673	0.40673	0.407973 i_c4_c6_n3_o5 ZINC000002292870n_1
1.76381	1.6043	1.60229	1.60229	1.60563 i_c4_c6_n3_o5 ZINC000002292870n_1
1.99866	0.271465	1.96957	1.96957	1.96957 i_c7_n6_n5_s8 ZINC000002488985_1
0.502013	0.158595	0.477188	0.477188	0.476982 i_c7_n6_n5_s8 ZINC000002488985_1
-0.000206306	0	0	0	0 i_c7_n6_n5_s8 ZINC000002488985_1
0.515005	0.374925	0.491235	0.491235	0.490688 i_c7_n6_n5_s8 ZINC000002488985_1
2.1005	1.93213	2.07819	2.07819	2.07545 i_c7_n6_n5_s8 ZINC000002488985_1
1.92238	4.48102	1.76512	1.76512	1.76905 i_c4_c3_n9_n5 ZINC000002488985
0.472047	3.29902	0.422729	0.422729	0.424138 i_c4_c3_n9_n5 ZINC000002488985
0.000155127	2.92497	0	0	0 i_c4_c3_n9_n5 ZINC000002488985
0.464981	3.29379	0.399804	0.399804	0.400725 i_c4_c3_n9_n5 ZINC000002488985
1.87904	0	1.57202	1.57202	1.57704 i_c4_c3_n9_n5 ZINC000002488985
1.81627	1.9867	1.48552	1.48552	1.48614 i_c7_n5_n6_s8 ZINC000002488985
0.447978	0.399245	0.396145	0.396145	0.395187 i_c7_n5_n6_s8 ZINC000002488985
6.59199e-05	0	0	0	0 i_c7_n5_n6_s8 ZINC000002488985
0.444538	0.204254	0.401126	0.401126	0.403344 i_c7_n5_n6_s8 ZINC000002488985
1.77604	0.437312	1.51379	1.51379	1.5192 i_c7_n5_n6_s8 ZINC000002488985
2.06428	2.1615	1.78657	1.78657	1.79046 i_c9_c11_c8_o10 ZINC000002577992
0.522522	0.536568	0.474615	0.474615	0.474852 i_c9_c11_c8_o10 ZINC000002577992
9.64922e-05	0	0	0	0 i_c9_c11_c8_o10 ZINC000002577992
0.55165	0.551323	0.497257	0.497257	0.498742 i_c9_c11_c8_o10 ZINC000002577992
2.28479	2.24588	2.05187	2.05187	2.05509 i_c9_c11_c8_o10 ZINC000002577992
2.18367	2.26885	1.93883	1.93883	1.94146 i_c11_c9_c2_o12 ZINC000002577992
0.562379	0.564609	0.482319	0.482319	0.48269 i_c11_c9_c2_o12 ZINC000002577992
-1.23494e-05	0	0	0	0 i_c11_c9_c2_o12 ZINC000002577992
0.597793	0.581944	0.519666	0.519666	0.519902 i_c11_c9_c2_o12 ZINC000002577992
2.44262	2.37688	2.18344	2.18344	2.18585 i_c11_c9_c2_o12 ZINC000002577992
2.06763	1.97793	1.76517	1.76517	1.86382 i_c7_c6_c9_o8 ZINC000002583571
0.512873	0.513534	0.385991	0.385991	0.456427 i_c7_c6_c9_o8 ZINC000002583571
-1.28012e-06	0	0	0	0 i_c7_c6_c9_o8 ZINC000002583571
0.491947	0.487426	0.541078	0.541078	0.485431 i_c7_c6_c9_o8 ZINC000002583571
1.91275	1.97079	1.8238	1.8238	1.94133 i_c7_c6_c9_o8 ZINC000002583571
2.16515	2.72186	1.64604	1.64604	1.64637 i_c2_c3_o1_o12 ZINC000002774749_1
0.633735	0.680442	0.344557	0.344557	0.344556 i_c2_c3_o1_o12 ZINC000002774749_1
-1.32405e-05	0	0	0	0 i_c2_c3_o1_o12 ZINC000002774749_1
0.476834	0.680194	0.522283	0.522283	0.522696 i_c2_c3_o1_o12 ZINC000002774749_1
1.91324	2.72207	2.10011	2.10011	2.10178 i_c2_c3_o1_o12 ZINC000002774749_1
2.00175	2.1332	1.7538	1.7538	1.75336 i_c2_c3_o1_s12 ZINC000002895850_1
0.499083	0.532588	0.434008	0.434008	0.433893 i_c2_c3_o1_s12 ZINC000002895850_1
9.18675e-05	0	0	0	0 i_c2_c3_o1_s12 ZINC000002895850_1
0.499222	0.532629	0.43404	0.43404	0.433927 i_c2_c3_o1_s12 ZINC000002895850_1
2.00187	2.13308	1.75372	1.75372	1.75328 i_c2_c3_o1_s12 ZINC000002895850_1
1.96893	1.6488	1.8013	1.8013	1.81406 i_c18_n16_n19_h34 ZINC000003165873
0.488697	0.412265	0.450579	0.450579	0.454948 i_c18_n16_n19_h34 ZINC000003165873
-2.35504e-05	0	0	0	0 i_c18_n16_n19_h34 ZINC000003165873
0.487686	0.417703	0.455587	0.455587	0.462364 i_c18_n16_n19_h34 ZINC000003165873
1.94793	1.69047	1.83635	1.83635	1.85044 i_c18_n16_n19_h34 ZINC000003165873
2.01132	1.90115	1.78138	1.78138	1.78262 i_c6_n5_o7_h20 ZINC000003847683
0.504031	0.469767	0.441344	0.441344	0.441899 i_c6_n5_o7_h20 ZINC000003847683
-5.17759e-05	0	0	0	0 i_c6_n5_o7_h20 ZINC000003847683
0.497418	0.469799	0.441316	0.441316	0.441725 i_c6_n5_o7_h20 ZINC000003847683
1.99843	1.9012	1.78114	1.78114	1.78254 i_c6_n5_o7_h20 ZINC000003847683
2.01052	1.24631	1.75146	1.80365	1.80578 i_c2_n3_n1_o17 ZINC000003850821_1
0.501686	0.30805	0.434967	0.448235	0.448844 i_c2_n3_n1_o17 ZINC000003850821_1
-8.8002e-05	0	0	0	0 i_c2_n3_n1_o17 ZINC000003850821_1
0.47326	0.300128	0.434649	0.447404	0.447678 i_c2_n3_n1_o17 ZINC000003850821_1
1.90084	1.19338	1.74408	1.79507	1.79623 i_c2_n3_n1_o17 ZINC000003850821_1
1.99845	1.95043	1.72329	1.7782	1.77773 i_c2_n1_n15_s3 ZINC000003993826
0.496316	0.487692	0.429148	0.443492	0.443249 i_c2_n1_n15_s3 ZINC000003993826
-0.000126625	0	0	0	0 i_c2_n1_n15_s3 ZINC000003993826
0.469326	0.491495	0.430441	0.445024	0.4447 i_c2_n1_n15_s3 ZINC000003993826
1.68578	1.9794	1.66382	1.78736	1.78762 i_c2_n1_n15_s3 ZINC000003993826
1.75438	2.15087	1.54695	1.54695	1.50298 i_c2_n12_o1_s3 ZINC000004091655_1
0.406328	0.465694	0.339684	0.339684	0.323783 i_c2_n12_o1_s3 ZINC000004091655_1
3.73682e-05	0	0	0	0 i_c2_n12_o1_s3 ZINC000004091655_1
0.393768	0.466815	0.340333	0.340333	0.32471 i_c2_n12_o1_s3 ZINC000004091655_1
1.72558	2.15453	1.54909	1.54909	1.50622 i_c2_n12_o1_s3 ZINC000004091655_1
1.92882	2.63899	1.69836	1.69836	1.69968 i_c10_c11_n8_h23 ZINC000004101141_2
0.479129	0.655338	0.428443	0.428443	0.428797 i_c10_c11_n8_h23 ZINC000004101141_2
1.12701e-05	0	0	0	0 i_c10_c11_n8_h23 ZINC000004101141_2
0.479227	0.673122	0.433092	0.433092	0.433406 i_c10_c11_n8_h23 ZINC000004101141_2
1.92772	2.72229	1.73495	1.73495	1.73604 i_c10_c11_n8_h23 ZINC000004101141_2
1.99623	1.96854	1.7381	1.7381	1.739 i_c5_c7_o6_s4 ZINC000004419542_1
0.497435	0.488305	0.433095	0.433095	0.433325 i_c5_c7_o6_s4 ZINC000004419542_1
8.40424e-05	0	0	0	0 i_c5_c7_o6_s4 ZINC000004419542_1
0.495902	0.489951	0.436598	0.436598	0.436838 i_c5_c7_o6_s4 ZINC000004419542_1
1.9826	1.97978	1.76534	1.76534	1.76629 i_c5_c7_o6_s4 ZINC000004419542_1
1.9569	1.9499	1.71973	1.71973	1.71965 i_c3_n2_n5_s4 ZINC000004708120_1
0.485652	0.46251	0.426031	0.426031	0.426488 i_c3_n2_n5_s4 ZINC000004708120_1
9.13026e-06	0	0	0	0 i_c3_n2_n5_s4 ZINC000004708120_1
0.487272	0.473702	0.424016	0.424016	0.42403 i_c3_n2_n5_s4 ZINC000004708120_1
1.94327	1.99695	1.69993	1.69993	1.69986 i_c3_n2_n5_s4 ZINC000004708120_1
1.95027	0.833568	1.73333	1.73333	1.73416 i_c2_c11_n1_o3 ZINC000004831127_1
0.481863	0.208638	0.427728	0.427728	0.427731 i_c2_c11_n1_o3 ZINC000004831127_1
4.6304e-05	0	0	0	0 i_c2_c11_n1_o3 ZINC000004831127_1
0.480393	0.208667	0.427777	0.427777	0.427781 i_c2_c11_n1_o3 ZINC000004831127_1
1.94745	0.833739	1.7336	1.7336	1.73442 i_c2_c11_n1_o3 ZINC000004831127_1
2.1563	1.79046	1.92861	1.92861	1.92673 i_c2_c4_o3_o1 ZINC000005004779n
0.542718	0.454025	0.479635	0.479635	0.479234 i_c2_c4_o3_o1 ZINC000005004779n
-0.000164621	0	0	0	0 i_c2_c4_o3_o1 ZINC000005004779n
0.538144	0.470693	0.476092	0.476092	0.475767 i_c2_c4_o3_o1 ZINC000005004779n
2.13239	1.91967	1.89959	1.89959	1.89877 i_c2_c4_o3_o1 ZINC000005004779n
1.97406	1.67264	1.78678	1.78678	1.78693 i_c5_n11_n6_s4 ZINC000005375234
0.489741	0.404173	0.448318	0.448318	0.448326 i_c5_n11_n6_s4 ZINC000005375234
-8.13566e-05	0	0	0	0 i_c5_n11_n6_s4 ZINC000005375234
0.490005	0.116753	0.439112	0.439112	0.439297 i_c5_n11_n6_s4 ZINC000005375234
1.96125	1.02852	1.72322	1.72322	1.72386 i_c5_n11_n6_s4 ZINC000005375234
1.94132	3.02767	2.12805	2.12805	2.12212 i_c7_c6_n8_h21 ZINC000005495750
0.476545	0.762715	0.548115	0.548115	0.555549 i_c7_c6_n8_h21 ZINC000005495750
-9.90208e-06	0	0	0	0 i_c7_c6_n8_h21 ZINC000005495750
0.460467	0.974959	0.422915	0.422915	0.447027 i_c7_c6_n8_h21 ZINC000005495750
1.83883	1.93213	1.87605	1.87605	1.89601 i_c7_c6_n8_h21 ZINC000005495750
2.10737	2.88948	1.81426	1.81426	1.81297 i_c2_o1_o3_c4 ZINC000005566939
0.535228	0.720547	0.453948	0.453948	0.453578 i_c2_o1_o3_c4 ZINC000005566939
1.10128e-05	0	0	0	0 i_c2_o1_o3_c4 ZINC000005566939
0.514103	0.721725	0.466075	0.466075	0.46559 i_c2_o1_o3_c4 ZINC000005566939
2.06115	2.89773	1.91044	1.91044	1.90881 i_c2_o1_o3_c4 ZINC000005566939
1.93251	2.32024	1.72343	1.72343	1.72 i_c4_c3_c01_n11 ZINC000005647151_1
0.475804	0.575084	0.42371	0.42371	0.422858 i_c4_c3_c01_n11 ZINC000005647151_1
7.61793e-06	0	0	0	0 i_c4_c3_c01_n11 ZINC000005647151_1
0.479868	0.575426	0.423396	0.423396	0.422573 i_c4_c3_c01_n11 ZINC000005647151_1
1.93795	2.32262	1.72083	1.72083	1.71761 i_c4_c3_c01_n11 ZINC000005647151_1
1.99327	3.52798	1.76413	1.76413	1.77283 i_c4_c5_n2_h19 ZINC000005684049
0.502591	0.859063	0.443567	0.443567	0.450934 i_c4_c5_n2_h19 ZINC000005684049
-6.49469e-06	0	0	0	0 i_c4_c5_n2_h19 ZINC000005684049
0.536553	0.925919	0.463845	0.463845	0.459581 i_c4_c5_n2_h19 ZINC000005684049
2.2028	3.65608	1.89651	1.89651	1.90035 i_c4_c5_n2_h19 ZINC000005684049
1.95911	3.69308	1.7424	1.7424	1.74154 i_c5_c12_c01_n4 ZINC000005773132_1
0.486966	0.921427	0.430187	0.430187	0.429974 i_c5_c12_c01_n4 ZINC000005773132_1
-3.53665e-05	0	0	0	0 i_c5_c12_c01_n4 ZINC000005773132_1
0.473558	0.918312	0.428477	0.428477	0.428399 i_c5_c12_c01_n4 ZINC000005773132_1
1.86775	3.67224	1.73248	1.73248	1.73221 i_c5_c12_c01_n4 ZINC000005773132_1
1.96333	1.71883	1.56791	1.56791	1.59188 i_c4_c17_c5_n3 ZINC000005939868
0.479243	0.432989	0.392017	0.392017	0.397841 i_c4_c17_c5_n3 ZINC000005939868
4.94479e-05	0	0	0	0 i_c4_c17_c5_n3 ZINC000005939868
0.432138	0.436916	0.391372	0.391372	0.397224 i_c4_c17_c5_n3 ZINC000005939868
1.52353	1.74306	1.55643	1.55643	1.58114 i_c4_c17_c5_n3 ZINC000005939868
2.02659	3.23671	1.85757	1.85757	1.85601 i_c10_n12_n11_c9 ZINC000006420595
0.509282	0.833768	0.458254	0.458254	0.457335 i_c10_n12_n11_c9 ZINC000006420595
-4.64106e-05	0	0	0	0 i_c10_n12_n11_c9 ZINC000006420595
0.526452	0.841828	0.454384	0.454384	0.455332 i_c10_n12_n11_c9 ZINC000006420595
2.11747	3.29918	1.84294	1.84294	1.84478 i_c10_n12_n11_c9 ZINC000006420595
2.00082	1.65835	1.87275	1.87275	1.90315 i_c2_c12_o1_o3 ZINC000006566832_2
0.498896	0.407996	0.45493	0.45493	0.469732 i_c2_c12_o1_o3 ZINC000006566832_2
0.000783333	0	0	0	0 i_c2_c12_o1_o3 ZINC000006566832_2
0.500886	0.388528	0.430875	0.430875	0.433095 i_c2_c12_o1_o3 ZINC000006566832_2
2.00369	1.57537	1.86405	1.86405	1.86644 i_c2_c12_o1_o3 ZINC000006566832_2
1.9708	2.15508	1.73684	1.73684	1.72599 i_c6_c7_n5_n11 ZINC000006672310
0.491417	0.550425	0.42106	0.42106	0.414555 i_c6_c7_n5_n11 ZINC000006672310
-1.80974e-05	0	0	0	0 i_c6_c7_n5_n11 ZINC000006672310
0.495413	0.47585	0.439027	0.439027	0.429684 i_c6_c7_n5_n11 ZINC000006672310
1.99612	1.95244	1.69994	1.69994	1.67755 i_c6_c7_n5_n11 ZINC000006672310
1.96315	1.7192	1.74975	1.74975	1.7505 i_c9_c2_n8_h21 ZINC000006755487n
0.488685	0.427246	0.434599	0.434599	0.434649 i_c9_c2_n8_h21 ZINC000006755487n
2.04379e-05	0	0	0	0 i_c9_c2_n8_h21 ZINC000006755487n
0.484013	0.423999	0.43099	0.43099	0.431438 i_c9_c2_n8_h21 ZINC000006755487n
1.92946	1.68692	1.71419	1.71419	1.71564 i_c9_c2_n8_h21 ZINC000006755487n
1.91872	1.96623	1.64986	1.64986	1.61708 i_c2_n1_n3_n6 ZINC000008652230
0.468463	0.482218	0.414868	0.414868	0.403622 i_c2_n1_n3_n6 ZINC000008652230
1.08309e-05	0	0	0	0 i_c2_n1_n3_n6 ZINC000008652230
0.457657	0.495769	0.411093	0.411093	0.418988 i_c2_n1_n3_n6 ZINC000008652230
1.84993	1.96949	1.56866	1.56866	1.58786 i_c2_n1_n3_n6 ZINC000008652230
1.76897	1.82401	2.01402	2.01402	2.02828 i_c9_c10_c8_o13 ZINC000011567736
0.395482	0.730636	0.477975	0.477975	0.485098 i_c9_c10_c8_o13 ZINC000011567736
5.53589e-05	0	0	0	0 i_c9_c10_c8_o13 ZINC000011567736
0.575448	0.6217	0.41901	0.41901	0.412185 i_c9_c10_c8_o13 ZINC000011567736
2.39224	2.42874	1.4817	1.4817	1.47315 i_c9_c10_c8_o13 ZINC000011567736
1.89244	1.24421	1.62985	1.62985	1.62691 i_c10_c12_o9_s11 ZINC000011867375
0.463222	0.301867	0.401625	0.401625	0.401574 i_c10_c12_o9_s11 ZINC000011867375
-0.000110567	0	0	0	0 i_c10_c12_o9_s11 ZINC000011867375
0.493903	0.292425	0.398565	0.398565	0.39577 i_c10_c12_o9_s11 ZINC000011867375
1.97808	1.1761	1.60718	1.60718	1.60055 i_c10_c12_o9_s11 ZINC000011867375
1.41695	1.98991	1.6622	1.6622	1.66465 i_c13_c3_c12_o14 ZINC000013209422
0.267168	0.494359	0.413014	0.413014	0.415191 i_c13_c3_c12_o14 ZINC000013209422
-9.43649e-05	0	0	0	0 i_c13_c3_c12_o14 ZINC000013209422
0.531532	0.494054	0.400367	0.400367	0.395298 i_c13_c3_c12_o14 ZINC000013209422
2.2339	2.02184	1.64191	1.64191	1.62822 i_c13_c3_c12_o14 ZINC000013209422
1.97302	3.31052	1.80166	1.80166	1.80986 i_c2_c15_n3_s1 ZINC000013573731
0.49041	0.824604	0.442572	0.442572	0.445048 i_c2_c15_n3_s1 ZINC000013573731
5.96135e-06	0	0	0	0 i_c2_c15_n3_s1 ZINC000013573731
0.484179	0.818712	0.43245	0.43245	0.432967 i_c2_c15_n3_s1 ZINC000013573731
1.94247	3.26212	1.70818	1.70818	1.71536 i_c2_c15_n3_s1 ZINC000013573731
2.07282	3.3083	1.84977	1.84977	1.84854 i_c3_n4_n15_o2 ZINC000015444386
0.524367	0.803869	0.46477	0.46477	0.464687 i_c3_n4_n15_o2 ZINC000015444386
2.57279e-05	0	0	0	0 i_c3_n4_n15_o2 ZINC000015444386
0.540935	0.932624	0.452265	0.452265	0.451595 i_c3_n4_n15_o2 ZINC000015444386
2.19232	3.55318	1.82753	1.82753	1.82415 i_c3_n4_n15_o2 ZINC000015444386
1.86927	11.0808	1.65259	1.98721	1.98916 i_c2_c8_n3_s1 ZINC000016546088
0.43983	10.1621	0.334112	0.458238	0.458996 i_c2_c8_n3_s1 ZINC000016546088
-1.59387e-05	0	0	0	0 i_c2_c8_n3_s1 ZINC000016546088
0.402735	10.8086	0.30325	0.072093	0.072604 i_c2_c8_n3_s1 ZINC000016546088
1.70414	13.9742	1.53458	0.953382	0.953478 i_c2_c8_n3_s1 ZINC000016546088
1.24686	2.63994	1.13329	0.937543	0.936436 i_c7_c8_c5_n12 ZINC000016546088
0.216789	0.645717	0.259862	0.198049	0.20006 i_c7_c8_c5_n12 ZINC000016546088
-1.33659e-05	0	0	0	0 i_c7_c8_c5_n12 ZINC000016546088
0.206623	10.201	0.243116	0.230526	0.23033 i_c7_c8_c5_n12 ZINC000016546088
1.13866	11.009	1.02649	0.930802	0.929872 i_c7_c8_c5_n12 ZINC000016546088
1.53918	5.40923	1.46755	1.91294	1.97282 i_c10_n11_n12_n9 ZINC000016941977
0.316419	1.28934	0.369812	0.476933	0.491783 i_c10_n11_n12_n9 ZINC000016941977
3.73431e-05	0	0	0	0 i_c10_n11_n12_n9 ZINC000016941977
0.317992	1.06733	0.369822	0.476992	0.491871 i_c10_n11_n12_n9 ZINC000016941977
1.54315	3.79171	1.46775	1.91356	1.97314 i_c10_n11_n12_n9 ZINC000016941977
1.90821	4.30739	1.8023	1.8023	1.79326 i_c4_c5_s2_h20 ZINC000016954046_1
0.451227	1.47697	0.418643	0.418643	0.41677 i_c4_c5_s2_h20 ZINC000016954046_1
-7.93173e-05	0	0	0	0 i_c4_c5_s2_h20 ZINC000016954046_1
0.516021	2.26287	0.447382	0.447382	0.448532 i_c4_c5_s2_h20 ZINC000016954046_1
2.41703	7.49811	2.19941	2.19941	2.208 i_c4_c5_s2_h20 ZINC000016954046_1
1.93471	1.69458	1.67542	1.67542	1.67566 i_c5_c4_c7_o6 ZINC000016954046_1
0.481922	0.408924	0.417923	0.417923	0.418015 i_c5_c4_c7_o6 ZINC000016954046_1
-0.000149297	0	0	0	0 i_c5_c4_c7_o6 ZINC000016954046_1
0.495423	0.418682	0.424307	0.424307	0.423899 i_c5_c4_c7_o6 ZINC000016954046_1
2.00725	1.73519	1.72733	1.72733	1.72582 i_c5_c4_c7_o6 ZINC000016954046_1
1.85919	1.65168	2.10254	1.99404	2.00876 i_c9_n8_n10_h23 ZINC000017025509
0.438449	0.378519	0.512773	0.484318	0.492009 i_c9_n8_n10_h23 ZINC000017025509
-5.09162e-05	0	0	0	0 i_c9_n8_n10_h23 ZINC000017025509
0.440687	0.259955	0.518278	0.469941	0.485002 i_c9_n8_n10_h23 ZINC000017025509
1.86093	1.42743	2.10051	1.95308	1.9908 i_c9_n8_n10_h23 ZINC000017025509
2.1475	1.06289	1.95065	1.95065	1.94877 i_c2_n3_n13_c1 ZINC000018069273
0.54452	0.232638	0.490597	0.490597	0.490299 i_c2_n3_n13_c1 ZINC000018069273
-0.000161571	0	0	0	0 i_c2_n3_n13_c1 ZINC000018069273
0.55537	0.188226	0.498335	0.498335	0.498108 i_c2_n3_n13_c1 ZINC000018069273
2.23292	0.742759	2.01782	2.01782	2.01718 i_c2_n3_n13_c1 ZINC000018069273
1.99188	3.1785	1.44783	1.44783	1.44561 i_c7_c12_c8_s4 ZINC000018069273
0.487429	0.742674	0.360067	0.360067	0.359667 i_c7_c12_c8_s4 ZINC000018069273
-0.000121712	0	0	0	0 i_c7_c12_c8_s4 ZINC000018069273
0.504694	0.645901	0.374187	0.374187	0.374083 i_c7_c12_c8_s4 ZINC000018069273
2.10334	2.72402	1.56453	1.56453	1.56485 i_c7_c12_c8_s4 ZINC000018069273
2.43228	3.75444	2.43106	2.43106	2.43963 i_c2_c16_c1_n3 ZINC000019831265_1
0.63294	0.956437	0.60796	0.60796	0.612626 i_c2_c16_c1_n3 ZINC000019831265_1
-5.17382e-05	0	0	0	0 i_c2_c16_c1_n3 ZINC000019831265_1
0.654591	0.955092	0.614824	0.614824	0.61048 i_c2_c16_c1_n3 ZINC000019831265_1
2.57623	3.78271	2.39796	2.39796	2.38778 i_c2_c16_c1_n3 ZINC000019831265_1
1.6999	1.30073	1.57172	1.57172	1.58574 i_c4_n1_n16_c5 ZINC000019909419
0.415546	0.225495	0.393315	0.393315	0.398772 i_c4_n1_n16_c5 ZINC000019909419
-0.000123023	0	0	0	0 i_c4_n1_n16_c5 ZINC000019909419
0.492274	0.454504	0.403512	0.403512	0.402572 i_c4_n1_n16_c5 ZINC000019909419
2.07206	1.54109	1.65931	1.65931	1.65911 i_c4_n1_n16_c5 ZINC000019909419
1.93628	1.29017	1.71556	1.71556	1.71925 i_c6_c5_c7_n13 ZINC000019909419
0.479502	0.412315	0.427033	0.427033	0.428668 i_c6_c5_c7_n13 ZINC000019909419
-0.000181871	0	0	0	0 i_c6_c5_c7_n13 ZINC000019909419
0.467582	0.350145	0.422421	0.422421	0.422543 i_c6_c5_c7_n13 ZINC000019909419
1.85494	1.22598	1.65098	1.65098	1.65791 i_c6_c5_c7_n13 ZINC000019909419
2.20218	1.77705	1.94736	1.94736	1.94717 i_c4_n1_n9_s5 ZINC000020160617_1
0.543479	0.444906	0.485629	0.485629	0.485585 i_c4_n1_n9_s5 ZINC000020160617_1
-3.23168e-05	0	0	0	0 i_c4_n1_n9_s5 ZINC000020160617_1
0.520389	0.443553	0.486621	0.486621	0.486904 i_c4_n1_n9_s5 ZINC000020160617_1
2.07268	1.77312	1.96049	1.96049	1.96131 i_c4_n1_n9_s5 ZINC000020160617_1
1.96625	2.53877	1.70784	1.70784	1.70938 i_c2_n3_n6_s1 ZINC000020581282_1
0.488815	0.634253	0.422271	0.422271	0.422641 i_c2_n3_n6_s1 ZINC000020581282_1
-9.76845e-05	0	0	0	0 i_c2_n3_n6_s1 ZINC000020581282_1
0.491239	0.634245	0.422281	0.422281	0.422662 i_c2_n3_n6_s1 ZINC000020581282_1
1.97092	2.53848	1.70776	1.70776	1.70932 i_c2_n3_n6_s1 ZINC000020581282_1
2.12167	3.30592	2.09829	2.09829	2.07969 i_c9_c7_c15_n10 ZINC000022115648n
0.538126	0.811412	0.520087	0.520087	0.507658 i_c9_c7_c15_n10 ZINC000022115648n
-7.48306e-05	0	0	0	0 i_c9_c7_c15_n10 ZINC000022115648n
0.554447	0.897644	0.597848	0.597848	0.62276 i_c9_c7_c15_n10 ZINC000022115648n
2.25295	3.51445	2.29615	2.29615	2.3323 i_c9_c7_c15_n10 ZINC000022115648n
1.93105	1.8892	1.75712	1.75712	1.75639 i_c11_c10_n_h8 ZINC000034183726
0.482075	0.444422	0.430519	0.430519	0.430141 i_c11_c10_n_h8 ZINC000034183726
-8.97528e-05	0	0	0	0 i_c11_c10_n_h8 ZINC000034183726
0.489913	0.40652	0.42862	0.42862	0.428127 i_c11_c10_n_h8 ZINC000034183726
1.98669	1.59368	1.72484	1.72484	1.72294 i_c11_c10_n_h8 ZINC000034183726
2.0129	1.10564	1.96217	2.03198	2.10999 i_c5_n6_n7_n4 ZINC000034380901
0.503573	0.381321	0.469739	0.534722	0.583872 i_c5_n6_n7_n4 ZINC000034380901
-9.10705e-05	0	0	0	0 i_c5_n6_n7_n4 ZINC000034380901
0.509064	0.13224	0.567816	0.528467	0.584747 i_c5_n6_n7_n4 ZINC000034380901
2.05022	1.02857	2.14069	2.15225	2.11824 i_c5_n6_n7_n4 ZINC000034380901
1.69027	8.15777	1.80017	1.80017	1.79287 i_c4_c12_n2_n5 ZINC000039262016
0.376264	2.0619	0.454519	0.454519	0.452754 i_c4_c12_n2_n5 ZINC000039262016
3.48833e-05	0	0	0	0 i_c4_c12_n2_n5 ZINC000039262016
0.377079	2.06149	0.454423	0.454423	0.452628 i_c4_c12_n2_n5 ZINC000039262016
1.69216	8.15711	1.79979	1.79979	1.79242 i_c4_c12_n2_n5 ZINC000039262016
1.97907	1.83138	1.54769	1.54769	1.54914 i_c2_n3_o1_o14 ZINC000040380563_1
0.492286	0.454145	0.389617	0.389617	0.390016 i_c2_n3_o1_o14 ZINC000040380563_1
0.000248067	0	0	0	0 i_c2_n3_o1_o14 ZINC000040380563_1
0.495851	0.452133	0.404487	0.404487	0.404766 i_c2_n3_o1_o14 ZINC000040380563_1
1.98759	1.8152	1.65439	1.65439	1.65531 i_c2_n3_o1_o14 ZINC000040380563_1
1.97867	2.10275	1.99121	1.85483	1.85143 i_c3_c21_n4_o2 ZINC000043761817
0.489335	0.524173	0.491351	0.457491	0.475706 i_c3_c21_n4_o2 ZINC000043761817
-2.62802e-05	0	0	0	0 i_c3_c21_n4_o2 ZINC000043761817
0.471634	0.521023	0.45657	0.45142	0.443666 i_c3_c21_n4_o2 ZINC000043761817
1.84533	2.05207	1.82897	1.74134	1.73527 i_c3_c21_n4_o2 ZINC000043761817
1.96795	0.842295	1.1131	1.1131	1.11391 i_c2_c7_c3_o1 ZINC000044082668
0.486485	0.204836	0.266436	0.266436	0.266663 i_c2_c7_c3_o1 ZINC000044082668
6.31714e-05	0	0	0	0 i_c2_c7_c3_o1 ZINC000044082668
0.478087	0.211804	0.254841	0.254841	0.255103 i_c2_c7_c3_o1 ZINC000044082668
1.87144	0.886689	1.05875	1.05875	1.05987 i_c2_c7_c3_o1 ZINC000044082668
2.00148	1.17613	1.90072	2.06339	2.0713 i_c2_c16_n3_n1 ZINC000057375723
0.497124	0.177835	0.463806	0.498477	0.50132 i_c2_c16_n3_n1 ZINC000057375723
-0.000124084	0	0	0	0 i_c2_c16_n3_n1 ZINC000057375723
0.498995	0.400012	0.439806	0.484972	0.481724 i_c2_c16_n3_n1 ZINC000057375723
1.98174	1.37629	1.75642	1.92088	1.90935 i_c2_c16_n3_n1 ZINC000057375723
1.951	1.30221	1.78106	1.78106	1.78192 i_c3_n4_n2_s15 ZINC000057382550
0.478869	0.318731	0.424185	0.424185	0.426817 i_c3_n4_n2_s15 ZINC000057382550
3.07856e-05	0	0	0	0 i_c3_n4_n2_s15 ZINC000057382550
0.459097	0.306066	0.477574	0.477574	0.48055 i_c3_n4_n2_s15 ZINC000057382550
1.80169	1.17923	1.95026	1.95026	1.96357 i_c3_n4_n2_s15 ZINC000057382550
1.94682	1.29757	3.49895	4.03929	3.9746 i_c4_n5_n2_c19 ZINC000064543172
0.479542	0	0.819211	1.02611	1.00868 i_c4_n5_n2_c19 ZINC000064543172
-4.54505e-05	0.69192	0	0	0 i_c4_n5_n2_c19 ZINC000064543172
0.474075	0.89455	0.964019	1.04521	1.03478 i_c4_n5_n2_c19 ZINC000064543172
1.88247	3.13414	3.70759	4.12957	4.10427 i_c4_n5_n2_c19 ZINC000064543172
1.83861	4.44195	1.64917	1.64917	1.64552 i_c5_c4_n17_n6 ZINC000068575131
0.444267	1.03107	0.40055	0.40055	0.399604 i_c5_c4_n17_n6 ZINC000068575131
-2.57091e-05	0	0	0	0 i_c5_c4_n17_n6 ZINC000068575131
0.445144	1.34561	0.439523	0.439523	0.438258 i_c5_c4_n17_n6 ZINC000068575131
1.84197	5.15592	1.81799	1.81799	1.81502 i_c5_c4_n17_n6 ZINC000068575131
1.63723	2.41559	1.47232	1.47232	1.4838 i_c2_c3_n16_n1 ZINC000072168057_1
0.377257	0.561329	0.324835	0.324835	0.333634 i_c2_c3_n16_n1 ZINC000072168057_1
-3.57995e-05	0	0	0	0 i_c2_c3_n16_n1 ZINC000072168057_1
0.377456	0.558147	0.323594	0.323594	0.332596 i_c2_c3_n16_n1 ZINC000072168057_1
1.63691	2.40681	1.46744	1.46744	1.4796 i_c2_c3_n16_n1 ZINC000072168057_1
1.84778	2.32386	1.59581	1.59581	1.60047 i_c7_c2_n8_n6 ZINC000074341739
0.446885	0.586819	0.406323	0.406323	0.407922 i_c7_c2_n8_n6 ZINC000074341739
1.56439e-05	0	0	0	0 i_c7_c2_n8_n6 ZINC000074341739
0.430111	0.60102	0.420419	0.420419	0.420876 i_c7_c2_n8_n6 ZINC000074341739
1.76593	2.41539	1.70011	1.70011	1.70298 i_c7_c2_n8_n6 ZINC000074341739
1.99138	2.77691	1.83429	1.83429	1.84607 i_c6_c5_n7_s8 ZINC000083339587
0.496229	0.679612	0.458688	0.458688	0.461703 i_c6_c5_n7_s8 ZINC000083339587
0.000252479	0	0	0	0 i_c6_c5_n7_s8 ZINC000083339587
0.495858	0.679032	0.458697	0.458697	0.461681 i_c6_c5_n7_s8 ZINC000083339587
1.9907	2.77711	1.83448	1.83448	1.84626 i_c6_c5_n7_s8 ZINC000083339587
1.62143	1.53587	1.00515	1.00515	1.014 i_c15_c8_c12_o16 ZINC000085385949
0.388506	0.325666	0.225884	0.225884	0.224141 i_c15_c8_c12_o16 ZINC000085385949
-4.10768e-05	0	0	0	0 i_c15_c8_c12_o16 ZINC000085385949
0.361545	0.232428	0.267733	0.267733	0.26494 i_c15_c8_c12_o16 ZINC000085385949
1.41727	0.786498	1.24061	1.24061	1.22708 i_c15_c8_c12_o16 ZINC000085385949
1.8923	2.18152	1.65585	1.65585	1.66406 i_c2_c4_c1_o3 ZINC000085396530
0.460332	0.547788	0.413132	0.413132	0.417937 i_c2_c4_c1_o3 ZINC000085396530
-2.03311e-06	0	0	0	0 i_c2_c4_c1_o3 ZINC000085396530
0.451266	0.556273	0.418667	0.418667	0.412293 i_c2_c4_c1_o3 ZINC000085396530
1.82047	2.19759	1.66842	1.66842	1.65548 i_c2_c4_c1_o3 ZINC000085396530
1.88034	1.75598	1.27324	1.27324	1.26904 i_c2_c3_n16_h03 ZINC000085432594_1_1
0.456834	0.428077	0.305398	0.305398	0.304455 i_c2_c3_n16_h03 ZINC000085432594_1_1
-0.000368675	0	0	0	0 i_c2_c3_n16_h03 ZINC000085432594_1_1
0.442045	0.396999	0.278317	0.278317	0.277547 i_c2_c3_n16_h03 ZINC000085432594_1_1
1.71855	1.53415	1.05275	1.05275	1.05004 i_c2_c3_n16_h03 ZINC000085432594_1_1
1.9802	2.21137	1.76656	1.76656	1.76704 i_c3_c2_n4_h01 ZINC000085432594_1_1
0.490037	0.541288	0.436576	0.436576	0.436743 i_c3_c2_n4_h01 ZINC000085432594_1_1
-0.000298883	0	0	0	0 i_c3_c2_n4_h01 ZINC000085432594_1_1
0.503866	0.522562	0.437935	0.437935	0.438232 i_c3_c2_n4_h01 ZINC000085432594_1_1
2.00827	2.07524	1.77708	1.77708	1.77862 i_c3_c2_n4_h01 ZINC000085432594_1_1
2.16681	3.76721	1.84637	1.84637	1.84669 i_c2_c3_c1_n16 ZINC000085432594_1
0.555442	0.656218	0.508809	0.508809	0.508469 i_c2_c3_c1_n16 ZINC000085432594_1
-5.31752e-05	0	0	0	0 i_c2_c3_c1_n16 ZINC000085432594_1
0.584468	2.10586	0.60982	0.60982	0.611697 i_c2_c3_c1_n16 ZINC000085432594_1
2.35386	5.6592	2.64921	2.64921	2.64977 i_c2_c3_c1_n16 ZINC000085432594_1
1.91943	1.0684	1.5626	1.5626	1.56236 i_c3_c2_n4_h20 ZINC000085432594_1
0.475616	1.19651	0.392423	0.392423	0.390582 i_c3_c2_n4_h20 ZINC000085432594_1
0.000245589	0	0	0	0 i_c3_c2_n4_h20 ZINC000085432594_1
0.461229	0.393085	0.396349	0.396349	0.396751 i_c3_c2_n4_h20 ZINC000085432594_1
1.85304	2.33216	1.61029	1.61029	1.61313 i_c3_c2_n4_h20 ZINC000085432594_1
1.7663	3.6659	1.55329	1.55329	1.34928 i_c7_c5_n8_n11 ZINC000089224378
0.433866	0.913999	0.399509	0.399509	0.340103 i_c7_c5_n8_n11 ZINC000089224378
4.24448e-05	0	0	0	0 i_c7_c5_n8_n11 ZINC000089224378
0.474111	0.935621	0.43999	0.43999	0.385185 i_c7_c5_n8_n11 ZINC000089224378
2.06268	3.83641	1.84744	1.84744	1.648 i_c7_c5_n8_n11 ZINC000089224378
1.87811	1.77026	1.68285	1.68285	1.68489 i_c4_c2_n6_o5 ZINC000091252460
0.465221	0.39456	0.415069	0.415069	0.415732 i_c4_c2_n6_o5 ZINC000091252460
-4.14596e-05	0	0	0	0 i_c4_c2_n6_o5 ZINC000091252460
0.465678	0.471884	0.414997	0.414997	0.415367 i_c4_c2_n6_o5 ZINC000091252460
1.87983	1.90421	1.6823	1.6823	1.68384 i_c4_c2_n6_o5 ZINC000091252460
2.01254	3.1546	1.71959	1.71959	1.73918 i_c2_o1_o3_c4 ZINC000095496188_3
0.499631	0.783803	0.42788	0.42788	0.432721 i_c2_o1_o3_c4 ZINC000095496188_3
0.000189646	0	0	0	0 i_c2_o1_o3_c4 ZINC000095496188_3
0.490192	0.783653	0.430957	0.430957	0.435694 i_c2_o1_o3_c4 ZINC000095496188_3
1.9343	3.14434	1.7406	1.7406	1.75917 i_c2_o1_o3_c4 ZINC000095496188_3
2.00335	1.96215	1.82717	1.82717	1.82905 i_c2_c4_o3_o1 ZINC000095496188n
0.499256	0.491611	0.458428	0.458428	0.458811 i_c2_c4_o3_o1 ZINC000095496188n
-5.25603e-05	0	0	0	0 i_c2_c4_o3_o1 ZINC000095496188n
0.489898	0.499305	0.470418	0.470418	0.470798 i_c2_c4_o3_o1 ZINC000095496188n
1.95843	2.01659	1.90921	1.90921	1.91139 i_c2_c4_o3_o1 ZINC000095496188n
2.08401	3.12489	1.85787	1.85787	1.86271 i_c4_c6_c2_s5 ZINC000100017698
0.526959	0.778632	0.469094	0.469094	0.469881 i_c4_c6_c2_s5 ZINC000100017698
2.05635e-05	0	0	0	0 i_c4_c6_c2_s5 ZINC000100017698
0.548714	0.769364	0.48292	0.48292	0.483366 i_c4_c6_c2_s5 ZINC000100017698
2.22041	3.05798	1.96984	1.96984	1.97175 i_c4_c6_c2_s5 ZINC000100017698
1.85361	1.29334	1.73746	1.73746	1.7436 i_c4_c6_c2_o5 ZINC000101528567
0.420653	0.320336	0.432372	0.432372	0.434341 i_c4_c6_c2_o5 ZINC000101528567
0.000143725	0	0	0	0 i_c4_c6_c2_o5 ZINC000101528567
0.536169	0.386114	0.438561	0.438561	0.440719 i_c4_c6_c2_o5 ZINC000101528567
2.19534	1.77989	1.78924	1.78924	1.79558 i_c4_c6_c2_o5 ZINC000101528567
1.89643	5.15565	1.99559	1.99559	2.01824 i_c4_c5_c16_n2 ZINC000143190822
0.467735	1.32939	0.480599	0.480599	0.490276 i_c4_c5_c16_n2 ZINC000143190822
-1.14144e-05	0	0	0	0 i_c4_c5_c16_n2 ZINC000143190822
0.536151	1.28736	0.486984	0.486984	0.479638 i_c4_c5_c16_n2 ZINC000143190822
2.39922	5.13689	2.06474	2.06474	2.04763 i_c4_c5_c16_n2 ZINC000143190822
1.90459	1.72229	1.647	1.647	1.65711 i_c16_c4_n15_h27 ZINC000143190822
0.468417	0.417625	0.403233	0.403233	0.408083 i_c16_c4_n15_h27 ZINC000143190822
-1.3686e-05	0	0	0	0 i_c16_c4_n15_h27 ZINC000143190822
0.455335	0.840482	0.414882	0.414882	0.40967 i_c16_c4_n15_h27 ZINC000143190822
1.80852	1.9773	1.62972	1.62972	1.61963 i_c16_c4_n15_h27 ZINC000143190822
1.87529	1.29231	1.63597	1.63597	1.63714 i_c13_c10_n6_o14 ZINC000192414207_1
0.465325	0.321953	0.407589	0.407589	0.407887 i_c13_c10_n6_o14 ZINC000192414207_1
1.75954e-05	0	0	0	0 i_c13_c10_n6_o14 ZINC000192414207_1
0.469572	0.322974	0.414457	0.414457	0.414735 i_c13_c10_n6_o14 ZINC000192414207_1
1.89642	1.29995	1.6841	1.6841	1.68517 i_c13_c10_n6_o14 ZINC000192414207_1
1.83892	2.43424	1.18849	1.18849	1.14847 i_c15_c16_n14_h23 ZINC000217677017
0.442002	0.600387	0.309238	0.309238	0.271046 i_c15_c16_n14_h23 ZINC000217677017
1.04919e-05	0	0	0	0 i_c15_c16_n14_h23 ZINC000217677017
0.442353	0.624038	0.281296	0.281296	0.293839 i_c15_c16_n14_h23 ZINC000217677017
1.82904	2.49389	1.19083	1.19083	1.23694 i_c15_c16_n14_h23 ZINC000217677017
1.92649	1.50417	1.70069	1.70069	1.69646 i_c8_c4_n10_o9 ZINC000264762524_1
0.481484	0.403553	0.429922	0.429922	0.420808 i_c8_c4_n10_o9 ZINC000264762524_1
-2.72716e-05	0	0	0	0 i_c8_c4_n10_o9 ZINC000264762524_1
0.488806	0.471029	0.447103	0.447103	0.443571 i_c8_c4_n10_o9 ZINC000264762524_1
1.97676	2.02226	1.83499	1.83499	1.83055 i_c8_c4_n10_o9 ZINC000264762524_1
1.91956	3.11983	1.69301	1.69301	1.69361 i_c18_c2_n17_o19 ZINC000328604392_1
0.476329	0.781233	0.420808	0.420808	0.420901 i_c18_c2_n17_o19 ZINC000328604392_1
-0.000169032	0	0	0	0 i_c18_c2_n17_o19 ZINC000328604392_1
0.470653	0.771757	0.421498	0.421498	0.421779 i_c18_c2_n17_o19 ZINC000328604392_1
1.89667	3.02801	1.69922	1.69922	1.70058 i_c18_c2_n17_o19 ZINC000328604392_1
1.83122	1.998	1.49842	1.49842	1.60927 i_c5_c4_n6_n17 ZINC000329147912
0.448452	0.518772	0.376266	0.376266	0.435621 i_c5_c4_n6_n17 ZINC000329147912
4.6059e-06	0	0	0	0 i_c5_c4_n6_n17 ZINC000329147912
0.44159	0.41747	0.372206	0.372206	0.283721 i_c5_c4_n6_n17 ZINC000329147912
1.77496	1.69963	1.57585	1.57585	1.40469 i_c5_c4_n6_n17 ZINC000329147912
1.85674	1.85696	1.65217	1.65217	1.65368 i_c18_n10_n17_o19 ZINC000333730288_1
0.460568	0.462759	0.410008	0.410008	0.410391 i_c18_n10_n17_o19 ZINC000333730288_1
2.48305e-05	0	0	0	0 i_c18_n10_n17_o19 ZINC000333730288_1
0.459309	0.462654	0.409914	0.409914	0.410295 i_c18_n10_n17_o19 ZINC000333730288_1
1.85464	1.85716	1.65233	1.65233	1.65384 i_c18_n10_n17_o19 ZINC000333730288_1
1.54489	2.37561	1.33518	1.55613	1.54111 i_c2_n3_n12_s1 ZINC000334156958_1
0.388755	0.600404	0.334532	0.402656	0.383926 i_c2_n3_n12_s1 ZINC000334156958_1
0.000722484	0	0	0	0 i_c2_n3_n12_s1 ZINC000334156958_1
0.397195	0.607402	0.344733	0.394233	0.403563 i_c2_n3_n12_s1 ZINC000334156958_1
1.6068	2.44643	1.41127	1.59772	1.61056 i_c2_n3_n12_s1 ZINC000334156958_1
1.80526	2.36361	1.64092	1.64092	1.65116 i_c8_c6_n9_n14 ZINC000335974015
0.436225	0.592462	0.419111	0.419111	0.423513 i_c8_c6_n9_n14 ZINC000335974015
3.66152e-05	0	0	0	0 i_c8_c6_n9_n14 ZINC000335974015
0.435524	0.602133	0.397489	0.397489	0.395364 i_c8_c6_n9_n14 ZINC000335974015
1.80201	2.42049	1.63091	1.63091	1.62601 i_c8_c6_n9_n14 ZINC000335974015
1.94353	1.18818	1.70506	1.70506	1.70217 i_c3_c5_n2_o4 ZINC000409429768_1
0.482953	0.290755	0.42089	0.42089	0.420266 i_c3_c5_n2_o4 ZINC000409429768_1
-5.33321e-05	0	0	0	0 i_c3_c5_n2_o4 ZINC000409429768_1
0.475656	0.281904	0.416074	0.416074	0.414968 i_c3_c5_n2_o4 ZINC000409429768_1
1.89088	1.14164	1.66727	1.66727	1.66353 i_c3_c5_n2_o4 ZINC000409429768_1
2.06238	1.37902	1.85316	1.85316	1.85346 i_c2_n3_o1_o18 ZINC000496607366_1
0.51507	0.341762	0.459887	0.459887	0.459989 i_c2_n3_o1_o18 ZINC000496607366_1
2.53513e-06	0	0	0	0 i_c2_n3_o1_o18 ZINC000496607366_1
0.524348	0.338998	0.45911	0.45911	0.459175 i_c2_n3_o1_o18 ZINC000496607366_1
2.08668	1.36694	1.85046	1.85046	1.85059 i_c2_n3_o1_o18 ZINC000496607366_1
1.97088	2.70454	3.5706	3.55858	3.55459 i_c9_c4_s10_s8 ZINC000602993625n
0.488057	0.670569	0.878267	0.882449	0.879866 i_c9_c4_s10_s8 ZINC000602993625n
7.40448e-06	0	0	0	0 i_c9_c4_s10_s8 ZINC000602993625n
0.488513	0.675572	0.677627	0.654929	0.51595 i_c9_c4_s10_s8 ZINC000602993625n
1.99528	2.74524	2.94029	3.07422	2.94032 i_c9_c4_s10_s8 ZINC000602993625n
2.01443	3.72887	1.88419	1.88419	1.88214 i_c2_c1_c19_n3 ZINC000634622561_1
0.503269	0.936513	0.457249	0.457249	0.456235 i_c2_c1_c19_n3 ZINC000634622561_1
-5.41102e-05	0	0	0	0 i_c2_c1_c19_n3 ZINC000634622561_1
0.503876	0.947097	0.431151	0.431151	0.432165 i_c2_c1_c19_n3 ZINC000634622561_1
2.00852	3.79197	1.68495	1.68495	1.68678 i_c2_c1_c19_n3 ZINC000634622561_1
1.70314	2.31994	1.92668	1.92668	1.93758 i_c14_c2_n12_n15 ZINC000725244717
0.391626	0.582565	0.486697	0.486697	0.487087 i_c14_c2_n12_n15 ZINC000725244717
-4.936e-05	0	0	0	0 i_c14_c2_n12_n15 ZINC000725244717
0.383457	0.579736	0.48333	0.48333	0.495815 i_c14_c2_n12_n15 ZINC000725244717
1.64831	2.29439	1.91296	1.91296	1.94401 i_c14_c2_n12_n15 ZINC000725244717
1.73841	4.20759	2.03177	1.4556	1.55566 i_c4_c5_c9_n3 ZINC000767478079
0.355104	0.854187	0.384152	0.283792	0.307663 i_c4_c5_c9_n3 ZINC000767478079
0.112933	0	0.287859	0	0 i_c4_c5_c9_n3 ZINC000767478079
0.427809	0.855719	0	0.295311	0.287439 i_c4_c5_c9_n3 ZINC000767478079
1.90698	4.2127	0.731792	1.42627	1.5601 i_c4_c5_c9_n3 ZINC000767478079
1.9689	3.56725	1.76901	1.76901	1.76219 i_c5_n4_n6_o17 ZINC000884561238
0.489829	0.855508	0.398518	0.398518	0.402096 i_c5_n4_n6_o17 ZINC000884561238
5.98895e-05	0	0	0	0 i_c5_n4_n6_o17 ZINC000884561238
0.500051	0.984837	0.46093	0.46093	0.467816 i_c5_n4_n6_o17 ZINC000884561238
2.03714	3.79581	1.70071	1.70071	1.71398 i_c5_n4_n6_o17 ZINC000884561238
1.68571	1.67902	2.17727	1.97502	2.10413 i_c7_c16_n8_n5 ZINC001156816117
0.392403	0.222151	0.381977	0.468281	0.252972 i_c7_c16_n8_n5 ZINC001156816117
-6.40059e-06	0.0225546	0	0	0 i_c7_c16_n8_n5 ZINC001156816117
0.392642	0	0.0896547	0.318674	0.339812 i_c7_c16_n8_n5 ZINC001156816117
1.68601	1.1366	1.75917	1.88538	1.93829 i_c7_c16_n8_n5 ZINC001156816117
1.842	2.94056	1.63168	1.63168	1.66246 i_c6_c18_n7_n4 ZINC001157449731
0.448101	0.622203	0.388396	0.388396	0.397385 i_c6_c18_n7_n4 ZINC001157449731
9.05873e-05	0	0	0	0 i_c6_c18_n7_n4 ZINC001157449731
0.457743	1.03847	0.402552	0.402552	0.40919 i_c6_c18_n7_n4 ZINC001157449731
1.88757	3.6118	1.57631	1.57631	1.597 i_c6_c18_n7_n4 ZINC001157449731
3.31937	0.62388	0.880786	0.880786	0.883841 i_c2_c3_c15_n1 ZINC001160878230_1
2.85658	0.415372	0.576832	0.576832	0.578519 i_c2_c3_c15_n1 ZINC001160878230_1
-8.09112e-05	0	0	0	0 i_c2_c3_c15_n1 ZINC001160878230_1
0.471734	0.45241	0.572463	0.572463	0.571152 i_c2_c3_c15_n1 ZINC001160878230_1
1.90096	1.8832	2.27172	2.27172	2.26937 i_c2_c3_c15_n1 ZINC001160878230_1
2.07877	2.54342	1.57575	1.57575	1.6282 i_c9_c13_c10_n8 ZINC001173996627
0.523267	0.565817	0.385483	0.385483	0.412059 i_c9_c13_c10_n8 ZINC001173996627
1.83296e-05	0	0	0	0 i_c9_c13_c10_n8 ZINC001173996627
0.517273	0.706386	0.420851	0.420851	0.390808 i_c9_c13_c10_n8 ZINC001173996627
2.05989	2.68652	1.65899	1.65899	1.59591 i_c9_c13_c10_n8 ZINC001173996627
1.7234	2.80069	2.08245	2.1463	2.18203 i_c3_n2_n9_n4 ZINC001173999554_1
0.38356	0.718954	0.514454	0.533104	0.550368 i_c3_n2_n9_n4 ZINC001173999554_1
0.0724704	0	0	0	0 i_c3_n2_n9_n4 ZINC001173999554_1
0.754223	0.623849	0.52593	0.533842	0.518606 i_c3_n2_n9_n4 ZINC001173999554_1
2.47166	2.60777	2.1069	2.14711	2.11812 i_c3_n2_n9_n4 ZINC001173999554_1
1.90957	2.7415	1.78279	1.78279	1.78183 i_c2_c1_n3_h15 ZINC001174792103_1
0.467351	0.679892	0.430219	0.430219	0.429886 i_c2_c1_n3_h15 ZINC001174792103_1
-2.98318e-05	0	0	0	0 i_c2_c1_n3_h15 ZINC001174792103_1
0.453267	0.678233	0.401338	0.401338	0.401023 i_c2_c1_n3_h15 ZINC001174792103_1
1.81203	2.72293	1.55917	1.55917	1.55851 i_c2_c1_n3_h15 ZINC001174792103_1
1.90758	1.9523	1.69937	1.69937	1.69516 i_c12_c11_n14_s13 ZINC001241331593_2
0.473071	0.48497	0.42191	0.42191	0.420862 i_c12_c11_n14_s13 ZINC001241331593_2
0.000210812	0	0	0	0 i_c12_c11_n14_s13 ZINC001241331593_2
0.475894	0.484875	0.421821	0.421821	0.420768 i_c12_c11_n14_s13 ZINC001241331593_2
1.91442	1.95249	1.6995	1.6995	1.69527 i_c12_c11_n14_s13 ZINC001241331593_2
2.00446	1.16722	1.78841	1.78841	1.78982 i_c2_n3_o1_o18 ZINC001242058812_1
0.497319	0.287582	0.443034	0.443034	0.443423 i_c2_n3_o1_o18 ZINC001242058812_1
0.000269076	0	0	0	0 i_c2_n3_o1_o18 ZINC001242058812_1
0.503263	0.287523	0.442918	0.442918	0.443312 i_c2_n3_o1_o18 ZINC001242058812_1
2.01696	1.16739	1.78861	1.78861	1.79005 i_c2_n3_o1_o18 ZINC001242058812_1
1.91443	3.37066	2.00579	2.00579	2.00059 i_c6_c5_n7_h21 ZINC001243949879_2
0.472786	0.83673	0.505945	0.505945	0.504645 i_c6_c5_n7_h21 ZINC001243949879_2
0.00025342	0	0	0	0 i_c6_c5_n7_h21 ZINC001243949879_2
0.464976	0.836576	0.500941	0.500941	0.499717 i_c6_c5_n7_h21 ZINC001243949879_2
1.86153	3.31839	1.96189	1.96189	1.95682 i_c6_c5_n7_h21 ZINC001243949879_2
2.11388	2.63037	1.90205	1.90205	1.89534 i_c2_c1_c19_n3 ZINC001246991472_1
0.537747	0.657869	0.480469	0.480469	0.477199 i_c2_c1_c19_n3 ZINC001246991472_1
-6.14646e-05	0	0	0	0 i_c2_c1_c19_n3 ZINC001246991472_1
0.562363	0.639744	0.482261	0.482261	0.48461 i_c2_c1_c19_n3 ZINC001246991472_1
2.28396	2.53189	1.9755	1.9755	1.97838 i_c2_c1_c19_n3 ZINC001246991472_1
2.02413	7.81336	1.8388	1.8388	1.95832 i_c6_n7_n10_n5 ZINC001332479305
0.522004	2.09207	0.349929	0.349929	0.398709 i_c6_n7_n10_n5 ZINC001332479305
-3.57493e-05	0	0	0	0 i_c6_n7_n10_n5 ZINC001332479305
0.578977	1.80502	0.455299	0.455299	0.439477 i_c6_n7_n10_n5 ZINC001332479305
2.43872	7.44385	2.02364	2.02364	1.9867 i_c6_n7_n10_n5 ZINC001332479305
1.85177	2.56427	2.53677	2.51092	2.49551 i_c4_n3_n15_n5 ZINC001339791928n_1
0.455331	0.686329	0.596184	0.565162	0.560853 i_c4_n3_n15_n5 ZINC001339791928n_1
4.17482e-05	0.064973	0	0	0 i_c4_n3_n15_n5 ZINC001339791928n_1
0.452756	0	0.568477	0.548174	0.560702 i_c4_n3_n15_n5 ZINC001339791928n_1
1.84545	0.510854	2.48121	2.47241	2.48591 i_c4_n3_n15_n5 ZINC001339791928n_1
1.94595	2.81679	1.85098	1.85098	1.85307 i_c6_c5_c7_n18 ZINC001354028531_1
0.483176	0.717276	0.453203	0.453203	0.454337 i_c6_c5_c7_n18 ZINC001354028531_1
-8.32267e-05	0	0	0	0 i_c6_c5_c7_n18 ZINC001354028531_1
0.494195	0.743913	0.443921	0.443921	0.443577 i_c6_c5_c7_n18 ZINC001354028531_1
1.99894	3.03929	1.78536	1.78536	1.78541 i_c6_c5_c7_n18 ZINC001354028531_1
