#Initial Optimized Reoptimized Retrained Compound
9.565226775E-02	7.428915743E-02	7.428915743E-02	7.356671271E-02 ZINC000000003275n
0.791443678	0.258685086	0.258685086	0.273586882 ZINC000000033978
0.425894124	0.101879877	0.101879877	0.104201083 ZINC000000036303
0.112004166	0.137329717	0.137329717	0.135535102 ZINC000000040719
0.121561375	0.116244291	0.116244291	0.11813032 ZINC000000042736
0.184829747	0.153852586	0.153852586	0.14604114 ZINC000000051544
6.852538871E-02	4.614888285E-02	4.614888285E-02	4.675365284E-02 ZINC000000058460
0.136711098	0.128504839	0.128504839	0.126308803 ZINC000000084284
9.492902128E-02	0.100640962	0.100640962	0.103506699 ZINC000000087135n
0.121152593	0.118875948	0.118875948	0.119053335 ZINC000000088101
9.65772364E-02	0.104946131	0.104946131	0.103469152 ZINC000000088474_1
0.3029775	0.102529409	0.102529409	0.100889557 ZINC000000097479
0.229711456	0.121215146	0.121215146	0.119807085 ZINC000000119009
8.269743416E-02	7.216873395E-02	7.216873395E-02	7.430102409E-02 ZINC000000126038
0.337081291	0.113775764	0.113775764	0.106453735 ZINC000000127402
0.134366677	0.437696268	0.437696268	0.453752668 ZINC000000135843
0.221006301	0.260273279	0.260273279	0.279621309 ZINC000000140092_1
0.615899327	0.131069345	0.131069345	0.615899327 ZINC000000144678_2
0.278564941	0.257680067	0.257680067	0.257308444 ZINC000000144678
0.26202582	7.066098387E-02	7.066098387E-02	7.066567555E-02 ZINC000000145322
0.17292653	0.219590668	0.219590668	0.223570544 ZINC000000151361
0.436090309	0.424299946	0.427900848	0.406161029 ZINC000000152023_1
0.373930173	0.370351668	0.370351668	0.370412694 ZINC000000154339
0.172139789	5.255819599E-02	6.617789332E-02	6.6071962E-02 ZINC000000155839_1
0.132706976	4.587370818E-02	4.587370818E-02	4.230464912E-02 ZINC000000158649
0.233134426	0.11758654	0.11758654	0.117778244 ZINC000000159804
0.144396163	0.170459781	0.170459781	0.20321807 ZINC000000160394
0.379504285	6.388806639E-02	6.388806639E-02	6.292414321E-02 ZINC000000162425
0.253060876	0.404759773	0.404759773	0.404739459 ZINC000000172719_2
0.119937895	6.111573272E-02	6.111573272E-02	6.038141267E-02 ZINC000000192086
0.168800571	0.157619707	0.157619707	0.159762385 ZINC000000194080
0.146583415	0.185390108	0.185390108	0.206259846 ZINC000000196926
0.169279727	0.150778413	0.150778413	0.15105659 ZINC000000207445
5.0337341E-02	7.059361099E-02	7.059361099E-02	7.030241782E-02 ZINC000000207600
0.302743671	0.164753018	0.164753018	0.164743039 ZINC000000209743_1
0.179442007	0.111980766	0.127676671	0.127530913 ZINC000000225683_1
0.192162989	0.184859288	0.184859288	0.186517032 ZINC000000238008
0.78840871	0.447007518	0.450653074	0.450328935 ZINC000000273273
0.153819039	0.225857513	0.225857513	0.225255047 ZINC000000273304_1
0.39283092	0.403441699	0.403441699	0.412481147 ZINC000000273813
0.23273599	0.16896232	0.16896232	0.150230815 ZINC000000279151
9.045190505E-02	0.12464233	0.12464233	0.1243609 ZINC000000294631_1
0.122961267	0.324323324	0.324323324	0.326202289 ZINC000000324748_1
0.365962004	9.617161236E-02	9.617161236E-02	9.653865639E-02 ZINC000000329953
0.271186129	9.513941912E-02	9.513941912E-02	9.656228061E-02 ZINC000000331270
9.975419899E-02	0.115737579	0.115737579	0.11324849 ZINC000000331970
0.499154777	0.486307502	0.486307502	0.486419575 ZINC000000334995
0.276342396	0.128069506	0.278513007	0.277549454 ZINC000000335016
0.333692521	0.264612725	0.264612725	0.267297388 ZINC000000336240n_1
0.445354329	0.288920856	0.288920856	0.289689549 ZINC000000336240
0.109296696	6.831908935E-02	6.831908935E-02	6.756666492E-02 ZINC000000338265
0.716951966	1.13232142	1.12111158	1.11379496 ZINC000000339586
0.176255621	0.190061731	0.190061731	0.189604283 ZINC000000340584_1
8.244004508E-02	8.591406243E-02	8.591406243E-02	8.539990561E-02 ZINC000000342360_1
0.346550618	0.205968205	0.205968205	0.207644334 ZINC000000343825
0.357562393	0.355994658	0.355994658	0.355254932 ZINC000000349518_1
0.492456344	0.201272941	0.201272941	0.19992237 ZINC000000366208_1
0.552837461	8.416781669E-02	8.416781669E-02	8.25060681E-02 ZINC000000369641
0.132689293	0.164630009	0.164630009	0.164941687 ZINC000000369876
0.210503331	0.213942091	0.213942091	0.210422 ZINC000000382835
0.32343958	0.216477563	0.216477563	0.216338121 ZINC000000383392_1
6.660328361E-02	4.09637015E-02	4.09637015E-02	4.064978207E-02 ZINC000000384763
0.899569202	6.327891787E-02	6.327891787E-02	6.261655047E-02 ZINC000000388812_2
8.822029266E-02	0.109336805	0.109336805	0.109590136 ZINC000000392812
0.662233676	0.173558241	0.173558241	0.174536492 ZINC000000392829
4.491839914E-02	5.118050759E-02	5.18746574E-02	5.58468153E-02 ZINC000000394029
8.673470382E-02	0.310799782	0.192839109	0.191474281 ZINC000000394716
0.15877005	7.968447274E-02	7.968447274E-02	8.306078427E-02 ZINC000000394976
0.10110985	0.103736661	0.103736661	0.103736661 ZINC000000400086
0.141234096	0.127872461	0.135425595	0.141792274 ZINC000000401198
8.199343416E-02	7.265094268E-02	7.265094268E-02	7.297359771E-02 ZINC000000402066
4.601057876E-02	4.583855296E-02	4.583855296E-02	4.663558907E-02 ZINC000000402296
0.221168704	6.359326082E-02	6.359326082E-02	6.813487767E-02 ZINC000000403261
0.547261225	0.304244598	0.304244598	0.303792722 ZINC000000405046
0.503994945	0.313010287	0.313010287	0.313221913 ZINC000000409840_1
0.31126155	0.175673821	0.175673821	0.175960522 ZINC000000410229_1
0.556851631	0.225982036	0.221263488	0.222765524 ZINC000000444816
3.678548924E-02	4.787705065E-02	4.787705065E-02	4.733974004E-02 ZINC000000480725
0.243585481	3.792682197E-02	3.792682197E-02	3.372959381E-02 ZINC000000482060_1
0.776364586	0.668165746	0.668165746	0.667317272 ZINC000000491402
0.140114789	0.143992131	0.143992131	0.140811683 ZINC000000496310
2.852408623E-02	2.914281055E-02	2.892665592E-02	2.5299911E-02 ZINC000000499672_1
0.468155423	0.184654471	0.184120516	0.177546473 ZINC000000499672
7.672877686E-02	0.101670239	0.101670239	9.763450366E-02 ZINC000000507755_1
0.498438117	6.543338561E-02	6.543338561E-02	6.57146396E-02 ZINC000000510399_1
6.788703343E-02	8.046503322E-02	8.046503322E-02	8.058920956E-02 ZINC000000517428n
0.109463757	7.725107462E-02	7.725107462E-02	7.764972471E-02 ZINC000000517428
0.326446306	0.11772833	0.11772833	0.116769301 ZINC000000518699
0.287932051	0.135781833	0.135781833	0.135966838 ZINC000000521962_2
0.305340733	8.497926701E-02	8.497926701E-02	8.374958353E-02 ZINC000000900552
8.76792764E-02	5.818607777E-02	5.818607777E-02	6.142648479E-02 ZINC000000901957
0.602505463	0.147765495	0.147765495	0.147793395 ZINC000000980164
0.163686902	9.724601304E-02	9.724601304E-02	9.67522807E-02 ZINC000000982186
0.240112905	7.537338541E-02	7.537338541E-02	7.567001604E-02 ZINC000000993481
0.245599737	0.174534539	0.174534539	0.169390778 ZINC000001016430
0.238373677	0.222198137	0.222198137	0.222256598 ZINC000001020692_1
0.305892556	3.243440596E-02	3.243440596E-02	3.220568161E-02 ZINC000001042104
6.884529997E-02	7.266893393E-02	7.266893393E-02	7.2557808E-02 ZINC000001043940
0.118279098	5.670691828E-02	5.670691828E-02	5.877101879E-02 ZINC000001066646n
0.115417041	5.607290863E-02	5.607290863E-02	5.597665348E-02 ZINC000001072812
0.173687661	0.173030626	9.642512569E-02	9.713331364E-02 ZINC000001105356
0.526611947	0.348614281	0.348614281	0.347862434 ZINC000001123028
9.83515872E-02	0.121705938	0.121705938	0.131131352 ZINC000001233327
4.502094486E-02	4.575658554E-02	4.575658554E-02	4.556458146E-02 ZINC000001241237_1
0.345598846	0.24410992	0.24410992	0.243252958 ZINC000001297821
6.402587775E-02	5.144999526E-02	5.144999526E-02	5.15055555E-02 ZINC000001309107
0.179831674	0.16196343	0.16196343	0.151707348 ZINC000001320705
0.128821115	7.83161333E-02	7.83161333E-02	7.485320147E-02 ZINC000001321342n
1.24305641	0.378074785	0.378074785	0.378491973 ZINC000001390403
0.334542262	0.18466818	0.18466818	0.186594064 ZINC000001391014_1
0.101814279	0.118258703	0.118258703	0.119602557 ZINC000001393062
0.164398345	0.146231195	0.146231195	0.145667555 ZINC000001393937
0.455010258	0.200982852	0.200982852	0.200220218 ZINC000001396946_1
0.470360863	0.413771698	0.413771698	0.413818448 ZINC000001400343n_1
0.272846956	0.296058184	0.296058184	0.272845056 ZINC000001400675
0.18852783	0.147652059	0.147652059	0.148765566 ZINC000001407196
0.200836254	0.199989796	0.199989796	0.20057797 ZINC000001410179
5.980875858E-02	5.334675481E-02	5.334675481E-02	5.33595046E-02 ZINC000001420704n
4.442193785E-02	4.066034891E-02	4.066034891E-02	4.015195658E-02 ZINC000001420785
0.183619645	4.423009662E-02	4.423009662E-02	4.406565735E-02 ZINC000001425612_1
9.566287975E-02	0.103966124	0.103966124	9.740020415E-02 ZINC000001437950
0.168365087	0.479638018	0.479638018	0.478302755 ZINC000001438993
0.189236598	5.361274488E-02	5.361274488E-02	5.355069404E-02 ZINC000001443681_2
9.984557695E-02	9.215846819E-02	9.215846819E-02	9.226185558E-02 ZINC000001462902
0.107236669	0.267094255	0.267094255	0.268561478 ZINC000001463335
0.367608963	0.237433097	0.287492693	0.286815529 ZINC000001484979_1
0.963534583	0.331462402	0.152067949	0.155048119 ZINC000001484979
0.418995311	0.417104986	0.417104986	0.417224026 ZINC000001496998_1
0.127483916	0.117401424	0.117401424	0.11755599 ZINC000001505464
0.249005091	0.371023244	0.375196707	0.375173762 ZINC000001564374_1
0.563316347	0.113836178	0.113836178	0.115044269 ZINC000001566068
0.629388967	0.318395428	0.231535868	0.232467248 ZINC000001568873
0.179675774	0.176385177	0.176385177	0.176630041 ZINC000001571661
5.80807882E-02	3.497554088E-02	4.806430874E-02	4.830964762E-02 ZINC000001574573
0.300689682	9.902979248E-02	9.902979248E-02	9.840388439E-02 ZINC000001577089
7.331012173E-02	0.131667693	0.131667693	0.200777809 ZINC000001578695
0.104948801	0.154654405	0.154654405	0.149828598 ZINC000001583786n
0.258643335	0.303827835	0.303827835	0.307116488 ZINC000001603989
0.992566793	0.120268837	0.120268837	0.118946469 ZINC000001606193
0.142773083	7.089665862E-02	7.089665862E-02	7.133088802E-02 ZINC000001611078_1
0.103870592	4.713464429E-02	4.713464429E-02	4.736412809E-02 ZINC000001617863
0.536351853	0.320134823	0.320134823	0.311097664 ZINC000001620111
5.208229666E-02	5.60144374E-02	5.60144374E-02	5.565304893E-02 ZINC000001621780_1
0.186087157	0.156715911	0.156715911	0.156715911 ZINC000001625438
0.134534443	0.128820035	0.128820035	0.129933319 ZINC000001643149
0.113643299	6.34697536E-02	6.34697536E-02	6.420273162E-02 ZINC000001661342n
0.205864318	0.160036899	0.160036899	0.160199452 ZINC000001661342
0.341001044	0.262142736	0.262142736	0.261910929 ZINC000001668602_1
0.283496652	0.286946409	0.286946409	0.286946409 ZINC000001668835
0.18808329	0.188114405	0.188114405	0.188114405 ZINC000001669442
8.426042597E-02	9.13241845E-02	9.13241845E-02	8.38629036E-02 ZINC000001669743
4.815373506E-02	5.440359844E-02	5.440359844E-02	5.461666369E-02 ZINC000001676870n
0.428678448	0.131692506	0.131692506	0.132903974 ZINC000001677949
5.893882496E-02	5.922492141E-02	5.922492141E-02	5.956907068E-02 ZINC000001677981_1
7.629182859E-02	0.11807094	0.11807094	0.116043591 ZINC000001681766_1
0.563601053	0.248765783	0.372496765	0.368398091 ZINC000001683174
0.111395185	4.794050303E-02	4.794050303E-02	4.859847097E-02 ZINC000001685113
0.211160656	4.57641605E-02	4.57641605E-02	4.45317531E-02 ZINC000001685114
0.279981452	0.270998408	0.270998408	0.270175408 ZINC000001687193
0.312937277	0.297853985	0.273016157	0.273942581 ZINC000001692414
9.936118338E-02	6.034490708E-02	6.034490708E-02	6.173599239E-02 ZINC000001696994
0.253786082	0.219575231	0.219575231	0.219972935 ZINC000001697961_1
0.448473268	0.146666932	0.146666932	0.150759205 ZINC000001705340
7.276684802E-02	7.842143701E-02	7.842143701E-02	8.043085436E-02 ZINC000001706223_1
0.10643478	0.101590773	0.101590773	0.101671038 ZINC000001706223
0.276652323	0.207601861	0.207601861	0.224718048 ZINC000001707121
0.136826839	0.125363523	0.125363523	0.126417762 ZINC000001711610
0.151604879	0.116250098	0.116250098	0.116283948 ZINC000001711760_1
0.116803503	5.506537779E-02	5.506537779E-02	5.154384885E-02 ZINC000001718080
5.190730531E-02	4.704020198E-02	4.704020198E-02	4.649179217E-02 ZINC000001719163
0.119578769	7.654168932E-02	7.654168932E-02	7.657589811E-02 ZINC000001721075_1
0.28427707	4.91346915E-02	4.91346915E-02	4.914038681E-02 ZINC000001721892
0.138173871	0.164247935	0.164247935	0.166538002 ZINC000001743783_2
0.170360835	4.973337579E-02	4.973337579E-02	5.355796206E-02 ZINC000001744207_1
0.330744006	0.279083142	0.279083142	0.213676493 ZINC000001744207
0.377131545	0.641021823	0.641021823	0.639569506 ZINC000001752189
0.345434945	0.363414834	0.363414834	0.36417103 ZINC000001752440
0.500197965	0.359648836	0.359648836	0.361301492 ZINC000001753214
8.364744101E-02	7.15413075E-02	7.15413075E-02	7.136395295E-02 ZINC000001754855
0.129015568	0.114406321	0.114406321	0.115519747 ZINC000001760327
4.912686359E-02	4.825960527E-02	4.825960527E-02	4.784700017E-02 ZINC000001843130
0.131670893	8.633794024E-02	8.633794024E-02	9.59696371E-02 ZINC000001870603_1
0.248338634	0.17731362	0.17731362	0.200262345 ZINC000001870603
0.379169473	0.218979478	0.218979478	0.218570902 ZINC000002012927
7.843607153E-02	0.112539021	0.112539021	0.11271618 ZINC000002037527_1
0.366686045	0.456838134	0.456838134	0.452947567 ZINC000002038421_1
0.428648097	0.439376738	0.439376738	0.461393408 ZINC000002038421
0.626224593	0.136090086	0.136090086	0.127324888 ZINC000002043262
8.070089929E-02	8.086491246E-02	8.086491246E-02	8.585405446E-02 ZINC000002048036_2
6.2091513E-02	7.04485339E-02	7.04485339E-02	7.079686993E-02 ZINC000002173760
0.144601103	5.525383555E-02	5.525383555E-02	5.446653822E-02 ZINC000002232417_1
0.208027294	8.236186446E-02	8.236186446E-02	8.092639927E-02 ZINC000002292870n_1
0.174177553	0.134669035	0.134669035	0.135794847 ZINC000002384500
0.221806505	0.175652267	0.175652267	0.176175805 ZINC000002386480n
0.119362686	6.880612766E-02	6.880612766E-02	7.096872674E-02 ZINC000002488985_1
0.42273243	0.100787519	0.100787519	0.101336518 ZINC000002488985
0.400677233	0.40034442	0.40034442	0.400261322 ZINC000002506754
3.038673519E-02	2.063476302E-02	2.063476302E-02	2.088560285E-02 ZINC000002507566_1
0.675863652	0.198357795	0.198357795	0.194091844 ZINC000002507566
0.122012852	7.008155112E-02	7.008155112E-02	7.035495916E-02 ZINC000002507829
0.334088626	0.143218269	0.143218269	0.142869059 ZINC000002509844
0.146229357	0.126180954	0.126180954	0.129216284 ZINC000002511723n_2
0.371194089	8.84981361E-02	0.102953799	0.106175744 ZINC000002511723n_3
3.391925895E-02	3.391925895E-02	3.391925895E-02	3.391925895E-02 ZINC000002511723n_4
0.126803249	5.594641723E-02	5.594641723E-02	5.838601244E-02 ZINC000002511723n_5
0.347176343	7.626560242E-02	7.626560242E-02	6.170604419E-02 ZINC000002511723n
0.211627665	0.118170191	0.118170191	0.266812689 ZINC000002511723
9.228761144E-02	9.541155788E-02	9.541155788E-02	9.541155788E-02 ZINC000002516028
0.172157033	7.699745668E-02	7.699745668E-02	7.960446913E-02 ZINC000002524420
0.643711437	0.136192152	0.151040584	0.168557897 ZINC000002529367
0.260486182	0.229160212	0.229160212	0.229010876 ZINC000002556216n
0.153070653	0.122533444	0.122533444	0.122013151 ZINC000002556216
3.993971682E-02	3.716759801E-02	3.716759801E-02	3.882448491E-02 ZINC000002556841
0.305476464	0.273694711	0.234191728	0.25233387 ZINC000002573398
5.825294423E-02	7.195693586E-02	7.195693586E-02	7.092798013E-02 ZINC000002577992
0.139907151	0.129732648	0.129732648	0.124678108 ZINC000002582890
0.336543976	0.369319644	0.369319644	0.358919327 ZINC000002583571
0.161760105	0.111789841	0.111789841	0.112449237 ZINC000002584295
0.12092596	7.414879157E-02	7.414879157E-02	6.528851247E-02 ZINC000002599164
8.089873651E-02	8.221235038E-02	8.221235038E-02	8.218072698E-02 ZINC000002599218
0.193431072	9.316228413E-02	9.316228413E-02	9.33064356E-02 ZINC000002774749_1
0.257989314	0.204202826	0.206906882	0.207420407 ZINC000002778777_2
0.310095114	0.159598528	0.159598528	0.159795479 ZINC000002786753
8.044275843E-02	4.677768399E-02	4.677768399E-02	4.675928165E-02 ZINC000002895850_1
0.187739308	0.410468274	0.410468274	0.411228978 ZINC000003029908_1
9.265686359E-02	6.009025987E-02	4.449142594E-02	4.366473441E-02 ZINC000003070079n
0.131071395	6.967676076E-02	5.137290506E-02	4.964422194E-02 ZINC000003070079
0.110959567	5.819868129E-02	5.819868129E-02	5.794486437E-02 ZINC000003080625_1
8.717723168E-02	9.064912868E-02	9.064912868E-02	9.261860418E-02 ZINC000003086176_1
0.241428868	0.229755958	0.229755958	0.238047393 ZINC000003127918
0.134522211	0.105728862	0.105728862	0.101822944 ZINC000003127994
8.943574212E-02	0.419939377	0.49956375	0.510476946 ZINC000003132279
7.034894911E-02	6.174412913E-02	6.174412913E-02	6.241820684E-02 ZINC000003137923
0.114414047	0.124617209	0.124617209	0.117588797 ZINC000003165873
0.39824904	0.385850022	0.360416718	0.36275621 ZINC000003189195
0.171996681	0.112529154	0.112529154	0.115304214 ZINC000003230885
0.108174037	0.119536165	0.119536165	0.121565478 ZINC000003292855_1
0.723006428	4.928524532E-02	4.928524532E-02	4.964028659E-02 ZINC000003468889_1
0.197660806	6.875789774E-02	6.875789774E-02	6.887740599E-02 ZINC000003468889n_1
0.183176702	0.113007671	0.113007671	0.112051754 ZINC000003468889n
0.147754892	0.116575929	0.116575929	0.112299248 ZINC000003628406
7.173654265E-02	6.446690389E-02	6.446690389E-02	6.720498447E-02 ZINC000003647272n
0.43932778	0.541411141	0.541411141	0.554312051 ZINC000003704331
0.11701355	0.285916543	0.285916543	0.285558278 ZINC000003732452
0.821234585	0.881860116	0.881860116	0.878095447 ZINC000003732484_1
0.451004134	0.226441284	0.226441284	0.233472024 ZINC000003732484
0.11755746	9.752460944E-02	9.752460944E-02	0.100321103 ZINC000003845199
0.179253782	0.106503927	0.106503927	0.108661245 ZINC000003845997
3.399433906E-02	3.93069073E-02	3.93069073E-02	3.971191539E-02 ZINC000003847683
0.217062474	0.184977839	0.184977839	0.184344618 ZINC000003848005_1
0.278823404	0.148021864	0.148021864	0.1486756 ZINC000003848247
9.93958506E-02	0.130979742	0.130979742	0.132635375 ZINC000003848293
0.216425074	0.210783366	0.210783366	0.211433603 ZINC000003848355
0.435168295	0.431165967	0.428865386	0.42880779 ZINC000003850821_1
0.411321603	0.119865704	0.119865704	0.115510455 ZINC000003880447_1
0.407373176	0.135496666	0.159403934	0.161838917 ZINC000003887489n
3.526395507E-02	3.666407393E-02	3.666407393E-02	3.625258178E-02 ZINC000003887569_1
7.44739481E-02	4.201682434E-02	6.776391282E-02	6.720106763E-02 ZINC000003888383
0.125259676	0.136190674	0.136190674	0.142270469 ZINC000003937375n_1
0.359189187	0.59781333	0.346849002	0.348628369 ZINC000003993826
0.238941275	0.203887939	0.203887939	0.20571383 ZINC000004002567
0.164414158	2.871972054E-02	2.871972054E-02	2.868355665E-02 ZINC000004011673
0.11063382	9.738151189E-02	9.738151189E-02	9.821953187E-02 ZINC000004023402_1
9.041437943E-02	0.108790613	0.108790613	0.108110806 ZINC000004025328_1
8.123513391E-02	7.516380565E-02	7.516380565E-02	7.422570981E-02 ZINC000004026369
0.205164474	0.236009681	0.236009681	0.24072101 ZINC000004091655_1
0.339987085	0.42926168	0.42926168	0.434582459 ZINC000004097541
5.892082237E-02	8.374011425E-02	8.374011425E-02	8.281044428E-02 ZINC000004101141_2
0.250999377	0.213385119	0.213385119	0.215715648 ZINC000004143698
0.26327913	7.800939577E-02	7.800939577E-02	7.799752956E-02 ZINC000004189718_1
0.250904567	0.171282204	0.171282204	0.170389368 ZINC000004189718_2
0.279001015	0.368933333	0.311147058	0.306377115 ZINC000004189718
5.135833366E-02	3.488119371E-02	3.488119371E-02	3.506323373E-02 ZINC000004202974
0.179743812	0.472043054	0.472043054	0.471713197 ZINC000004214486_2
0.202638205	0.277656435	0.261985942	0.262176057 ZINC000004214486
0.450515093	0.408750778	0.408750778	0.409284554 ZINC000004237890n
9.368876804E-02	0.267401557	0.267401557	0.263697763 ZINC000004237890
0.109517475	0.120595477	0.120595477	0.120275221 ZINC000004262098
0.417397177	0.416729495	0.416729495	0.416729495 ZINC000004271993
0.107185987	0.203380908	0.203380908	0.199114341 ZINC000004303615
0.882844599	0.138813165	0.138813165	0.140056435 ZINC000004329339
3.108601544E-02	3.771209575E-02	3.771209575E-02	3.771209575E-02 ZINC000004403768
4.906521075E-02	4.225075405E-02	4.225075405E-02	4.190965854E-02 ZINC000004419542_1
0.114165769	4.507011479E-02	4.507011479E-02	4.533992891E-02 ZINC000004521853_1
0.444767153	0.367421437	0.367421437	0.36759529 ZINC000004521853
0.415703684	0.14192319	0.14192319	0.141933183 ZINC000004530442
0.213118378	0.301914188	0.304573738	0.309884776 ZINC000004553215_1
0.186696036	5.371493455E-02	5.371493455E-02	5.350605699E-02 ZINC000004642428
7.477357966E-02	6.857617875E-02	6.857617875E-02	6.828888555E-02 ZINC000004663220_1
0.577199965	0.198942165	0.198942165	0.198850918 ZINC000004708120_1
0.140070399	8.248854336E-02	8.248854336E-02	9.621103322E-02 ZINC000004708205
0.19570526	0.138313884	0.138313884	0.140177403 ZINC000004715062n
0.146540825	0.121405265	0.121405265	0.120929989 ZINC000004715062
0.280323124	0.216567035	0.216567035	0.218033866 ZINC000004718856
7.963514372E-02	6.051732923E-02	6.051732923E-02	6.306519293E-02 ZINC000004722141n
0.540980275	0.103459958	0.103459958	9.541106117E-02 ZINC000004753987
0.226184041	0.273497852	0.273497852	0.267622444 ZINC000004765095
0.22365242	0.124428699	0.124428699	0.122701267 ZINC000004776052
6.913759839E-02	9.093511307E-02	9.093511307E-02	0.160685555 ZINC000004777604
0.19240051	0.305065265	0.305065265	0.305503889 ZINC000004777715
0.107365693	7.967244286E-02	7.967244286E-02	0.114577095 ZINC000004800545
0.452937691	0.230826576	0.230826576	0.228620039 ZINC000004803017n
0.444409051	0.446969432	0.446969432	0.542515036 ZINC000004803017
0.104403269	6.898033408E-02	6.898033408E-02	6.774180252E-02 ZINC000004803166_1
0.156647196	0.233066591	0.233066591	0.232775924 ZINC000004803166
7.646708195E-02	4.554907222E-02	4.554907222E-02	4.668222508E-02 ZINC000004806336
0.106473824	9.054180547E-02	9.054180547E-02	8.801122689E-02 ZINC000004812189
0.300343391	7.772416279E-02	0.177662194	0.182107104 ZINC000004829503
3.590974988E-02	3.557925264E-02	3.557925264E-02	3.522613272E-02 ZINC000004829905_1
0.217271598	5.639860569E-02	5.639860569E-02	5.845548176E-02 ZINC000004829905
0.104269255	0.217714118	0.217714118	0.199094746 ZINC000004831127_1
0.640535161	0.636136162	0.636136162	0.636292368 ZINC000004837503
0.240806428	0.200230297	0.200230297	0.215914132 ZINC000004945865
6.661191911E-02	6.831827494E-02	6.831827494E-02	6.872357756E-02 ZINC000004948170
0.193366118	0.158969458	0.158969458	0.160687699 ZINC000004972506n
0.567824425	0.241080627	0.241080627	0.241720626 ZINC000004983935
7.305862496E-02	9.859193796E-02	0.166523127	0.166091994 ZINC000005003536
0.221525062	6.722038242E-02	6.722038242E-02	6.660755319E-02 ZINC000005004779n
0.327490431	0.31024006	0.31024006	0.310594892 ZINC000005046237n
0.571849842	0.408771315	0.408771315	0.408347787 ZINC000005064297
4.684591924E-02	4.59413549E-02	4.59413549E-02	4.607385697E-02 ZINC000005092432
0.340598411	0.295521393	0.295521393	0.295567608 ZINC000005103411
0.272260867	0.202474235	0.202474235	0.201650325 ZINC000005105366
0.135060917	0.324879624	0.324879624	0.324953517 ZINC000005120986
0.142706739	3.12672541E-02	3.12672541E-02	3.119267706E-02 ZINC000005134167
0.131843022	0.681986839	0.681986839	0.683119942 ZINC000005282860
7.731491588E-02	8.081629512E-02	8.081629512E-02	8.201203637E-02 ZINC000005282936
0.282090235	0.303391337	0.303391337	0.303450208 ZINC000005306547
0.275397105	0.148706455	0.148706455	0.146975731 ZINC000005328863
8.105039461E-02	8.433698781E-02	8.433698781E-02	6.730254646E-02 ZINC000005356732
0.102069878	8.600943254E-02	8.600943254E-02	8.618754686E-02 ZINC000005368516_1
0.594351483	0.580282632	0.580282632	0.580668044 ZINC000005375234
0.118128633	0.150644901	0.150644901	0.105329085 ZINC000005377859
9.152052018E-02	0.106130234	0.106130234	0.110848201 ZINC000005392875
0.346913331	0.200749412	0.200749412	0.199788271 ZINC000005398141_2
4.304510586E-02	4.30437367E-02	4.30437367E-02	4.350843653E-02 ZINC000005409176_1
0.382049209	0.328568406	0.328568406	0.328980405 ZINC000005409176
0.4309557	0.423230128	0.423230128	0.424003011 ZINC000005422896
0.327552987	0.371206434	0.371206434	0.365462639 ZINC000005482225
1.11184235	0.199270209	0.199270209	0.197038852 ZINC000005495750
9.757220596E-02	0.184499509	0.184499509	0.186200268 ZINC000005496263_1
8.250365345E-02	0.229356479	0.229356479	0.228396395 ZINC000005496347_1
0.177409891	8.321343375E-02	8.321343375E-02	8.413847384E-02 ZINC000005496377_1
0.339366633	0.247633424	0.247633424	0.242201594 ZINC000005514950
7.602548293E-02	6.931618523E-02	6.931618523E-02	7.109429916E-02 ZINC000005518522
0.138966331	8.326055902E-02	8.326055902E-02	8.04859437E-02 ZINC000005542407
0.131145381	0.243572776	0.243572776	0.228729402 ZINC000005551296_1
0.153323987	0.171668961	0.171668961	0.171682711 ZINC000005551296n_1
0.216371872	0.198639909	0.198639909	0.201084184 ZINC000005551296n
0.41874796	0.467652236	0.467652236	0.468426715 ZINC000005566939
0.175070311	0.19974694	0.19974694	0.20183545 ZINC000005572792
0.551816201	6.429812785E-02	6.429812785E-02	6.490571421E-02 ZINC000005583033_1_1
0.322936053	0.123135401	0.123135401	0.123270018 ZINC000005583033_1
5.390873579E-02	6.002651719E-02	6.002651719E-02	6.093525483E-02 ZINC000005595445_1
0.222668431	0.292854066	0.292854066	0.29368948 ZINC000005600318n
0.489412637	3.085858828E-02	3.085858828E-02	3.076006567E-02 ZINC000005604611_1
0.477807865	4.117682327E-02	4.117682327E-02	3.948372754E-02 ZINC000005604611
0.270090928	0.288673471	0.288673471	0.2817326 ZINC000005604910
7.952664375E-02	9.300487798E-02	9.300487798E-02	8.338932438E-02 ZINC000005647151_1
0.21578401	0.180518472	0.180518472	0.184437262 ZINC000005659883
1.03124158	0.390616217	0.390616217	0.391230267 ZINC000005684049
0.522003993	0.155318185	0.155318185	0.155346771 ZINC000005721304
0.128336476	0.141889018	0.141889018	0.132877184 ZINC000005741199
6.664473863E-02	3.611534095E-02	3.611534095E-02	3.709281102E-02 ZINC000005742670_1
5.828967767E-02	5.650857675E-02	5.650857675E-02	5.641245216E-02 ZINC000005760696_1
0.163067563	0.108827333	0.108827333	0.109301478 ZINC000005760696
0.229587371	9.147554116E-02	9.147554116E-02	9.197996906E-02 ZINC000005773132_1
0.483325505	0.360119638	0.360119638	0.360099435 ZINC000005799093
0.181110948	0.108534128	0.108534128	0.100158558 ZINC000005928269_2
0.156092934	0.138792396	0.138792396	0.128823984 ZINC000005928269n
0.157966438	0.134048154	0.134048154	0.124816024 ZINC000005932712
9.796703648E-02	5.167056463E-02	5.167056463E-02	5.15184558E-02 ZINC000005939868_1
0.214425049	0.188747036	0.188747036	0.186705107 ZINC000005939868
0.154079815	0.135404027	0.135404027	0.141683689 ZINC000005940433n
0.225020228	0.254259607	0.254259607	0.221082936 ZINC000005940433
0.49054611	6.340041989E-02	6.340041989E-02	5.207041027E-02 ZINC000005986331
0.388350176	7.688462914E-02	7.688462914E-02	7.81397338E-02 ZINC000005997783
0.267896903	8.073866975E-02	8.073866975E-02	8.142551409E-02 ZINC000006069105
0.195763999	9.0192793E-02	9.0192793E-02	0.157318735 ZINC000006143899_1
8.557528492E-02	0.200996009	0.200996009	0.228408827 ZINC000006143899
0.17212944	0.163863134	0.163863134	0.164867921 ZINC000006158590
0.168553117	0.163799447	0.163799447	0.165333786 ZINC000006161237
0.132738507	0.102548658	0.102548658	0.107460368 ZINC000006240129
4.278154922E-02	8.896279741E-02	8.896279741E-02	8.896279741E-02 ZINC000006361500
0.209482535	9.85645791E-02	9.85645791E-02	9.875517159E-02 ZINC000006420595
0.221933546	0.156829925	0.145908006	0.146181514 ZINC000006448831_1
9.275073722E-02	0.104924007	0.104924007	0.107620838 ZINC000006448937
7.497298259E-02	6.487505754E-02	6.487505754E-02	6.275407032E-02 ZINC000006485563
0.268991901	0.286341597	0.286341597	0.28944333 ZINC000006504156
0.291651017	0.327225902	0.327225902	0.326121443 ZINC000006566832_1
0.299056503	0.398664879	0.398664879	0.400934464 ZINC000006566832_2
0.143437316	3.222489501E-02	3.222489501E-02	3.202044504E-02 ZINC000006566832_3
0.143344425	0.151762424	0.151762424	0.164219318 ZINC000006672310
7.36632899E-02	0.105297649	0.105297649	0.105784382 ZINC000006755487n
0.158421974	0.136871434	0.136871434	0.133134089 ZINC000006815534
0.10900533	7.734109468E-02	7.734109468E-02	7.634093499E-02 ZINC000006817187
0.484492692	0.328330809	0.328330809	0.327842276 ZINC000007141472
7.979234534E-02	8.490653896E-02	8.490653896E-02	8.210773419E-02 ZINC000007778791
8.008647029E-02	6.22233278E-02	6.22233278E-02	6.390702333E-02 ZINC000008100974
0.229712825	5.793397727E-02	5.793397727E-02	5.021776196E-02 ZINC000008299379
0.899410445	0.259154379	0.259154379	0.255909821 ZINC000008413630_1
0.220915074	0.203571961	0.203571961	0.199362344 ZINC000008413630
0.442653871	0.457819208	0.457819208	0.454054496 ZINC000008575676
0.259355439	0.108729458	0.108729458	9.629838956E-02 ZINC000008616088
0.282963974	0.286967319	0.286967319	0.286593876 ZINC000008618569
0.457078846	0.137908603	0.137908603	0.143908765 ZINC000008652230
0.247392882	0.212572741	0.212572741	0.224028356 ZINC000008730234
0.356208907	0.161144686	0.161144686	0.167133704 ZINC000008731869n
0.344750962	0.16669262	0.16669262	0.164665736 ZINC000008731869
5.091796685E-02	7.103815777E-02	7.103815777E-02	5.583400322E-02 ZINC000008755350
0.45454222	0.455355678	0.455355678	0.455355678 ZINC000009941083_1
0.406129457	0.402212735	0.402212735	0.40257579 ZINC000009954092_1
0.33280696	0.242489055	0.242489055	0.24809885 ZINC000011567736n
0.38673408	0.260716144	0.260716144	0.258345443 ZINC000011567736
0.109804618	0.192698132	0.192698132	0.189175073 ZINC000011597105n
0.473902468	0.202571268	0.202571268	0.201280641 ZINC000011631704n
0.540568611	0.311194193	0.311194193	0.312728538 ZINC000011631704
0.109302131	5.87408303E-02	5.87408303E-02	5.690188052E-02 ZINC000011804024
0.177014435	0.174001386	0.174001386	0.180287671 ZINC000011848828n
0.203581236	0.113864324	0.113864324	0.117823886 ZINC000011848828
6.388165304E-02	5.768860108E-02	5.768860108E-02	5.825618216E-02 ZINC000011867375
0.330474855	0.202727573	0.202727573	0.291628259 ZINC000011920335
0.291357269	0.168407915	0.168407915	0.163461795 ZINC000012153222
4.009618035E-02	5.725154002E-02	3.996348136E-02	3.54345826E-02 ZINC000012336658
0.116134131	0.121312017	0.121177034	0.122817668 ZINC000012341685
0.126305608	0.145652096	0.145652096	0.14514644 ZINC000012359370
0.148653237	0.184990528	0.184990528	0.182096197 ZINC000012360535n
7.571288773E-02	7.963605271E-02	7.963605271E-02	7.854305725E-02 ZINC000012394573n
0.287625514	0.136949504	0.136949504	0.144401121 ZINC000012394573
0.182168682	0.45805366	0.45805366	0.458134628 ZINC000012407298
0.101834588	8.267850825E-02	8.267850825E-02	8.469018288E-02 ZINC000012416954
0.131077208	0.1765408	0.1765408	0.179712693 ZINC000012433147
0.207419667	0.163393807	0.163393807	0.164360938 ZINC000012444737_1
0.243416709	0.243026387	0.243026387	0.242949324 ZINC000012446871
0.18206135	0.256611666	0.256611666	0.249855995 ZINC000012504937
2.572708044E-02	2.565768239E-02	2.565768239E-02	2.541502939E-02 ZINC000012603478
8.958181739E-02	0.109386779	0.109386779	0.11406491 ZINC000012650823_1
0.485079949	0.120873189	0.120873189	0.122102212 ZINC000013209422
0.190040802	0.289472004	0.218353528	0.153940605 ZINC000013228217
0.209503924	0.25770568	0.25770568	0.261317613 ZINC000013284845n
0.270529888	0.180231394	0.106508985	0.106670463 ZINC000013284968n
7.147265906E-02	8.687725087E-02	8.687725087E-02	8.484669401E-02 ZINC000013305154
0.215318662	0.220696348	0.220696348	0.217108955 ZINC000013437802
0.125910026	0.181069232	0.181069232	0.178078904 ZINC000013525814
0.611018002	0.672955067	0.672955067	0.691542144 ZINC000013573731
0.134348262	0.133517656	0.133517656	0.133186578 ZINC000013637396
0.344535815	0.354447064	0.354447064	0.346051633 ZINC000013653875n
0.456266255	0.393582467	0.393582467	0.387177459 ZINC000013653875
1.16851597	0.208634492	0.208634492	0.213896641 ZINC000013858485
0.113430941	0.100334237	0.100334237	0.100275777 ZINC000013997957_1
0.161621097	0.167871053	0.167871053	0.166736884 ZINC000014983883
8.41366013E-02	6.045727815E-02	6.045727815E-02	6.034130685E-02 ZINC000014988034
0.431741404	9.688644774E-02	9.688644774E-02	9.560775741E-02 ZINC000015444386
0.404418966	0.300751044	0.300751044	0.301392468 ZINC000015828451_1
0.726647984	0.164820285	0.164820285	0.165226033 ZINC000015864704
0.138463805	9.967078784E-02	9.967078784E-02	9.967078784E-02 ZINC000016036051
0.359049118	0.387997765	0.387997765	0.362758933 ZINC000016159453
0.482579721	0.264256825	0.264021098	0.263979716 ZINC000016546088
0.313669698	0.142640207	0.142640207	0.142695186 ZINC000016607357
8.038279089E-02	0.237761678	0.237761678	0.243797348 ZINC000016675735
0.790392418	0.132465927	5.542497662E-02	6.138133163E-02 ZINC000016941977
0.288240515	8.763090528E-02	8.763090528E-02	9.019651248E-02 ZINC000016954046_1
0.466862425	0.272646745	0.33964074	0.316284787 ZINC000017025509
0.743900692	0.329677642	0.328731848	0.349828632 ZINC000017105000
0.673938058	0.680524751	0.680524751	0.68051718 ZINC000017107912_1
0.261318275	0.28336157	0.28336157	0.282820419 ZINC000017126154
0.627943128	0.207846383	0.207846383	0.208108816 ZINC000017142425_1
0.176159647	0.135025336	0.135025336	0.135397985 ZINC000017191210
0.319210006	0.299373159	0.299373159	0.283869669 ZINC000017299419
0.254636048	0.193018597	0.193018597	0.195516686 ZINC000018069273
5.300549877E-02	3.659254049E-02	3.659254049E-02	3.708679123E-02 ZINC000018208791
8.832567166E-02	0.121807409	0.121807409	0.121807409 ZINC000018323561
0.337871247	0.289691138	0.289691138	0.323541492 ZINC000019091590
0.204854862	0.150742316	0.137605806	0.143349978 ZINC000019319542
0.114113293	0.107965703	0.107965703	0.108113201 ZINC000019325717_1
6.387174944E-02	0.104884535	0.104884535	0.106162502 ZINC000019325717_2
0.594510423	0.15132061	0.128832805	0.126579533 ZINC000019329234
4.611635857E-02	9.98659998E-02	9.98659998E-02	0.100433962 ZINC000019331017
1.09599668	0.154510423	0.154510423	0.171683417 ZINC000019345434
0.200610848	7.016749746E-02	7.016749746E-02	6.448736623E-02 ZINC000019390946_1
0.170530919	0.141102634	0.141102634	0.129975592 ZINC000019390946
0.401610224	0.376979931	0.376979931	0.379562031 ZINC000019470639
0.185741114	9.97407694E-02	9.97407694E-02	0.126101597 ZINC000019504940
0.254605697	7.332374884E-02	7.028831691E-02	7.008367046E-02 ZINC000019732994
0.49708606	0.469544141	0.469544141	0.471541139 ZINC000019754878
0.108701247	0.107280509	0.107280509	0.112035059 ZINC000019763830
0.151975596	0.145870371	0.145870371	0.145881841 ZINC000019770046n
0.115297584	0.12073853	0.12073853	0.121283184 ZINC000019801200_1
9.586721029E-02	0.104321694	0.104321694	0.104437461 ZINC000019831265_1
0.328096915	0.344370837	0.344370837	0.393320929 ZINC000019841146
9.986382779E-02	7.977777564E-02	7.977777564E-02	7.924612304E-02 ZINC000019865660
0.306433042	3.388296142E-02	3.388296142E-02	3.421137127E-02 ZINC000019909050
1.26849769	0.169470833	0.169470833	0.171793652 ZINC000019909419
0.158726429	7.975151246E-02	7.975151246E-02	7.944925901E-02 ZINC000019947314_1
0.16631548	0.17203059	0.17203059	0.170719889 ZINC000020113932n
0.227806252	0.185808034	0.185808034	0.186085329 ZINC000020160617_1
0.108800225	0.582278314	0.582278314	0.532817581 ZINC000020216353
0.275993729	0.189677094	0.189677094	0.189977637 ZINC000020281466
0.370174248	0.415724575	0.415724575	0.415733844 ZINC000020282640_1
0.101004451	7.387909386E-02	7.387909386E-02	7.492869576E-02 ZINC000020286599
0.199336585	0.205988219	0.205988219	0.182632356 ZINC000020354504
0.168132535	0.155104276	0.155104276	0.15100512 ZINC000020380764n
0.571857638	0.192236502	0.192236502	0.188443737 ZINC000020440507
0.312113052	0.3111033	0.3111033	0.311618807 ZINC000020445716
0.238640962	6.56023015E-02	6.56023015E-02	6.562879015E-02 ZINC000020534067_1
0.163845367	7.366348624E-02	7.366348624E-02	7.402110787E-02 ZINC000020534067
7.772070943E-02	7.667298564E-02	7.667298564E-02	7.707399331E-02 ZINC000020534579_1
5.733768413E-02	4.859382177E-02	4.859382177E-02	4.925750684E-02 ZINC000020581282_1
8.011552205E-02	6.237362729E-02	6.237362729E-02	6.317096516E-02 ZINC000020720251_1
9.507797463E-02	8.817331523E-02	8.817331523E-02	8.776531167E-02 ZINC000020973650n
0.411307532	0.319441664	0.319441664	0.315661324 ZINC000021297338
0.142186348	0.117172539	0.117172539	0.118634475 ZINC000021949999n
0.229631217	8.819905076E-02	8.819905076E-02	7.925896551E-02 ZINC000021949999
0.349927069	0.127523113	0.127523113	0.126557258 ZINC000021953421_2
0.109571555	8.584338214E-02	8.584338214E-02	8.649054578E-02 ZINC000021953421
0.451419486	0.409275164	0.409275164	0.404774037 ZINC000021985153n
7.931854628E-02	9.956409235E-02	9.956409235E-02	0.105805812 ZINC000022015856
8.471334643E-02	8.33675588E-02	8.33675588E-02	8.223581463E-02 ZINC000022055084
7.537430836E-02	7.986850577E-02	7.986850577E-02	8.112792794E-02 ZINC000022115648n
0.519574952	0.425664016	0.425664016	0.429371092 ZINC000022788807n
0.433812906	0.365489828	0.365489828	0.372920489 ZINC000023066147_1
0.248352354	0.105270844	0.105270844	9.942534639E-02 ZINC000023066147
0.137316544	0.137316544	0.137316544	0.137316544 ZINC000023070350_1
0.179332534	0.298635891	0.298635891	0.297047723 ZINC000023070350
0.147672636	0.131066473	0.131066473	0.127142055 ZINC000025336397
6.543185892E-02	4.276841805E-02	4.276841805E-02	4.319816483E-02 ZINC000025628544_2
0.217782496	0.215221767	0.242568588	0.247387103 ZINC000025757901n
7.503253168E-02	8.088228688E-02	8.088228688E-02	7.887021455E-02 ZINC000025978177
0.289024895	0.192724423	0.192724423	0.183016409 ZINC000026422980n
0.197636542	0.205773024	0.205773024	0.203981885 ZINC000026502377
0.423183979	0.422776372	0.422776372	0.430933777 ZINC000026742018
0.211195505	0.213386118	0.213386118	0.21375701 ZINC000026895446
0.212880121	0.1733973	0.1733973	0.178939213 ZINC000026897587
0.11879268	7.239538836E-02	7.239538836E-02	7.279934833E-02 ZINC000026898894
0.26170363	7.775546379E-02	7.775546379E-02	7.782562615E-02 ZINC000028294478
0.114020742	0.146928685	0.146928685	0.13417419 ZINC000028873866_2
0.392009501	0.112245727	0.112245727	0.118246042 ZINC000028873866
0.462930595	0.161793746	0.161793746	0.161338971 ZINC000028948766
0.122263464	0.120668472	7.988150615E-02	8.170454733E-02 ZINC000029347641_1
4.99617533E-02	0.457622451	0.457622451	0.457622451 ZINC000031810597_2
0.349351894	0.294823181	0.294823181	0.291338369 ZINC000031819861
8.766517676E-02	6.631143055E-02	6.631143055E-02	6.631143055E-02 ZINC000032099445
0.15933452	8.25681904E-02	8.25681904E-02	8.23070652E-02 ZINC000032182542
0.126656218	6.491455916E-02	6.491455916E-02	6.825643581E-02 ZINC000032208683
0.442237572	0.448286091	0.448286091	0.453085952 ZINC000032501004
0.165875333	0.14352618	0.15266308	0.151515484 ZINC000032629462n
0.854045444	0.376382156	0.376382156	0.382135082 ZINC000032650373
8.673390887E-02	7.944894181E-02	7.944894181E-02	8.789361144E-02 ZINC000032919481_2
5.458001157E-02	5.126132345E-02	5.126132345E-02	5.344621676E-02 ZINC000033374122
7.626428556E-02	0.119891036	0.119891036	0.115065735 ZINC000033487145
0.317716207	0.11363713	0.11363713	0.105396898 ZINC000033755328
0.257571917	0.15347857	0.15347857	0.15377968 ZINC000033779816
0.398574193	0.508289461	0.508289461	0.50950336 ZINC000033855254_2
0.167978708	0.172183911	0.172183911	0.171452604 ZINC000034182485
0.255836181	0.186444671	0.186444671	0.187361237 ZINC000034183726
0.427970545	0.309775863	0.309775863	0.317643778 ZINC000034235494
0.105654631	8.089716531E-02	8.089716531E-02	8.108451072E-02 ZINC000034278388
0.125257201	0.141235826	0.141235826	0.138741364 ZINC000034290676_1
0.625460937	0.360330416	0.360330416	0.376811936 ZINC000034380900
0.452219946	0.306983124	0.326735244	0.321595081 ZINC000034380901
8.294190456E-02	7.030785081E-02	7.030785081E-02	7.018637419E-02 ZINC000034407239
6.50237128E-02	0.193090395	0.193090395	0.19141122 ZINC000034481414
6.31407445E-02	4.224541346E-02	4.224541346E-02	4.117336085E-02 ZINC000034490455
8.38871877E-02	6.169625183E-02	6.169625183E-02	6.149482086E-02 ZINC000034519079
0.112928194	6.030716187E-02	6.030716187E-02	5.918101831E-02 ZINC000034555277
0.238957296	7.353300086E-02	7.353300086E-02	7.210974035E-02 ZINC000034571268_1
8.802911989E-02	6.735054862E-02	6.735054862E-02	6.79205427E-02 ZINC000034618206_1
9.133640013E-02	0.107528379	0.107528379	9.513486648E-02 ZINC000034771056
0.62954844	0.163046945	0.184206907	0.193257716 ZINC000034936016
0.354812637	0.165110681	0.165110681	0.164517221 ZINC000035458091
9.3161837E-02	0.24210321	0.24210321	0.240946131 ZINC000035570805_1
0.113016593	0.134618888	0.134618888	0.136713648 ZINC000035570805
8.577207231E-02	9.387459099E-02	9.387459099E-02	8.938201855E-02 ZINC000035606359
9.418288225E-02	0.101452921	0.101452921	0.102560966 ZINC000035644930n
0.147307835	0.261843649	0.261843649	0.259261695 ZINC000035644930
0.563778385	0.563751447	0.563751447	0.563751447 ZINC000035731136
0.118615244	0.151117165	0.151117165	0.142911529 ZINC000035752097
0.499673927	0.237132316	0.237132316	0.229559117 ZINC000035970936
0.346769762	0.345544594	0.345544594	0.347093569 ZINC000036075404
0.532565691	9.386606022E-02	9.386606022E-02	9.541526689E-02 ZINC000036140943n
0.160279241	0.127303459	0.127303459	0.126248812 ZINC000036222630_1
0.938282393	0.914159493	0.95616203	0.966981703 ZINC000036338882
0.154159964	0.108981759	0.108981759	0.109431528 ZINC000036405532_2
9.388187625E-02	9.56661705E-02	9.56661705E-02	9.628832617E-02 ZINC000036472809
9.47136116E-02	8.998066045E-02	8.998066045E-02	8.975892616E-02 ZINC000036533315
8.325201223E-02	8.816038004E-02	8.252167178E-02	8.447531084E-02 ZINC000036722181_1
0.157678391	9.919200717E-02	9.919200717E-02	9.90481402E-02 ZINC000037180282
0.210468682	0.408739218	0.408739218	0.408428881 ZINC000037240057_1
0.174059791	0.191002822	0.191002822	0.186327024 ZINC000037408014
0.151705419	0.201526584	0.201526584	0.200795782 ZINC000037439210n
0.340307656	0.292263138	0.292263138	0.299052451 ZINC000037439210
0.377397968	0.281779548	0.281779548	0.276823207 ZINC000037730507
0.434815263	0.465679256	0.465679256	0.465679371 ZINC000038063705_1
0.583222185	0.488687942	0.488687942	0.462038168 ZINC000038063705
0.310161843	0.305902463	0.305902463	0.307376606 ZINC000038124736n_1
0.241529697	7.274370573E-02	7.274370573E-02	7.340918236E-02 ZINC000038124736n
0.131672596	0.19768841	0.19768841	0.174797088 ZINC000038124736
8.317526531E-02	6.090315561E-02	5.787524154E-02	5.675180417E-02 ZINC000038352257
8.338521743E-02	0.326007188	0.326007188	0.324897768 ZINC000038391975
7.077999658E-02	6.050322875E-02	5.709274431E-02	5.838276732E-02 ZINC000038534769_1
0.413755145	0.116124402	0.116124402	0.116183391 ZINC000038583212_1
0.499176323	0.296214983	0.296214983	0.302197663 ZINC000038583212_2
0.463228074	0.294890786	0.294890786	0.295460999 ZINC000038583212
0.325397863	0.158384467	0.158384467	0.158811919 ZINC000039101372
6.914875623E-02	0.178823008	0.178823008	0.179325067 ZINC000039113424n_2
0.132102163	0.143346381	0.143346381	0.143223702 ZINC000039119147_1
0.162354472	0.147603506	0.147603506	0.147603506 ZINC000039133247
8.717114838E-02	8.876172649E-02	8.876172649E-02	8.718659206E-02 ZINC000039148328
0.720764099	0.691439593	0.691439593	0.691186308 ZINC000039243736
0.26260392	6.388067437E-02	0.163160697	0.169387974 ZINC000039253580
0.194869006	0.130050384	0.130050384	0.129426958 ZINC000039254274
7.922801932E-02	3.522070902E-02	3.522070902E-02	3.49046552E-02 ZINC000039262016
0.337349642	0.335009718	0.250308959	0.251481283 ZINC000039269407n
0.137157445	9.231060224E-02	9.231060224E-02	9.263712257E-02 ZINC000039279376_1
9.65917927E-02	0.200418862	0.200418862	0.228932158 ZINC000039339470n
9.405534776E-02	0.1902054	0.1902054	0.189248354 ZINC000039339470
0.569508934	5.977027506E-02	5.977027506E-02	5.950958821E-02 ZINC000039369942
7.617791568E-02	8.935853069E-02	8.935853069E-02	8.968714964E-02 ZINC000040380563_1
6.747904687E-02	0.124353532	0.129592032	0.111224806 ZINC000040448357
0.364821912	0.213388093	0.213388093	0.210494761 ZINC000040539044
0.110634445	0.114689085	0.114689085	0.114454324 ZINC000040539571
0.10886594	0.150408776	0.150408776	0.14528671 ZINC000041671393
6.547339868E-02	7.066229156E-02	7.066229156E-02	6.832420836E-02 ZINC000041701782n
0.298700731	0.33834271	0.33834271	0.321349941 ZINC000042783320
0.264158154	0.104327688	0.104327688	0.105396389 ZINC000042784275_1
7.464220475E-02	7.971263226E-02	7.971263226E-02	8.03929899E-02 ZINC000043198885
0.426275506	0.148663815	0.148663815	0.148835577 ZINC000043199025_1
0.504958704	0.325725399	0.325725399	0.326441156 ZINC000043199025
0.100061751	0.139600923	0.189637724	0.183345613 ZINC000043761817
8.507078674E-02	8.886419513E-02	8.886419513E-02	9.01329889E-02 ZINC000043763293
0.374754355	0.353843851	0.353843851	0.354344981 ZINC000044082570
8.390538775E-02	8.471133977E-02	8.471133977E-02	8.476931743E-02 ZINC000044082668
0.10713741	6.569366427E-02	6.569366427E-02	6.657362044E-02 ZINC000044119062
5.117802509E-02	0.128995875	0.128995875	0.143606971 ZINC000044138759n
0.155156599	0.154363275	0.154363275	0.153210903 ZINC000044138759
0.104223819	9.354645466E-02	9.354645466E-02	9.357981926E-02 ZINC000044396420n
0.330202605	0.317533758	0.317533758	0.317038362 ZINC000044699990
0.218703282	0.475895509	0.475895509	0.475820987 ZINC000044787391_1
0.467281146	0.468227942	0.468227942	0.468268592 ZINC000044804377_2
0.770119328	8.238148388E-02	8.238148388E-02	8.26642121E-02 ZINC000044831084
0.339944207	9.437378022E-02	9.437378022E-02	9.374737226E-02 ZINC000045027560
0.121267648	0.154044201	0.154044201	0.163581505 ZINC000045028047n
0.179920711	0.134821002	0.134821002	0.135497117 ZINC000045028047
0.483011236	0.222611025	0.222611025	0.225659194 ZINC000045237524
0.14482342	0.149764292	0.149764292	0.140755792 ZINC000045238423
0.342616813	0.495075849	0.495075849	0.492443606 ZINC000045918651
8.128097738E-02	7.246847606E-02	7.246847606E-02	7.313663791E-02 ZINC000047476143n
0.114958512	0.168542141	0.168542141	0.149302593 ZINC000047476143
6.02337586E-02	6.023374227E-02	6.023374227E-02	6.023374227E-02 ZINC000047912995n
2.828091663E-02	2.823008518E-02	2.823008518E-02	2.824949512E-02 ZINC000049588443
0.321251658	0.251870097	0.251870097	0.24888405 ZINC000050330894
6.245822923E-02	0.40094195	0.40094195	0.400567665 ZINC000050339912_1
6.064164735E-02	4.877409125E-02	4.877409125E-02	5.129103327E-02 ZINC000052842060
0.103903647	0.130214507	0.130214507	0.133799951 ZINC000053994765
9.621114647E-02	6.104817419E-02	6.104817419E-02	6.151821105E-02 ZINC000055167591
0.446697272	0.518531712	0.518531712	0.53495689 ZINC000057347165
0.412174208	0.410264576	0.410264576	0.410535153 ZINC000057352171_1
0.608326077	0.108920487	0.153751577	0.154076114 ZINC000057375723
0.178174421	0.211756674	0.211756674	0.2245938 ZINC000057382550
7.893918798E-02	6.747387959E-02	6.747387959E-02	6.822588415E-02 ZINC000057490024n_1
0.287680099	0.27257366	0.27257366	0.254393937 ZINC000057490024
0.198613918	0.127209932	0.127209932	0.127209932 ZINC000057490024_S_1
1.0818233	0.118981946	0.118981946	0.121917976 ZINC000057935980_1
9.141153317E-02	8.943208271E-02	8.943208271E-02	8.40904736E-02 ZINC000058827473
6.714545707E-02	6.475697126E-02	6.475697126E-02	6.487415297E-02 ZINC000059549875_1
8.533801643E-02	8.41968812E-02	8.41968812E-02	8.575735866E-02 ZINC000059778361
0.157286791	0.388326352	0.388326352	0.378607311 ZINC000060534201_1
1.3607566	0.57981154	0.579111051	0.554474036 ZINC000060534201
8.09360832E-02	0.134271048	0.134271048	0.134271048 ZINC000061916723_1
0.211845743	7.826308492E-02	7.826308492E-02	7.97476535E-02 ZINC000062152173
0.102905875	9.644538385E-02	9.644538385E-02	9.628010223E-02 ZINC000062716671n
6.968240711E-02	6.946417202E-02	6.946417202E-02	6.901116033E-02 ZINC000063361146
0.258177069	0.347827784	0.347827784	0.361698135 ZINC000064542464_1
1.14649249	0.377386151	0.290459379	0.279612206 ZINC000064543172
0.284425324	0.332543662	0.332543662	0.324861834 ZINC000064551368
0.21288637	0.236806851	0.236806851	0.226996525 ZINC000065504158
0.149527421	0.185842485	0.185842485	0.187741576 ZINC000066091421
0.16326608	0.127577241	0.127577241	0.139568781 ZINC000066322735
0.415538512	4.895703782E-02	4.895703782E-02	4.897000892E-02 ZINC000066346333n_1
0.256688197	5.272113484E-02	5.272113484E-02	5.30051248E-02 ZINC000066346333n
0.129750439	7.448330754E-02	7.448330754E-02	7.093141422E-02 ZINC000066347747
0.145738022	0.154504786	0.154504786	0.143399768 ZINC000066354356
0.702755273	0.30394799	0.30384869	0.303692607 ZINC000067321260_1
0.399661515	3.164241575E-02	3.164241575E-02	3.174006998E-02 ZINC000067425310_1
0.467026887	0.25124909	0.25124909	0.249859898 ZINC000067425310
0.316995304	0.281645283	0.281645283	0.286512454 ZINC000067801367
0.127424204	0.133262417	0.133262417	0.149210984 ZINC000067802530
0.428761886	0.24674937	0.24674937	0.249068445 ZINC000068568666
0.225036118	9.592502512E-02	9.592502512E-02	9.99123018E-02 ZINC000068568791
9.871584839E-02	9.317091198E-02	9.317091198E-02	9.339085842E-02 ZINC000068568795_1
0.529291407	0.283438219	0.283438219	0.28237743 ZINC000068575131
8.820778247E-02	8.197653387E-02	8.197653387E-02	8.229859387E-02 ZINC000068575710n
9.213282361E-02	9.834397842E-02	9.834397842E-02	9.600071071E-02 ZINC000068575710
6.70524298E-02	5.012117589E-02	5.012117589E-02	4.979952638E-02 ZINC000068585096n
0.164146563	0.12406577	0.12406577	0.121449006 ZINC000068585096
0.171134474	0.166808449	0.166808449	0.163936994 ZINC000068587490
0.139626071	0.156734861	0.156734861	0.157784143 ZINC000068604059
0.177407441	0.190392115	0.190392115	0.18554552 ZINC000068939485n
0.216514056	0.269436065	0.269436065	0.256398804 ZINC000069022235
6.174521174E-02	9.562633435E-02	9.562633435E-02	9.691123084E-02 ZINC000069512662_1
6.180628241E-02	6.299247359E-02	6.299247359E-02	6.394724549E-02 ZINC000069853220_1
0.177179332	0.604698937	0.604698937	0.598133355 ZINC000069853220
0.797081108	0.326648234	0.450000314	0.437854503 ZINC000070026049
1.15987712	0.268708186	0.268708186	0.293592872 ZINC000070451359
0.215113332	0.192007521	0.192007521	0.191556639 ZINC000070588021n
0.297487877	5.942707045E-02	5.942707045E-02	5.98166438E-02 ZINC000070632654
9.024100733E-02	5.593643083E-02	5.593643083E-02	5.606525836E-02 ZINC000070651956_1
0.342978555	0.32065509	0.32065509	0.284587455 ZINC000070652606
0.684140257	0.260433362	0.260433362	0.248173141 ZINC000070946819
0.139404124	0.12600348	0.12600348	0.126912434 ZINC000071024820n
0.114626532	9.187012684E-02	9.187012684E-02	9.868977702E-02 ZINC000071255455
0.143506154	0.288320548	0.288320548	0.289114821 ZINC000071773137
0.426229386	0.154005019	0.154005019	0.155003108 ZINC000071774179
0.743679373	0.25241592	0.25241592	0.256386581 ZINC000071774375
9.631143545E-02	0.109066568	0.109066568	0.108354807 ZINC000071785282
0.204925979	0.183890254	0.183890254	0.184154674 ZINC000071785887
0.175265185	0.112620936	0.112620936	0.111562559 ZINC000071786113
5.20352857E-02	5.203528519E-02	5.203528519E-02	5.203528519E-02 ZINC000071789018
0.694329337	0.714302857	0.714302857	0.714860097 ZINC000071790874n_1
0.915801478	0.540944609	0.540944609	0.539902647 ZINC000071790874n_2
0.739861226	0.655492006	0.655492006	0.672621181 ZINC000071790874n
0.163267334	0.232757111	0.232757111	0.243158681 ZINC000071790874
0.529898739	0.382913384	0.382913384	0.381005807 ZINC000071790930_1
0.50814832	0.431825376	0.431825376	0.410603943 ZINC000071790930
0.408143926	0.163868307	0.163868307	0.16296332 ZINC000072166870_1
0.30939818	0.425455797	0.425455797	0.447424203 ZINC000072166870
0.250020442	0.224371619	0.224371619	0.226076195 ZINC000072168057_1
0.122261811	0.122228518	0.122228518	0.122228518 ZINC000072187465
0.387271066	0.401631844	1.01088341	1.0157608 ZINC000072187569n
0.100947147	0.127168886	0.127168886	0.134213148 ZINC000072187607
4.770540493E-02	4.703964827E-02	4.703964827E-02	4.712541539E-02 ZINC000072194352
0.303351056	0.337458874	0.337458874	0.338437049 ZINC000072207075n
0.221758147	0.251138636	0.251138636	0.254106395 ZINC000072207075
0.163036259	0.402391023	0.402391023	0.399629592 ZINC000072207083
0.213676452	0.166540924	0.166540924	0.167250405 ZINC000072207307
0.367557295	0.337567428	0.337567428	0.339075863 ZINC000072209750
0.455516722	5.68067292E-02	5.68067292E-02	5.657484612E-02 ZINC000072217047_2
0.246106494	0.263194475	0.263194475	0.231923867 ZINC000072217047n
0.281669678	0.151594779	0.151594779	0.151682179 ZINC000072218301_2
0.26385257	0.236502765	0.236502765	0.305515733 ZINC000072218302
0.14782456	8.62840907E-02	8.62840907E-02	9.09512697E-02 ZINC000072221648
7.73599849E-02	6.776610434E-02	6.776610434E-02	6.829930678E-02 ZINC000072226725n
8.368232077E-02	0.100910598	0.100910598	0.112459843 ZINC000072266664
0.981587522	1.02958024	1.02958024	1.02334526 ZINC000072344111
6.868541915E-02	0.422979248	0.422979248	0.419041392 ZINC000072344521_2
7.369981969E-02	7.56017937E-02	7.56017937E-02	7.550028137E-02 ZINC000074340288
0.139866619	0.13913726	0.13913726	0.141312598 ZINC000074341739
0.45543892	0.338332872	0.338332872	0.33672488 ZINC000074343229n
0.171197069	0.189720019	0.189720019	0.185790217 ZINC000075125171
6.371364531E-02	9.881570851E-02	9.881570851E-02	0.100476305 ZINC000075139672_2
0.239626462	0.177072403	0.177072403	0.171209145 ZINC000075271158_1
9.133228205E-02	6.533366136E-02	6.533366136E-02	6.335334604E-02 ZINC000075271158_2
0.215625409	0.321689451	0.321689451	0.306219631 ZINC000075271158
0.148841371	0.157450565	0.157450565	0.157656533 ZINC000075545592
0.370232826	0.250740881	0.182775292	0.160835107 ZINC000075566870
0.196411746	0.201324203	0.201324203	0.207484 ZINC000075844207
8.374927234E-02	0.101237676	0.101237676	9.096047149E-02 ZINC000075848010
0.132535606	0.38591969	0.38591969	0.389168317 ZINC000076095351
0.212316136	0.389973088	0.389973088	0.390007978 ZINC000076644560_2
0.234140974	0.108718598	0.108718598	0.108371944 ZINC000077010503
3.174182578E-02	2.792746422E-02	2.791175794E-02	2.778482938E-02 ZINC000077012162
0.124890416	0.304428786	0.304428786	0.30085957 ZINC000077302714
0.584097052	0.441575905	0.441575905	0.446324917 ZINC000078298681
8.362613981E-02	0.127851167	0.127851167	0.128940847 ZINC000078753390_1
0.127409802	0.102531149	0.102531149	9.745759818E-02 ZINC000079108092
7.148840848E-02	0.221884629	0.221884629	0.22150815 ZINC000081973484
0.306657586	0.307671721	0.307671721	0.307272076 ZINC000082014634_1
8.360808671E-02	7.0591942E-02	7.0591942E-02	7.083317272E-02 ZINC000082014634n_1
8.894219866E-02	0.104441806	0.104441806	0.105318194 ZINC000082160261
0.50171141	0.310450863	0.310450863	0.310891244 ZINC000082164659n
5.215975903E-02	0.11956696	0.11956696	0.117347376 ZINC000082297207_1
0.66036156	0.118253044	0.118253044	0.120204037 ZINC000082382093_1
0.676879334	0.123077663	0.123077663	0.117189106 ZINC000082382093
0.353461678	0.212544735	0.212544735	0.20136277 ZINC000082524035
0.351619362	0.162091391	0.162091391	0.171543896 ZINC000082529551
0.129102745	0.174575337	0.174575337	0.1731446 ZINC000082754623n
0.308864464	0.238534961	0.238534961	0.238534961 ZINC000082754623
0.204976495	0.134030281	0.134030281	0.134870263 ZINC000082843389n
0.780362927	0.276937386	0.276937386	0.27244139 ZINC000082850201
7.518458997E-02	7.869184517E-02	7.869184517E-02	7.869184517E-02 ZINC000082852970_2
0.161350778	0.363396087	0.363396087	0.363042407 ZINC000082854049n
0.360934706	5.957021859E-02	5.957021859E-02	7.219562928E-02 ZINC000082854049
6.428413933E-02	6.853489416E-02	6.853489416E-02	6.973070657E-02 ZINC000082863074
5.07334773E-02	6.337055051E-02	6.337055051E-02	6.477647763E-02 ZINC000082873171
0.268242239	0.221189635	0.221189635	0.225108171 ZINC000083119752
0.129836975	0.121192086	0.121192086	9.71059562E-02 ZINC000083119813n
0.25880248	0.31381712	0.278400383	0.242866407 ZINC000083119813
0.169503631	0.123570816	0.240875837	0.239444122 ZINC000083143604
0.414638181	0.415464689	0.415464689	0.429349282 ZINC000083339587
8.398465604E-02	7.345781413E-02	7.345781413E-02	7.360218365E-02 ZINC000083962875_1
0.174383199	0.19571512	0.19571512	0.195157719 ZINC000084006867
0.118530891	6.713459768E-02	6.713459768E-02	7.128782008E-02 ZINC000084136482
0.140512007	0.106226974	0.106226974	0.11617968 ZINC000084136867
0.208388175	0.22531617	0.22531617	0.225516027 ZINC000084248954_1
0.358467057	0.10422419	0.10422419	0.1044471 ZINC000084312142
0.25969996	3.351934281E-02	3.351934281E-02	3.359490709E-02 ZINC000084328152n_1
0.345340357	5.95584131E-02	5.95584131E-02	6.00739102E-02 ZINC000084328152n
0.200293756	0.178668552	0.178668552	0.176927812 ZINC000084427096n
0.302426113	0.150330782	0.150330782	0.150191516 ZINC000084427659n_1
0.69870278	0.195378279	0.195378279	0.193304223 ZINC000084427659n
0.125956614	0.130932153	0.130932153	0.134415492 ZINC000085221591
4.515038852E-02	6.284515041E-02	6.284515041E-02	6.276960203E-02 ZINC000085224063
0.106523188	0.106719969	0.106719969	0.105789546 ZINC000085305378
0.21832184	0.199339074	0.199339074	0.19839487 ZINC000085385949
0.632059468	0.112405414	0.112405414	0.109842972 ZINC000085392626
9.025212504E-02	0.195150072	0.195150072	0.195463206 ZINC000085396530
7.413641848E-02	7.438366393E-02	7.438366393E-02	7.244109371E-02 ZINC000085399318_1
0.287476527	9.94124836E-02	9.94124836E-02	9.817100864E-02 ZINC000085432594_1_1
0.749041977	0.297908103	0.297908103	0.297815993 ZINC000085432594_1
0.43192404	0.189884915	0.189884915	0.190645485 ZINC000086158936n_1
0.116158801	0.626865358	0.626865358	0.624669066 ZINC000086258441_2
0.126083151	9.994801383E-02	9.994801383E-02	0.119421421 ZINC000086552749
0.233035938	0.1586364	0.1586364	0.158174274 ZINC000086928398
6.281921803E-02	5.907758057E-02	5.907758057E-02	5.924316471E-02 ZINC000087493377
7.670083028E-02	0.220567544	0.220567544	0.205785973 ZINC000088038280
0.184265764	0.276434187	0.276434187	0.271697472 ZINC000088190282
0.40071039	9.11445251E-02	9.11445251E-02	9.152207953E-02 ZINC000088611474
0.108535635	0.257401665	0.257401665	0.263800187 ZINC000088832258
0.152526267	0.104529151	0.104529151	0.107402527 ZINC000089201917
0.358799825	0.305903269	0.305903269	0.3077395 ZINC000089224378
0.10423	0.101204914	0.101204914	0.100250351 ZINC000090225739n
0.149574047	0.13979346	0.13979346	0.141077099 ZINC000090394393n
0.495637171	0.246511419	0.246511419	0.240113075 ZINC000090397518n
0.387041334	5.90495905E-02	5.90495905E-02	5.808273237E-02 ZINC000091252460
4.784759889E-02	2.726097641E-02	2.726097641E-02	2.727585075E-02 ZINC000091305407n_1
0.534779421	8.475826281E-02	8.475826281E-02	8.793310813E-02 ZINC000091305407n
5.568507907E-02	9.957221877E-02	9.957221877E-02	9.920793842E-02 ZINC000091368638n
9.45514525E-02	0.128199957	0.128199957	0.132427376 ZINC000091368638
0.166256867	6.806231142E-02	6.806231142E-02	6.786236342E-02 ZINC000091691613_1
0.676928275	0.173814312	0.173814312	0.174540696 ZINC000091692747n
0.115322632	0.18213605	0.191156469	0.18471682 ZINC000095097405
8.136961748E-02	8.217482492E-02	8.217482492E-02	8.232918238E-02 ZINC000095097605n
0.161682799	7.099545198E-02	7.099545198E-02	7.087097096E-02 ZINC000095496188_1
0.171628685	4.808139385E-02	4.808139385E-02	5.83948053E-02 ZINC000095496188_2
0.221336976	0.197164625	0.197164625	0.185742923 ZINC000095496188_3
0.147633352	0.172190412	0.172190412	0.171354337 ZINC000095496188n
0.429736495	0.668733087	0.668733087	0.675467367 ZINC000095496188
0.120282163	6.445894991E-02	6.445894991E-02	6.452522093E-02 ZINC000095611857_1
0.140689753	0.207287667	0.207287667	0.208686141 ZINC000095630518
4.314627246E-02	4.314571673E-02	4.314571673E-02	4.314571673E-02 ZINC000095642801n
0.311529401	0.311273856	0.311273856	0.311273856 ZINC000095642801
0.158624837	0.186193182	0.186193182	0.186228973 ZINC000095704697
7.798607355E-02	5.132922992E-02	5.132922992E-02	5.031921716E-02 ZINC000095707968_1
8.053508327E-02	9.580066901E-02	9.580066901E-02	9.540241266E-02 ZINC000095707968
0.419203088	0.418100603	0.418100603	0.418557875 ZINC000095742647n
0.391087179	0.29902023	0.29902023	0.297946811 ZINC000095742647
0.158892671	0.16450597	0.16450597	0.165383746 ZINC000096027941
0.139057461	7.120473488E-02	7.120473488E-02	7.086952437E-02 ZINC000096028449
0.233838249	0.104442456	0.104442456	0.104447042 ZINC000096034703n
6.454668905E-02	9.866753357E-02	9.866753357E-02	0.105183437 ZINC000096076997_1
0.123038254	0.162798961	0.162798961	0.174930512 ZINC000096508949
0.540182436	0.135634856	0.135634856	0.135843149 ZINC000096509569
0.382348446	0.379373999	0.379373999	0.379083317 ZINC000096509814_1
5.164555831E-02	6.013850339E-02	6.013850339E-02	5.89114746E-02 ZINC000096509858
4.312931276E-02	4.312920519E-02	4.312920519E-02	4.312920519E-02 ZINC000098074346_1
0.23726385	0.105825833	0.105825833	0.101330388 ZINC000098086437
0.228921218	0.462845915	0.462845915	0.404828628 ZINC000098095701
0.16017739	0.119152816	0.119152816	0.122003289 ZINC000098175197n
5.238613987E-02	3.287924004E-02	3.287924004E-02	3.294868457E-02 ZINC000098209721_1
4.693809916E-02	4.483527289E-02	4.483527289E-02	4.510990412E-02 ZINC000098209721
0.196121902	0.19327528	0.19327528	0.195869819 ZINC000098209803
0.264939774	0.147782068	0.147782068	0.155281402 ZINC000098210295
0.383336047	0.40102645	0.40102645	0.401053866 ZINC000098211098_1
0.131903592	8.187691992E-02	8.187691992E-02	8.060876403E-02 ZINC000098213460
0.281330788	7.053387565E-02	7.053387565E-02	7.302578722E-02 ZINC000100017698
8.009963378E-02	6.826573393E-02	6.826573393E-02	6.837059303E-02 ZINC000100024675n_2
9.080192669E-02	0.105309067	0.130111239	0.134422138 ZINC000100028601
0.201233195	0.190403249	0.190403249	0.185225154 ZINC000100068718
6.187364597E-02	0.217999284	0.217999284	0.220135991 ZINC000100116164
0.379236342	9.056280479E-02	9.056280479E-02	9.557866379E-02 ZINC000100269068
0.118375714	0.119888063	0.119888063	0.120292016 ZINC000100294673n
0.108165417	0.113001401	9.000974671E-02	8.951348784E-02 ZINC000100740740
0.213367723	9.184924494E-02	9.184924494E-02	9.165925307E-02 ZINC000100741185_1
0.252501154	0.116412524	0.116412524	0.116837421 ZINC000101036545
4.115599627E-02	3.995213659E-02	3.995213659E-02	4.002035344E-02 ZINC000101315751n
0.173950157	0.101954668	0.101954668	9.438561978E-02 ZINC000101528567
3.667137796E-02	5.15637401E-02	5.15637401E-02	5.748662548E-02 ZINC000102398934
0.12160697	0.143959925	0.143959925	0.138295029 ZINC000104105974
8.540251386E-02	5.683326419E-02	5.683326419E-02	6.310723785E-02 ZINC000104506070
0.518250727	0.439161941	0.439161941	0.446834805 ZINC000107120543n_1
0.34741809	0.378596931	0.378596931	0.394324223 ZINC000107121073n
5.823713708E-02	7.110038105E-02	7.110038105E-02	7.465720663E-02 ZINC000107256565
9.180710412E-02	0.107385074	0.107385074	0.105419979 ZINC000107275006_1
7.397734422E-02	4.219898884E-02	4.219898884E-02	4.406966591E-02 ZINC000107277083
0.61689453	0.463794781	0.463794781	0.459350991 ZINC000107415772n
0.8111491	0.538494547	0.538494547	0.544301627 ZINC000107415772
0.309910029	0.417065922	0.417065922	0.416022879 ZINC000108264175_1
0.106565395	9.687147622E-02	9.687147622E-02	9.831812918E-02 ZINC000108291988n_1
0.116554106	0.109827826	0.109827826	0.109545678 ZINC000108944936_1
0.238706996	0.427558593	0.427558593	0.427505309 ZINC000113332425_2
0.121277758	0.123985289	0.123985289	0.123985289 ZINC000113897606n
9.919127562E-02	9.169226191E-02	9.169226191E-02	9.100488661E-02 ZINC000114969901
0.147053867	0.154483355	0.154483355	0.136850373 ZINC000115416606
6.063152152E-02	4.655743927E-02	4.655743927E-02	4.655743927E-02 ZINC000115999507
0.509501595	0.441013461	0.441013461	0.43014945 ZINC000116336391n
9.23811043E-02	4.062516852E-02	4.062516852E-02	4.005933354E-02 ZINC000116666992_1
0.224364253	8.16879875E-02	8.16879875E-02	7.969067138E-02 ZINC000116666992
8.697195154E-02	0.130918531	0.130918531	0.123710214 ZINC000117538082n
0.241064216	0.24338258	0.24338258	0.234606097 ZINC000129454406n
0.201439484	0.187967461	0.187967461	0.191550567 ZINC000129454406
0.269635211	0.28817775	0.28817775	0.321860173 ZINC000129511187
8.629226145E-02	9.315863217E-02	9.315863217E-02	9.475130315E-02 ZINC000133452480_1
0.236096588	0.131880419	0.131880419	0.133222922 ZINC000134682048
0.106615782	6.402107481E-02	6.402107481E-02	6.388351523E-02 ZINC000138013524
8.941304121E-02	0.115163871	0.115163871	0.115163871 ZINC000138936765_1
0.383271832	7.425819655E-02	7.425819655E-02	7.485823843E-02 ZINC000142115061
0.266248449	0.156523802	0.161866983	0.161202208 ZINC000142747837
0.340064691	0.232946542	0.232946542	0.226637568 ZINC000142834635
0.475516445	0.224352387	0.224352387	0.225535482 ZINC000143190822
0.399840337	0.20961775	0.20961775	0.20968271 ZINC000144525278
0.397608506	0.446100917	0.446100917	0.457211972 ZINC000146516494
0.137422045	0.188426517	0.188426517	0.191252237 ZINC000146653324n
0.12095694	0.121707356	0.121707356	0.121253187 ZINC000146653324
9.385999729E-02	8.839123336E-02	8.839123336E-02	9.126391963E-02 ZINC000146884723
3.955078715E-02	4.019049099E-02	4.019049099E-02	4.031429101E-02 ZINC000148931276_1
9.605656662E-02	8.007482107E-02	8.007482107E-02	8.034301632E-02 ZINC000148931276n
0.162136157	0.165289871	0.165289871	0.161652658 ZINC000149842689
0.168603318	0.44153303	0.44153303	0.442532752 ZINC000159711379
0.444250418	0.112457153	0.112457153	0.11721332 ZINC000160988853
0.425062252	0.425442762	0.425442762	0.425442762 ZINC000161025364
0.450361011	0.20730362	0.20730362	0.203832631 ZINC000162265548
6.083774614E-02	5.640119718E-02	5.640119718E-02	5.62090786E-02 ZINC000168640302
0.161954502	0.238664158	0.238664158	0.238244439 ZINC000169269125
0.172763423	0.49181347	0.49181347	0.47606172 ZINC000169793051
0.242292089	0.124424899	0.124424899	0.124449431 ZINC000169798718
9.678569795E-02	9.967275029E-02	9.967275029E-02	9.607451662E-02 ZINC000169801813
7.483288234E-02	3.711595022E-02	3.711595022E-02	3.736724269E-02 ZINC000170620388
7.843336751E-02	5.254343409E-02	5.254343409E-02	5.264364476E-02 ZINC000172999540
0.176831089	0.2135205	0.2135205	0.213799867 ZINC000192414207_1
0.196908802	0.160623879	0.160623879	0.159210515 ZINC000192634351n_1
0.282031596	0.215643629	0.215643629	0.215308581 ZINC000199778862
8.155375031E-02	7.477661448E-02	7.477661448E-02	7.146658882E-02 ZINC000200693560n
0.417889094	0.417154316	0.417154316	0.417200308 ZINC000203989749_1
0.30416207	8.811808521E-02	8.811808521E-02	8.325807799E-02 ZINC000204957972
0.296309371	0.279522746	0.279522746	0.28145426 ZINC000204993205
0.458590684	0.113338944	0.113338944	0.114102731 ZINC000205331240_1
0.152023139	5.973615476E-02	5.973615476E-02	6.111883586E-02 ZINC000205392892
0.610703547	0.828704963	0.828704963	0.724175593 ZINC000205684851
0.364281575	0.178214475	0.178214475	0.14377486 ZINC000205690275_1
0.207243585	7.064609019E-02	7.064609019E-02	7.107903153E-02 ZINC000211404173
0.660432326	0.446086918	0.446086918	0.443169462 ZINC000211577168n
0.631438722	0.397787191	0.397787191	0.425695957 ZINC000211577168
0.358257355	3.258005327E-02	3.258005327E-02	3.257306753E-02 ZINC000215765956_2
0.251402398	0.187367695	0.187367695	0.183939725 ZINC000215837362_1
4.896489087E-02	6.138991306E-02	6.138991306E-02	6.20661034E-02 ZINC000217471846
0.289325017	8.075187517E-02	8.075187517E-02	8.383999608E-02 ZINC000217639593
8.330308896E-02	8.996764546E-02	8.996764546E-02	9.037064444E-02 ZINC000217640949_1
0.120162586	7.109684608E-02	7.109684608E-02	6.906175638E-02 ZINC000217640949
0.223039599	0.303395344	0.303395344	0.303147603 ZINC000217677017
0.239648888	9.597626712E-02	9.597626712E-02	9.881055163E-02 ZINC000217735676_1
0.583442601	0.155076542	0.155076542	0.150183711 ZINC000217735676
0.226922951	0.147901721	0.147901721	0.130801966 ZINC000217753978
4.547545E-02	5.113907677E-02	5.113907677E-02	5.112790243E-02 ZINC000218264002
0.210930118	0.176520458	0.176520458	0.174607215 ZINC000218696287_1
0.272196127	0.167638571	0.167638571	0.155135141 ZINC000218696287
8.564013602E-02	9.019949715E-02	9.019949715E-02	8.958649893E-02 ZINC000218775522n
0.146211708	0.173901941	0.173901941	0.176830772 ZINC000218775522
0.174210976	0.267727454	0.267727454	0.263997684 ZINC000218849955
8.283293021E-02	0.348668243	0.348668243	0.348320084 ZINC000219308735_2
0.370989807	0.272922144	0.272922144	0.281143772 ZINC000221683085_1
0.361367055	0.28851594	0.28851594	0.281920684 ZINC000221683085
0.152041284	0.148426969	0.148426969	0.149704774 ZINC000222830259
7.26726864E-02	6.786389283E-02	6.786389283E-02	6.567839644E-02 ZINC000223780879
0.262145253	8.467125761E-02	8.467125761E-02	8.149238001E-02 ZINC000225442694_2
0.274632236	0.140324739	0.140324739	0.140324739 ZINC000225603590_1
0.140933107	0.159072044	0.159072044	0.163994534 ZINC000225603590
0.120803565	0.13756223	0.13756223	0.137465522 ZINC000225605614
7.27127203E-02	0.144617807	0.144617807	0.144140043 ZINC000225711473_1
8.869214674E-02	0.160800337	0.160800337	0.152250334 ZINC000225762071
8.396139689E-02	7.506471914E-02	7.506471914E-02	7.598538083E-02 ZINC000225762849n
0.140111859	0.109504482	0.109504482	0.109157496 ZINC000225769949_1
0.727977026	0.158615483	0.158615483	0.158743473 ZINC000225796079
8.102239467E-02	9.107715837E-02	9.107715837E-02	9.186306699E-02 ZINC000225800418
0.195031876	0.222777665	0.222777665	0.223191982 ZINC000225803300n
0.978021874	9.816820621E-02	9.816820621E-02	9.8454028E-02 ZINC000236417523
0.262194955	0.298118583	0.298118583	0.298277696 ZINC000238007895_1
0.137611975	0.139924372	0.139924372	0.156669548 ZINC000238061978
0.292075627	7.84750267E-02	7.84750267E-02	7.774564121E-02 ZINC000238327776n
0.547944872	5.598837296E-02	5.598837296E-02	5.529187381E-02 ZINC000238583940
0.232453939	0.696666013	0.696666013	0.694842248 ZINC000238634592
0.196165644	0.272886944	0.272886944	0.272861337 ZINC000238650504
3.545818518E-02	4.286613348E-02	4.286613348E-02	4.264859863E-02 ZINC000238673574
0.414849783	0.134413654	0.134413654	0.134891923 ZINC000238720264_1
0.278940855	0.268846479	0.268846479	0.278367354 ZINC000238720264
0.112992982	0.105926251	0.105926251	0.10794325 ZINC000238854917
1.65383613	0.438248438	0.438248438	0.425461432 ZINC000238855850_1
0.454549553	0.447222609	0.447222609	0.453163908 ZINC000238855850_2
0.369068218	0.242157287	0.242157287	0.259700626 ZINC000238855850
9.891414471E-02	0.13236553	0.13236553	0.132378079 ZINC000242688660
0.108547309	6.949975577E-02	6.949975577E-02	7.23901178E-02 ZINC000245197901
6.159583117E-02	6.485625891E-02	6.485625891E-02	6.898887989E-02 ZINC000245226177
0.245592413	0.177268214	0.177268214	0.177678552 ZINC000247361170
0.115184975	0.174783954	0.174783954	0.169765129 ZINC000247540611_1
0.462224205	0.459212934	0.459212934	0.459104884 ZINC000247703159
0.263994936	0.229816888	0.229816888	0.236789918 ZINC000251638846
0.166769481	9.308153834E-02	9.308153834E-02	8.83938694E-02 ZINC000252494477
0.187160848	0.110433152	0.110433152	0.109644582 ZINC000252613948
6.780007411E-02	0.103325126	0.103325126	0.102320201 ZINC000252858916_1
0.6403033	0.11314938	0.116690981	0.125542331 ZINC000253536217
6.989329838E-02	7.236819905E-02	7.236819905E-02	7.282960536E-02 ZINC000253571556
0.199519784	0.144629488	0.144629488	0.14624242 ZINC000255004105
0.336796226	0.125830754	0.125830754	0.124900939 ZINC000256050440
0.149426664	0.18445945	0.18445945	0.18445945 ZINC000257178479n
0.217023277	0.267336457	0.267336457	0.25786574 ZINC000257178479
0.498873323	0.198719806	0.198719806	0.200954707 ZINC000257198246n
0.117382604	0.106932147	0.106932147	0.111772109 ZINC000257204204
0.335506685	0.234478869	0.234478869	0.234193425 ZINC000257280973
0.328849338	0.346605073	0.346605073	0.346608069 ZINC000257300663n
0.16619901	0.166774902	0.166774902	0.170950703 ZINC000257303349_1
0.393440518	0.179731722	0.179731722	0.170504551 ZINC000257319378_1
0.18860745	7.52637973E-02	7.52637973E-02	7.783601597E-02 ZINC000257832977n
7.546040917E-02	9.192505705E-02	9.192505705E-02	9.086028044E-02 ZINC000258004811
6.658292013E-02	5.447688986E-02	5.447688986E-02	5.450864304E-02 ZINC000258119260_1
9.923479677E-02	0.131633292	0.131633292	0.131741213 ZINC000261491151_1
0.405062638	0.176098767	0.176098767	0.173105653 ZINC000261506806
0.285836871	0.310601571	0.310601571	0.309477895 ZINC000261507461
0.191357998	0.190233411	0.190233411	0.190093438 ZINC000261507597
0.444818627	0.185407032	0.185407032	0.184088687 ZINC000261828108
0.461771671	0.193531564	0.193531564	0.193966235 ZINC000264762524_1
0.169817382	0.184344626	0.184344626	0.18227108 ZINC000270195797_1
0.227761957	0.21552071	0.21552071	0.214210954 ZINC000270195797
0.186041662	9.421666548E-02	9.421666548E-02	9.094415865E-02 ZINC000272197666
8.885599761E-02	0.126959327	0.126959327	0.13273357 ZINC000274729073_1
0.219048824	0.268096108	0.268096108	0.271739171 ZINC000277331664_1
0.115721994	0.129356606	0.129356606	0.129822473 ZINC000280592813_1
6.992587793E-02	8.645378304E-02	8.645378304E-02	8.926340541E-02 ZINC000284846973_1
9.588427152E-02	0.131461005	0.131461005	0.131116476 ZINC000287678803_1
0.468608013	0.156241545	0.156241545	0.156352169 ZINC000294953765_1
0.174242903	0.17448955	0.17448955	0.17448955 ZINC000298772249_2
4.830070799E-02	5.884558913E-02	5.884558913E-02	5.88168558E-02 ZINC000299805293
6.932101979E-02	5.569870284E-02	5.569870284E-02	5.875801771E-02 ZINC000299889129
9.807505531E-02	0.121238047	0.121238047	0.122011361 ZINC000306141493_2
0.15292527	9.33709448E-02	9.33709448E-02	9.722182398E-02 ZINC000306145937
0.145988367	8.266052084E-02	8.266052084E-02	8.379317705E-02 ZINC000306153083
9.450683231E-02	0.126678799	0.126678799	0.126835548 ZINC000306239711
0.147072204	0.166252559	0.166252559	0.17122722 ZINC000306400062
0.209461498	0.213518378	0.213518378	0.215897 ZINC000306516562
0.557804722	0.121963691	0.121963691	0.12430734 ZINC000306526315_2
0.139282955	8.680743978E-02	8.680743978E-02	8.60996549E-02 ZINC000306634373
0.256902674	0.178271653	0.178271653	0.183241101 ZINC000306660947_1
0.126886632	9.061787822E-02	9.061787822E-02	8.968898122E-02 ZINC000306693302
0.603270015	0.749306346	0.749306346	0.751529818 ZINC000306741534_1
0.478472345	0.184823733	0.184823733	0.183346265 ZINC000306741534
0.128686568	0.316234389	0.316234389	0.313876653 ZINC000306762107
0.509660963	8.357318462E-02	8.357318462E-02	8.092456972E-02 ZINC000306780205
0.504936648	0.505991032	0.505991032	0.504262575 ZINC000306918522n
0.179223494	0.242244234	0.242244234	0.24261325 ZINC000307015894
0.313950908	0.264897737	0.264897737	0.224054948 ZINC000307137915
7.233217492E-02	6.764119593E-02	6.764119593E-02	6.764119593E-02 ZINC000307160738
8.261423111E-02	7.148681123E-02	7.148681123E-02	6.966389688E-02 ZINC000307192337
0.460613121	0.341360061	0.341360061	0.348605728 ZINC000307362067
6.492512931E-02	6.827065341E-02	6.827065341E-02	6.785823973E-02 ZINC000307479893_2
7.726714925E-02	0.223274112	0.223274112	0.224205961 ZINC000307580839_2
4.519638963E-02	0.117104484	0.117104484	0.116984253 ZINC000307580839n_2
0.202653786	0.201646536	0.201646536	0.188294004 ZINC000307580839
0.293546627	0.261827618	0.260371164	0.260663757 ZINC000307613969n
0.201035875	7.916932906E-02	7.916932906E-02	7.80943494E-02 ZINC000307613969
0.396548762	0.413496684	0.413496684	0.413496684 ZINC000307677377
0.428035403	0.214473244	0.214473244	0.217088335 ZINC000307727016
0.137894103	0.254093236	0.254093236	0.254083991 ZINC000310167520_1
0.20545972	0.208506963	0.208506963	0.212579805 ZINC000310527293_1
0.139244467	0.102356737	0.102356737	0.103315645 ZINC000328604392_1
0.981380211	0.188832412	0.188832412	0.194148183 ZINC000329147912
8.539605713E-02	7.362339441E-02	7.362339441E-02	7.501451964E-02 ZINC000329788101_1
0.326116929	0.109928603	0.109928603	9.802876272E-02 ZINC000333664623
0.120895066	0.110632055	0.110632055	0.110226735 ZINC000333730288_1
0.190605934	9.469158084E-02	0.299946333	0.295147602 ZINC000334156958_1
0.381141519	6.539953137E-02	6.539953137E-02	7.487840771E-02 ZINC000334157412
7.364979588E-02	6.906184198E-02	6.906184198E-02	6.904451059E-02 ZINC000334195160_1
0.135335152	7.909645103E-02	7.909645103E-02	8.012108513E-02 ZINC000334205181_1
8.700966711E-02	0.10167661	0.10167661	0.1020064 ZINC000334611015_1
5.894984722E-02	8.54620684E-02	8.54620684E-02	8.356715609E-02 ZINC000334695301_1
0.516279623	7.747408893E-02	7.747408893E-02	7.550553626E-02 ZINC000334728356_1
0.152454193	0.115843657	0.115843657	0.11679654 ZINC000335428347_1
4.948187604E-02	0.262107245	0.249955755	0.246677073 ZINC000335583022_1
0.307484637	0.395266758	0.395266758	0.380361376 ZINC000335610283n_1
0.254768128	0.238322253	0.238322253	0.242753722 ZINC000335974015
0.579821447	0.109785614	0.109785614	0.115234369 ZINC000336031612_2
0.128432776	0.218324972	0.218324972	0.221465015 ZINC000336119607_1
0.214252283	0.256233326	0.256233326	0.258862136 ZINC000348366987_1
0.762142312	0.157246459	0.157246459	0.170838883 ZINC000357685471n_1
9.657304869E-02	9.924394114E-02	9.924394114E-02	9.969449093E-02 ZINC000357701784n_1
0.479784814	0.456068682	0.456068682	0.472320937 ZINC000359423569
7.443092142E-02	6.729760011E-02	6.729760011E-02	6.720228058E-02 ZINC000359708089_1
4.968403845E-02	6.517855238E-02	6.517855238E-02	6.497285594E-02 ZINC000367172933_1
0.191680598	0.209719351	0.209719351	0.208181338 ZINC000390822805
0.116421354	0.105488733	0.105488733	0.106375577 ZINC000398900501_1
0.256736988	0.197451532	0.197451532	0.208143371 ZINC000404804913
0.21537799	0.249371156	0.249371156	0.193076296 ZINC000409412957
7.718475669E-02	8.292408333E-02	8.292408333E-02	8.292408333E-02 ZINC000409419094
0.24103824	0.147837421	0.147837421	0.148933681 ZINC000409426569
0.272077925	0.30132352	0.30132352	0.307838642 ZINC000409428650
0.121197822	0.171902143	0.171902143	0.169442327 ZINC000409429719_1
0.111157773	7.527780292E-02	7.527780292E-02	7.490479056E-02 ZINC000409429768_1
0.339271824	0.333922024	0.333922024	0.332691972 ZINC000409430733
7.602179368E-02	7.245578617E-02	7.245578617E-02	7.166226995E-02 ZINC000409432792
0.142937972	0.165419941	0.165419941	0.165654559 ZINC000409436578_2
0.193512528	0.36916273	0.36916273	0.368256931 ZINC000409436745n
0.387174315	0.40960141	0.40960141	0.404105006 ZINC000409437169_1
0.144451481	0.204970476	0.204970476	0.206372205 ZINC000409437367
0.204704857	0.142676977	0.142676977	0.142104613 ZINC000409437748
0.549374969	0.224904536	0.224904536	0.219481596 ZINC000409440471
0.412066654	0.388476553	0.32241112	0.321886899 ZINC000409440930
0.151849056	0.202917588	0.202917588	0.202917588 ZINC000414168612_1
0.26479341	0.281375824	0.319329828	0.318446495 ZINC000414168612
0.672204369	9.640005906E-02	9.640005906E-02	9.599080271E-02 ZINC000420254693n_1
0.288888056	0.370690781	0.370690781	0.368848312 ZINC000425228381n
0.353611385	1.10728307	1.10728307	1.09930421 ZINC000425228381
0.168990316	7.322694077E-02	7.322694077E-02	7.330156634E-02 ZINC000436462231_1
0.308768828	7.719128681E-02	7.719128681E-02	7.732369161E-02 ZINC000440560791_1
0.93306681	0.580644927	0.580644927	0.580607637 ZINC000496607366_1_2
0.737890398	0.170348639	0.170348639	0.168088788 ZINC000496607366_1
0.114991069	0.111555741	0.111555741	0.110388736 ZINC000521398286
0.108635925	0.129139124	0.129139124	0.129450553 ZINC000536555952_1
0.120896844	0.125812542	0.125812542	0.125407251 ZINC000575486018_2
7.046851798E-02	0.44907194	0.44907194	0.449368258 ZINC000575624118_1_1
0.122128251	0.559053048	0.559053048	0.5588902 ZINC000575624118_1
0.139835872	0.200122566	0.200122566	0.153007986 ZINC000575624158
0.27584276	0.28430673	0.28430673	0.307551181 ZINC000575628976
0.294440648	0.231736367	0.231736367	0.230257142 ZINC000584787969n_1
0.100258687	7.17239003E-02	7.17239003E-02	7.036496262E-02 ZINC000585138847n
0.212006976	9.507462455E-02	9.507462455E-02	9.470608329E-02 ZINC000585139440n
0.187005992	0.167271013	0.167271013	0.166822184 ZINC000585144046_1
0.476133919	0.341738192	0.341738192	0.341616062 ZINC000585144046
0.113713975	0.13140676	0.19548734	0.195311372 ZINC000588225583
6.837587682E-02	0.100408382	0.100408382	0.100408382 ZINC000594662464
6.108929188E-02	2.968865341E-02	2.968865341E-02	2.998370061E-02 ZINC000596133925_1
5.841022112E-02	0.124222736	0.124222736	0.123061222 ZINC000596133925_2
0.809435625	0.298521034	0.298521034	0.329511156 ZINC000596133925
0.815063582	0.10916299	0.10916299	0.10908786 ZINC000601014836n
0.171978407	0.131252502	0.161980633	0.141640074 ZINC000602993625n
0.128946953	0.146510153	0.146510153	0.14685776 ZINC000616575784
0.228205489	9.485941849E-02	9.485941849E-02	0.102541576 ZINC000618254154_1
0.179738015	0.174676183	0.174676183	0.178489147 ZINC000623243252n
0.195766496	0.154990554	0.154990554	0.154247443 ZINC000623243252
8.94081416E-02	0.103068072	0.103068072	0.103055013 ZINC000624057466_1
0.121684401	0.107691267	0.107691267	0.111411812 ZINC000628371854
0.162460784	0.144294249	0.144294249	0.140715526 ZINC000629713127_2
0.23204102	0.229323301	0.229323301	0.22945887 ZINC000630051514_1
0.1244919	0.348891343	0.348891343	0.347635502 ZINC000634583444
0.710688464	0.561142519	0.561142519	0.551988883 ZINC000634591874_1
0.532474569	0.403300279	0.390123542	0.388552513 ZINC000634621134_1
0.431511794	0.105326934	0.105326934	0.104705621 ZINC000634622561_1
0.450947941	0.405893924	0.405893924	0.406354884 ZINC000634623204
0.628299729	0.139874398	0.139874398	0.144087161 ZINC000641602996
0.215981442	0.216116883	0.216116883	0.217246786 ZINC000641702143
0.9569914	1.04466287	1.04466287	1.04683157 ZINC000646628959
0.561936742	0.269079878	0.269079878	0.268160084 ZINC000647843470
0.166781954	0.170216519	0.170216519	0.169719745 ZINC000647870968_1
0.192510108	0.203705361	0.203705361	0.200003956 ZINC000649443256n
0.16540677	0.141290585	0.141290585	0.140193807 ZINC000650146167
0.514364868	0.878112108	0.878112108	0.872363125 ZINC000656400991
0.285298607	0.17723877	0.17723877	0.178177819 ZINC000656471822_1
9.10525734E-02	0.158061259	0.158061259	0.157720506 ZINC000657011431
9.745267432E-02	5.949814426E-02	5.949814426E-02	5.893175902E-02 ZINC000660579376_1
0.180710848	0.234926752	0.234926752	0.22991947 ZINC000663622744_1
0.25395724	6.936933262E-02	6.936933262E-02	6.915341455E-02 ZINC000665722552_1
0.429082363	0.242150653	0.242150653	0.24552515 ZINC000669372627n_1_1
0.428229849	4.189426271E-02	4.189426271E-02	4.217829609E-02 ZINC000669372627n_1_2
0.436175285	1.532054235E-02	1.532054235E-02	6.150440831E-02 ZINC000669372627n_1
0.41373185	3.690828168E-02	3.690828168E-02	3.730823004E-02 ZINC000669372627n
0.137224689	0.149562192	0.149562192	0.148647658 ZINC000669374486
7.76171798E-02	3.863477991E-02	3.863477991E-02	3.878667163E-02 ZINC000672111794_2
0.106470456	4.842373975E-02	4.842373975E-02	4.823229437E-02 ZINC000676909199_1
5.296010592E-02	5.254230563E-02	5.254230563E-02	5.250103185E-02 ZINC000677297578_2
0.180291597	0.288681237	0.288681237	0.288868533 ZINC000677486681_1
0.135291819	0.139398371	0.139398371	0.13667454 ZINC000678468880_1
0.156666904	0.137093426	0.137093426	0.137824954 ZINC000685937492
0.179544344	0.185222068	0.185222068	0.184936145 ZINC000685938119
4.342032811E-02	6.00061549E-02	6.00061549E-02	6.232247264E-02 ZINC000685938364_1
0.230922397	0.155236442	0.155236442	0.144561041 ZINC000685938364
0.250186855	0.116084442	0.116084442	0.116598929 ZINC000685939199
9.632545778E-02	0.144734642	0.144734642	0.152349901 ZINC000685944133n
0.327477373	0.220732704	0.220732704	0.212263979 ZINC000685944682
9.713993408E-02	5.034733682E-02	5.034733682E-02	5.060705578E-02 ZINC000685944721
0.188110531	0.234157201	0.234157201	0.233484152 ZINC000711921440_1
0.156554243	0.151701203	0.151701203	0.151701203 ZINC000712252383_2
0.864243775	0.290353699	0.290353699	0.293887957 ZINC000716063305
9.89718852E-02	0.157186533	0.157186533	0.161195678 ZINC000725244717
0.163153532	9.499703294E-02	9.499703294E-02	9.52164764E-02 ZINC000725272374n
1.02614161	1.0261079	1.0261079	1.0265106 ZINC000725361122n
6.973014032E-02	7.178539165E-02	7.178539165E-02	6.857721217E-02 ZINC000736809422n
0.271481047	0.111932408	0.111932408	0.111944546 ZINC000739207475n
0.241870213	5.10309939E-02	5.10309939E-02	5.073632946E-02 ZINC000757213235_1
0.114948755	0.114124007	0.114124007	0.113352984 ZINC000757213235n_1
0.310931892	4.653280556E-02	4.653280556E-02	4.634110619E-02 ZINC000757213653_2
5.002186152E-02	6.861168684E-02	6.861168684E-02	6.904353033E-02 ZINC000757213724_2
0.119613332	0.190587163	0.190587163	0.186621256 ZINC000757213845_2
0.140905538	0.163146066	0.163146066	0.160510189 ZINC000757215738_2
5.957926773E-02	0.368509441	0.101389069	9.666514837E-02 ZINC000767478079
0.448601168	0.119827461	0.119827461	0.121431422 ZINC000773145501
0.142835465	0.115972033	0.115972033	0.112655151 ZINC000799123402_1
7.965717624E-02	8.471912354E-02	8.471912354E-02	8.510647107E-02 ZINC000832070040n
0.240728983	0.215025623	0.215025623	0.179980737 ZINC000840786719_2
0.206629444	0.100891625	0.100891625	9.939451609E-02 ZINC000849918009
0.135095981	0.137654303	0.137654303	0.138149926 ZINC000854206502_2
8.977420402E-02	0.106192582	0.106192582	0.105030881 ZINC000864368537_1
0.495903484	0.706676553	0.706676553	0.722326353 ZINC000864368537
0.500522548	7.083333129E-02	7.083333129E-02	7.238938739E-02 ZINC000866117130_1
0.245747838	0.167294711	0.167294711	0.166711754 ZINC000871958970_1
0.520919246	6.213151896E-02	6.213151896E-02	6.821471425E-02 ZINC000884561238_1
0.458645278	0.232038621	0.232038621	0.232246947 ZINC000884561238
0.492240126	5.316283853E-02	5.316283853E-02	5.302742754E-02 ZINC000895249962_1
0.130272354	0.150402869	0.150402869	0.150591551 ZINC000895956485_2
0.169550583	0.147826063	0.147826063	0.147765321 ZINC000896333858_1
0.121761874	0.178946863	0.178946863	0.179052459 ZINC000896338174_1
0.130977465	6.986599909E-02	6.986599909E-02	7.020244734E-02 ZINC000899320368_2
0.333741801	0.240267273	0.240267273	0.173450509 ZINC000899322873_1
0.290212755	0.294025238	0.294025238	0.29376643 ZINC000899322873n_1
0.449531372	0.185800127	0.185800127	0.186851856 ZINC000899351124_1
0.200969765	0.305920276	0.305920276	0.304160713 ZINC000900453192_1
0.393563278	0.391564694	0.391564694	0.391343205 ZINC000902553060_1
0.16649769	0.193190418	0.193190418	0.199951154 ZINC000904860791_2
0.230010605	0.218102143	0.218102143	0.216159411 ZINC000906170237_1
0.468544287	0.197485531	0.197485531	0.197685098 ZINC000906176945_2
0.29347663	0.353365945	0.353365945	0.353418842 ZINC000906205602_2
0.471988459	0.609494476	0.609494476	0.609304799 ZINC000920153414
0.611978508	0.229666933	0.229666933	0.229741864 ZINC000931523329_1
0.24105267	0.167564339	0.167564339	0.154760728 ZINC000931523329
0.187798671	4.7636817E-02	4.7636817E-02	4.705925863E-02 ZINC000931678245_1
0.606094603	0.612338652	0.612338652	0.61113824 ZINC000932838760
6.862746734E-02	6.532681391E-02	6.532681391E-02	6.515650641E-02 ZINC001117168717_2
0.166719885	0.217824227	0.217824227	0.215635052 ZINC001120852010
9.167897906E-02	0.127127147	0.127127147	0.126075922 ZINC001120860874_1
0.317183396	0.218854598	0.218854598	0.208917484 ZINC001121897655
0.374555688	0.427315953	0.156899374	0.163112067 ZINC001156816117
0.357614197	0.15866496	0.15866496	0.165118753 ZINC001157449731
0.12936793	0.114980014	0.114980014	0.115158826 ZINC001157731948_1
0.148639592	0.137622942	0.137622942	0.137477957 ZINC001157745159n_1
5.989881944E-02	7.657882047E-02	7.657882047E-02	7.697363666E-02 ZINC001158699060_1
8.228528187E-02	4.162136011E-02	4.162136011E-02	4.162136011E-02 ZINC001159103094_1
0.432297231	0.153329273	0.153329273	0.153374798 ZINC001160878230_1_1
0.444912471	0.167394484	0.167394484	0.167927634 ZINC001160878230_1
0.160892377	0.128917812	0.128917812	0.125278713 ZINC001161700339
0.203021125	0.202919717	0.202919717	0.202911789 ZINC001162999081_1
0.423976015	0.187646689	0.187646689	0.2413899 ZINC001163219742n
6.325718397E-02	2.777526793E-02	2.777526793E-02	2.808524143E-02 ZINC001164275931_1
0.372019419	0.339495608	0.339495608	0.342857212 ZINC001164275931_2
1.14409801	0.183335156	0.19283418	0.20007575 ZINC001164275931
0.30902973	0.12426268	0.12426268	0.120306601 ZINC001165294459_1
0.185860903	7.396420496E-02	7.396420496E-02	7.474274116E-02 ZINC001165314341_1
8.52477619E-02	6.225224395E-02	6.225224395E-02	6.161016201E-02 ZINC001165325546n_1_1
0.286334396	7.781182642E-02	7.781182642E-02	7.85893235E-02 ZINC001165325546n_1
0.157337313	9.431714489E-02	9.431714489E-02	8.940737686E-02 ZINC001165380822n_1
0.112667586	0.138160974	0.138160974	0.110829119 ZINC001165382000_1
0.126515763	0.142222621	0.142222621	0.142590744 ZINC001166932686_1
0.142344015	0.13809767	0.13809767	0.137593575 ZINC001167185324_1
0.123557171	0.117098746	0.117098746	0.117098746 ZINC001169124206_1
0.152023932	0.248115315	0.248115315	0.24821699 ZINC001170147166_1
0.123018431	0.143899257	0.143899257	0.142656516 ZINC001172296233_1
0.182739069	0.133218807	0.133218807	0.150845843 ZINC001173859101_1
0.588949981	7.664638207E-02	7.664638207E-02	7.63760105E-02 ZINC001173885026_1
0.484844326	0.17440253	0.17440253	0.172136672 ZINC001173885026
0.122595193	0.15457626	0.15457626	0.156673035 ZINC001173996627
0.137501535	0.228333232	0.23046875	0.159814308 ZINC001173999554_1
0.759816929	1.08547577	1.08547577	0.926929779 ZINC001174277778_1
0.205556175	1.01737151	1.01737151	1.01769208 ZINC001174277778
0.315451043	0.198563883	0.198563883	0.200580586 ZINC001174459250_1
0.702434192	8.357649297E-02	8.357649297E-02	8.362433944E-02 ZINC001174792103_1
0.803810328	0.132265472	0.132265472	0.142541705 ZINC001174792103
0.332051299	9.515710989E-02	9.515710989E-02	8.712323921E-02 ZINC001176401833_1
0.929047149	0.322071409	0.322071409	0.33409193 ZINC001176401833
0.973621576	0.364281857	0.378497027	0.37714475 ZINC001201326673
0.132560369	0.119404909	0.119404909	0.117460787 ZINC001203389343_1
7.096810075E-02	7.304805056E-02	7.304805056E-02	7.265750245E-02 ZINC001204918113
2.594820528E-02	2.596744788E-02	2.596744788E-02	2.596744788E-02 ZINC001205179068_2
0.825859258	0.384153183	0.348627634	0.360752812 ZINC001210450279_1
0.851514023	0.329099787	0.329099787	0.319515928 ZINC001210450279
0.147120912	0.147591378	0.147591378	0.152381497 ZINC001211249624_1
0.44051663	0.173529609	0.388225443	0.389966859 ZINC001211253607
9.018227257E-02	0.121194137	9.464467566E-02	9.4612226E-02 ZINC001211338220_2
0.176957122	0.170662595	0.170662595	0.165989914 ZINC001217727675_2
0.130137717	0.141566432	0.141566432	0.14383954 ZINC001217727675n_2
0.687589243	0.600357931	0.600357931	0.606030442 ZINC001217736742n_2
9.205617072E-02	8.344162943E-02	8.344162943E-02	8.344162943E-02 ZINC001222701454
4.492652709E-02	0.176631634	0.176631634	0.176193842 ZINC001236357506_2
0.235467974	0.421433742	0.421433742	0.420716329 ZINC001236360606
0.513247532	0.279951835	0.279951835	0.286678367 ZINC001236366799
0.286328191	0.15230144	0.15230144	0.147709458 ZINC001238955720_1
0.185010837	0.13549459	0.13549459	0.133411763 ZINC001239317829n
0.194318794	0.284977826	0.284977826	0.283984568 ZINC001239318796
0.110518593	0.131369459	0.131369459	0.130372374 ZINC001239331275
0.36280107	0.358043843	0.358043843	0.370088882 ZINC001239465882_2
0.150146493	8.494652424E-02	8.494652424E-02	8.416180259E-02 ZINC001239470051_2
0.238288464	5.885017532E-02	5.885017532E-02	5.80075986E-02 ZINC001239690345_1
0.195229632	0.180463254	0.180463254	0.175650433 ZINC001239785008n
0.271370274	0.206345742	0.206345742	0.202472791 ZINC001240125879
0.120158204	8.724197174E-02	8.724197174E-02	8.746073934E-02 ZINC001240241022_1
0.179010523	6.175214743E-02	6.175214743E-02	6.172554315E-02 ZINC001240828115n
0.197210977	0.206266841	0.206266841	0.21077527 ZINC001241112903_2
6.316464208E-02	4.927374608E-02	4.927374608E-02	3.926267954E-02 ZINC001241331593_2
8.834844041E-02	9.67147088E-02	9.67147088E-02	9.535264413E-02 ZINC001241540889
7.892708601E-02	0.12970976	0.12970976	0.12963016 ZINC001241564972_2
0.400338323	0.199928695	0.199928695	0.183091 ZINC001241889110_1
6.638894325E-02	0.457150088	0.457150088	0.457125908 ZINC001242013084_1
6.041084777E-02	6.152405355E-02	6.152405355E-02	6.189976137E-02 ZINC001242018908_1
0.220350806	0.217336517	0.217336517	0.210932405 ZINC001242058812_1
5.343227573E-02	5.338521655E-02	5.338521655E-02	5.362573751E-02 ZINC001242061304_1
0.363020124	0.120468187	0.120468187	0.120165492 ZINC001242075130
8.715364917E-02	7.769159329E-02	6.784803087E-02	7.0743411E-02 ZINC001242077208_1
0.196271149	0.206613376	0.206613376	0.232116557 ZINC001242079291_1
4.728357184E-02	5.761842576E-02	5.761842576E-02	5.83126944E-02 ZINC001242105682_2
0.443292962	0.443735793	0.443735793	0.443292962 ZINC001242459244_1
0.451723012	0.147072996	0.368302575	0.339680789 ZINC001242459244
0.338879051	0.244979868	0.244979868	0.24866832 ZINC001242460667
0.216619788	0.210301645	0.210301645	0.210023215 ZINC001242602055
0.296832626	0.347480763	0.347480763	0.348620232 ZINC001242757916
0.35530764	0.353926676	0.353926676	0.354688214 ZINC001242758505
0.120798156	0.147465175	0.147465175	0.144270577 ZINC001242894460_1
0.181039526	0.270948916	0.270948916	0.259558502 ZINC001242897054
0.149191748	0.141683954	0.141683954	0.160144481 ZINC001243061568
0.198463922	0.325557954	0.303635691	0.311267689 ZINC001243108999n
0.545994242	0.468797402	0.468797402	0.507530763 ZINC001243111516
7.666353779E-02	0.421864309	0.421864309	0.421754337 ZINC001243674859_2
0.195686948	0.148176411	0.148176411	0.154894937 ZINC001243675434_2
9.471686009E-02	8.342213537E-02	8.342213537E-02	8.455202742E-02 ZINC001243947093_2
8.145693038E-02	6.734999655E-02	6.734999655E-02	6.569472487E-02 ZINC001243949879_2
8.705453578E-02	9.304990748E-02	9.304990748E-02	9.459619466E-02 ZINC001245208011_1
0.391871885	0.385307501	0.385307501	0.385433048 ZINC001245310873_2
8.535473735E-02	0.438951899	0.438951899	0.396856553 ZINC001245895341_1
0.362339462	0.245926911	0.245926911	0.232332058 ZINC001246259560_1
5.636062002E-02	7.439448247E-02	7.439448247E-02	7.454630339E-02 ZINC001246524526_1
0.154321612	0.224244349	0.224244349	0.21969854 ZINC001246529460_1
0.131328205	0.200045002	0.200045002	0.194115177 ZINC001246540212_1
0.143799299	0.143796924	0.143796924	0.143796924 ZINC001246550775n_1
0.278920251	0.162155231	0.162155231	0.161822497 ZINC001246550775n_2
0.349148714	0.147096964	0.147096964	0.147467762 ZINC001246550775n_3
0.137629394	0.126299169	0.126299169	0.126352197 ZINC001246550775n_4
0.144522169	0.15310073	0.15310073	0.152757177 ZINC001246550775n_5
0.326220464	0.27231132	0.27231132	0.274091825 ZINC001246550775n
0.140545092	0.141274852	0.141274852	0.137900698 ZINC001246569894_1
0.18343418	0.195274009	0.195274009	0.195510468 ZINC001246584348_1
0.142367782	0.188943171	0.188943171	0.185920811 ZINC001246605739_1
7.992966789E-02	0.197320933	0.197320933	0.194366697 ZINC001246620865_1
0.132064519	7.474855471E-02	7.474855471E-02	7.518139699E-02 ZINC001246841220_1
8.532387336E-02	0.12357964	0.12357964	0.122448883 ZINC001246870032_1
7.086577262E-02	8.969933648E-02	8.969933648E-02	8.990747211E-02 ZINC001246961565_1
0.165844204	0.194411251	0.194411251	0.191552334 ZINC001246991001_1
0.114513944	0.102472376	0.102472376	0.104770015 ZINC001246991001n_1
0.112588391	9.998848304E-02	9.998848304E-02	9.822266433E-02 ZINC001246991472_1
4.982999741E-02	5.821166232E-02	5.821166232E-02	5.819666465E-02 ZINC001250032854
0.383497543	0.363990005	0.363990005	0.363777506 ZINC001250487441
0.14463859	0.146650298	0.146650298	0.14687356 ZINC001250524155_1
0.331612788	0.142566123	0.142566123	0.156803335 ZINC001250570624
0.220000591	0.219967456	0.227810298	0.226425256 ZINC001250875004_1
8.500728886E-02	6.05606469E-02	6.05606469E-02	6.016409705E-02 ZINC001250875004n_1
0.254428798	0.341605587	0.341605587	0.335475241 ZINC001250919891
0.358752173	0.164621959	0.164621959	0.148647798 ZINC001251802539
6.031026907E-02	6.093885889E-02	6.093885889E-02	6.092937689E-02 ZINC001253364102_2
0.365975207	0.447401422	0.447401422	0.447404831 ZINC001253387814_1
0.309910175	0.382914173	0.382914173	0.384610586 ZINC001253387814
0.492791861	0.419192438	0.420307391	0.42059952 ZINC001253392609_2
7.802468989E-02	5.573591183E-02	5.573591183E-02	5.633706891E-02 ZINC001253396614_2
0.118078487	0.130913445	0.130913445	0.130418829 ZINC001253402246_2
3.948103391E-02	3.948104673E-02	3.948104673E-02	3.948104673E-02 ZINC001253421002_2
0.228973674	0.404394668	0.397341377	0.397328325 ZINC001253421002
0.840492326	0.531828591	0.531828591	0.468151264 ZINC001253477613_2
0.229251263	0.153799403	0.153799403	0.153012152 ZINC001254225042_1
0.429936669	0.466042341	0.466042341	0.462392554 ZINC001254867202n
0.103706572	0.182352201	0.182352201	0.182308917 ZINC001255019831_1
0.122850353	0.163748644	0.163748644	0.162275302 ZINC001255283034_1
0.563816764	0.518271319	0.518271319	0.516323049 ZINC001255289996
7.307932548E-02	0.14465418	0.14465418	0.143188775 ZINC001255429782_1
0.915643025	0.298024806	0.298024806	0.295033744 ZINC001255546774_1
9.855238481E-02	0.11931709	0.11931709	0.119935679 ZINC001255550175_1
0.209168406	0.102088008	0.102088008	0.102236517 ZINC001257088967_1
4.354902685E-02	6.219078695E-02	6.219078695E-02	6.26256475E-02 ZINC001257459468_1
7.789172554E-02	8.823986277E-02	8.823986277E-02	8.825907556E-02 ZINC001257459468n_1
0.100076433	0.11166257	0.11166257	0.110325481 ZINC001258161803_1
0.387272927	0.343453689	0.343453689	0.338300149 ZINC001262671361
0.173553846	0.215235019	0.215235019	0.215933551 ZINC001262671965_1
0.243778918	0.169894074	0.184194208	0.182282647 ZINC001262828900_1
0.168056196	0.166759599	0.166759599	0.168652722 ZINC001274023484n_1
8.741823168E-02	0.233401149	0.233401149	0.237880394 ZINC001277921912_1
0.979645456	0.982341992	0.982341992	0.982215567 ZINC001278091420_1
0.172739442	0.245477308	0.245477308	0.272851567 ZINC001278091420
0.672739951	0.338165562	0.358390845	0.374496329 ZINC001329590631
0.395256665	0.55507612	0.55507612	0.346765743 ZINC001332479305
7.643518236E-02	0.140111489	0.140111489	0.137582277 ZINC001336398509_1
0.304222297	0.294992923	0.294992923	0.295349681 ZINC001336425002_1
1.24943523	0.170720432	0.170720432	0.710031003 ZINC001336909342
0.350893695	0.295249396	0.295249396	0.306560668 ZINC001337073713_1
1.13909763	0.304091212	0.304091212	0.303900263 ZINC001337073713
0.465680701	0.21611486	0.226147542	0.225435218 ZINC001339791928n_1
0.903152606	0.426977387	0.426977387	0.427854105 ZINC001339791928n
0.173613113	9.37115189E-02	9.37115189E-02	9.587577335E-02 ZINC001350087619
0.17417972	0.126389181	0.126389181	0.126732507 ZINC001354028531_1
0.278057297	0.74575337	0.74575337	0.741272243 ZINC001503350576_1
0.365099578	0.481420409	0.481420409	0.480958068 ZINC001503350576_2
0.35697549	0.153202189	0.153202189	0.154169578 ZINC001503350576
