#Initial Optimized Reoptimized Retrained Compound
7.810838662E-02	7.340687371E-02	7.340687371E-02	7.341902302E-02 230001
0.251242553	0.189612152	0.189612152	0.205442413 230002
0.206524454	0.102169329	0.102169329	0.104152968 230003
7.685791846E-02	9.125754417E-02	9.125754417E-02	9.227081985E-02 230004
0.104495518	9.915157163E-02	9.915157163E-02	9.665542624E-02 230005
0.112306622	0.143378065	0.143378065	0.109963586 230006
0.131906736	5.018267658E-02	5.018267658E-02	4.994190438E-02 230007
6.928206629E-02	6.539447714E-02	6.539447714E-02	6.493415532E-02 230008
6.317128038E-02	7.047522489E-02	7.047522489E-02	7.163427414E-02 230009
0.114140663	5.177134499E-02	5.177134499E-02	5.176125569E-02 23000A
4.658801019E-02	0.108528064	0.108528064	0.107372985 23000B
0.251754475	8.788412172E-02	8.788412172E-02	8.892801395E-02 23000C
0.10846574	9.631389946E-02	9.631389946E-02	9.017670531E-02 23000D
7.570569942E-02	7.061595827E-02	7.061595827E-02	7.293711872E-02 23000E
0.166307278	0.105455416	0.105455416	0.104683847 23000F
0.215713928	0.249031958	0.249031958	0.298889164 23000G
5.100046246E-02	5.780083067E-02	5.780083067E-02	5.880099376E-02 23000H
0.129350473	6.040758785E-02	6.040758785E-02	0.129350473 23000J
0.273449174	0.14357779	0.14357779	0.14347678 23000I
0.282103519	5.958412833E-02	5.958412833E-02	6.192523299E-02 23000K
6.586345311E-02	8.524660602E-02	8.524660602E-02	8.665132715E-02 23000L
0.14215822	0.147400538	0.144290155	0.144322512 23000M
0.148637981	0.182870814	0.182870814	0.182671564 23000N
6.873148979E-02	3.479254734E-02	3.938312919E-02	3.934814232E-02 23000O
3.41841122E-02	4.587351754E-02	4.587351754E-02	4.230451531E-02 23000P
6.473976421E-02	4.759020912E-02	4.759020912E-02	4.78176928E-02 23000Q
9.26752898E-02	0.101358711	0.101358711	9.405964092E-02 23000R
7.482460892E-02	6.563062027E-02	6.563062027E-02	6.471148566E-02 23000S
7.365875183E-02	3.143686577E-02	3.143686577E-02	3.143042354E-02 23000T
9.912455674E-02	6.252573273E-02	6.252573273E-02	6.250138758E-02 23000U
0.140046122	6.424666605E-02	6.424666605E-02	6.369257117E-02 23000V
0.140484846	0.190426074	0.190426074	0.204225776 23000W
0.108087869	5.79886057E-02	5.79886057E-02	5.874640752E-02 23000X
4.902426794E-02	5.377033209E-02	5.377033209E-02	5.449648531E-02 23000Y
8.690576238E-02	8.213281731E-02	8.213281731E-02	8.319296677E-02 23000Z
0.13585093	4.211500175E-02	5.010118752E-02	5.117252026E-02 230010
8.665779768E-02	0.119037493	0.119037493	0.126278081 230011
0.138169799	8.043164735E-02	9.028048142E-02	8.936859507E-02 230012
8.847658645E-02	8.042548788E-02	8.042548788E-02	7.964190725E-02 230013
0.111536736	0.114666365	0.114666365	0.112405507 230014
5.917804543E-02	8.172539042E-02	8.172539042E-02	7.089936125E-02 230015
8.061973875E-02	3.966526747E-02	3.966526747E-02	4.017656039E-02 230016
0.128047369	9.404833881E-02	9.404833881E-02	9.419000125E-02 230017
0.363747096	9.62996002E-02	9.62996002E-02	9.66657315E-02 230018
0.167794072	9.460096319E-02	9.460096319E-02	9.805513739E-02 230019
6.375333586E-02	6.134761891E-02	6.134761891E-02	6.212243797E-02 23001A
0.20821058	0.173267367	0.173267367	0.174432269 23001B
0.127954519	0.103053502	0.148671131	0.144631376 23001C
0.131949697	0.1066153	0.1066153	0.106180264 23001E
0.207065431	0.108468776	0.108468776	0.104484456 23001D
0.105106014	5.875884631E-02	5.875884631E-02	5.82892788E-02 23001F
0.295965183	0.24936622	0.237859324	0.236333575 23001G
8.364005823E-02	0.108773907	0.108773907	0.107302605 23001H
8.507151547E-02	6.326033865E-02	6.326033865E-02	6.334097706E-02 23001I
8.217014763E-02	0.109746615	0.109746615	0.113559826 23001J
4.096059519E-02	7.584211873E-02	7.584211873E-02	7.591445791E-02 23001K
0.474506351	0.101982059	0.101982059	0.102525184 23001L
0.552837283	8.416870962E-02	8.416870962E-02	8.250570471E-02 23001M
0.145352243	0.1409397	0.1409397	0.139829571 23001N
0.184957054	0.189846088	0.189846088	0.186849775 23001O
0.120021049	6.92685095E-02	6.92685095E-02	6.932232986E-02 23001P
6.660356842E-02	4.096289415E-02	4.096289415E-02	4.06500334E-02 23001Q
0.824274813	5.241006404E-02	5.241006404E-02	5.189958247E-02 230000
8.00056736E-02	8.38426661E-02	8.38426661E-02	8.431555684E-02 23001R
0.123642762	9.764299208E-02	9.764299208E-02	9.722337729E-02 23001S
4.513721893E-02	5.131166665E-02	5.198719605E-02	5.596118377E-02 23001T
7.352853255E-02	5.987914265E-02	7.069011113E-02	6.909789843E-02 23001U
9.34128405E-02	7.997691695E-02	7.997691695E-02	8.300926554E-02 23001V
0.113421793	0.114099335	0.114099335	0.114099335 23001W
6.489837752E-02	0.127953771	0.112469057	0.115096302 23001X
8.222166128E-02	7.270397889E-02	7.270397889E-02	7.30112965E-02 23001Y
4.731593021E-02	4.66548401E-02	4.66548401E-02	4.7364989E-02 23001Z
0.221469636	5.537654371E-02	5.537654371E-02	5.69950731E-02 230020
0.15268477	8.513622325E-02	8.513622325E-02	8.446131671E-02 230021
0.261242311	0.161555003	0.161555003	0.161450813 230022
4.533397289E-02	6.801201159E-02	6.801201159E-02	6.871107094E-02 230023
0.160268657	0.112090677	0.129936148	0.116330548 230024
3.678540885E-02	4.787706315E-02	4.787706315E-02	4.733978915E-02 230025
0.113988741	3.813808876E-02	3.813808876E-02	3.391607731E-02 230026
0.461958813	0.196952478	0.196952478	0.190686308 230027
9.620070306E-02	4.764992976E-02	4.764992976E-02	4.55180441E-02 230028
2.852409754E-02	2.914281122E-02	2.892666988E-02	2.529990465E-02 23002A
0.404561589	0.139485006	0.130772363	0.126563286 230029
7.544602041E-02	5.441827674E-02	5.441827674E-02	5.55765146E-02 23002B
0.482592931	5.280560455E-02	5.280560455E-02	5.296475734E-02 23002C
8.210303595E-02	9.926090625E-02	9.926090625E-02	9.877444864E-02 23002E
9.064849334E-02	5.825640565E-02	5.825640565E-02	5.785036204E-02 23002D
0.106491976	0.10720456	0.10720456	0.108315331 23002F
0.128163491	0.136620622	0.136620622	0.136700624 23002G
0.315931172	8.268848403E-02	8.268848403E-02	8.270081703E-02 23002H
5.443559909E-02	5.715826141E-02	5.715826141E-02	6.084309628E-02 23002I
0.237653367	9.757504513E-02	9.757504513E-02	0.103041823 23002J
0.136229111	7.749687792E-02	7.749687792E-02	7.72352963E-02 23002K
0.135343593	7.199666671E-02	7.199666671E-02	7.212332658E-02 23002L
0.260853032	0.105277147	0.105277147	9.326805541E-02 23002M
7.372204646E-02	6.005333067E-02	6.005333067E-02	6.002432234E-02 23002N
0.239780055	3.101771349E-02	3.101771349E-02	3.177437321E-02 23002O
5.967583386E-02	5.188552571E-02	5.188552571E-02	5.291027975E-02 23002P
0.118246389	5.670039949E-02	5.670039949E-02	5.876356934E-02 23002Q
0.104740799	4.638755471E-02	4.638755471E-02	4.635714868E-02 23002R
0.102440679	9.71431335E-02	9.697167493E-02	9.607586267E-02 23002S
0.253405794	4.833733409E-02	4.833733409E-02	4.805664486E-02 23002T
9.500787188E-02	9.005126291E-02	9.005126291E-02	9.053804837E-02 23002U
5.343564206E-02	5.154787356E-02	5.154787356E-02	5.20784671E-02 23002V
0.180435528	8.192738154E-02	8.192738154E-02	8.170958442E-02 23002W
8.242787294E-02	5.190478862E-02	5.190478862E-02	5.216313378E-02 23002X
0.111090023	0.109010665	0.109010665	0.106033804 23002Y
4.192847686E-02	6.339036341E-02	6.339036341E-02	6.158253123E-02 23002Z
6.212096975E-02	8.797731385E-02	8.797731385E-02	8.743331558E-02 230030
0.354216744	0.139652192	0.139652192	0.141614074 230031
5.49011375E-02	5.0432735E-02	5.0432735E-02	4.970541967E-02 230032
0.143867836	0.111763495	0.111763495	0.107216716 230033
0.202431823	0.238276132	0.238276132	0.240830005 230034
9.620265279E-02	4.607047297E-02	4.607047297E-02	4.647851012E-02 230035
9.755810988E-02	8.677571628E-02	8.677571628E-02	8.941491165E-02 230036
0.208412335	0.171564317	0.171564317	0.172173965 230037
8.717332145E-02	7.930235339E-02	7.930235339E-02	7.874881061E-02 230038
5.980880337E-02	5.334576829E-02	5.334576829E-02	5.336014194E-02 230039
4.442168995E-02	4.065980827E-02	4.065980827E-02	4.015130002E-02 23003A
0.106879336	4.700823511E-02	4.700823511E-02	4.675772652E-02 23003B
8.223806678E-02	8.815439549E-02	8.815439549E-02	8.763381975E-02 23003C
7.068271921E-02	0.15770168	0.15770168	0.153956382 23003D
9.10329121E-02	5.64834372E-02	5.64834372E-02	5.629094267E-02 23003E
9.984430804E-02	9.214927919E-02	9.214927919E-02	9.225929615E-02 23003F
0.107234354	7.928565379E-02	7.928565379E-02	8.118322251E-02 23003G
0.122819772	4.862715513E-02	7.535711636E-02	7.543682832E-02 23003I
0.128363473	6.404697333E-02	9.236139726E-02	9.339919825E-02 23003H
6.732948829E-02	5.573158428E-02	5.573158428E-02	5.629494985E-02 23003J
0.105917685	0.107014073	0.107014073	0.109333464 23003K
8.0581489E-02	8.804976171E-02	0.16604497	0.171988871 23003L
8.585819893E-02	0.10476149	0.10476149	0.107290312 23003M
0.532980448	0.269438557	0.191887029	0.19907793 23003N
0.141556619	7.887559682E-02	7.887559682E-02	7.949469899E-02 23003O
5.808138877E-02	3.49755718E-02	4.80641588E-02	4.830964262E-02 23003P
9.789709684E-02	9.90353063E-02	9.90353063E-02	9.846299128E-02 23003Q
3.343608658E-02	3.955032726E-02	3.955032726E-02	3.955079562E-02 23003R
9.80586894E-02	0.127109312	0.127109312	0.127519833 23003S
6.351300585E-02	5.634893688E-02	5.634893688E-02	5.452746716E-02 23003T
0.266327088	8.358593269E-02	8.358593269E-02	8.300913677E-02 23003U
9.937860415E-02	5.864239714E-02	5.864239714E-02	5.849999114E-02 23003V
9.099210525E-02	4.590835364E-02	4.590835364E-02	4.632804526E-02 23003W
0.12604726	4.968964813E-02	4.968964813E-02	5.084353578E-02 23003X
7.864448214E-02	6.361105801E-02	6.361105801E-02	6.367904031E-02 23003Y
0.1824056	0.156868381	0.156868381	0.156868381 23003Z
0.134246791	0.129458482	0.129458482	0.127183641 230040
8.013458921E-02	5.691280724E-02	5.691280724E-02	5.800454805E-02 230042
9.983711207E-02	6.050451273E-02	6.050451273E-02	6.024922516E-02 230041
0.28615023	0.131334991	0.131334991	0.13025068 230043
0.166366405	0.162333552	0.162333552	0.162333552 230044
0.114109878	0.115947019	0.115947019	0.115947019 230045
6.922044713E-02	6.132403715E-02	6.132403715E-02	5.815356891E-02 230046
4.815414225E-02	5.440361333E-02	5.440361333E-02	5.461667876E-02 230047
0.134206664	7.512153817E-02	7.512153817E-02	7.440871231E-02 230048
4.421003495E-02	3.845407267E-02	3.845407267E-02	3.894793863E-02 230049
5.700727436E-02	0.105383477	0.105383477	0.10444346 23004A
0.338613894	0.145375544	0.269964688	0.247736153 23004B
0.111395205	4.794046624E-02	4.794046624E-02	4.859851076E-02 23004C
0.208472081	4.508331377E-02	4.508331377E-02	4.617413026E-02 23004D
4.372775472E-02	4.247684092E-02	4.247684092E-02	4.286936432E-02 23004E
9.820512033E-02	9.108411877E-02	8.777702203E-02	8.971614828E-02 23004F
7.009156321E-02	4.588044068E-02	4.588044068E-02	4.79337902E-02 23004G
0.131702155	0.100871347	0.100871347	0.101008877 23004H
0.20632045	5.702520971E-02	5.702520971E-02	5.877948041E-02 23004I
7.413058608E-02	7.823106552E-02	7.823106552E-02	8.010817888E-02 23004K
8.376470002E-02	8.040419727E-02	8.040419727E-02	7.782579721E-02 23004J
0.151942849	0.174061469	0.174061469	0.181807332 23004L
0.136645386	0.12627346	0.12627346	0.127380531 23004M
0.120355406	5.426684502E-02	5.426684502E-02	5.431997029E-02 23004N
0.127470683	3.811811226E-02	3.811811226E-02	3.755359117E-02 23004O
5.207248255E-02	4.736081585E-02	4.736081585E-02	4.688390023E-02 23004P
9.710086998E-02	6.595619431E-02	6.595619431E-02	6.593194731E-02 23004Q
0.120071001	5.355078795E-02	5.355078795E-02	5.370528863E-02 23004R
5.742593549E-02	4.384852843E-02	4.384852843E-02	4.505634361E-02 23004S
7.249199767E-02	3.440263352E-02	3.440263352E-02	3.556626969E-02 23004U
0.121402943	6.682211016E-02	6.682211016E-02	6.993523622E-02 23004T
0.34160072	0.146237324	0.146237324	0.144910767 23004V
6.688853562E-02	7.038031205E-02	7.038031205E-02	7.003022789E-02 23004W
0.512568823	0.120607415	0.120607415	0.125507346 23004X
5.828567746E-02	5.216388366E-02	5.216388366E-02	5.186955616E-02 23004Y
0.120225115	9.175300828E-02	9.175300828E-02	9.120243465E-02 23004Z
4.949682891E-02	4.859576891E-02	4.859576891E-02	4.81710046E-02 230050
0.117203956	4.505010001E-02	4.505010001E-02	4.508390431E-02 230052
0.148004641	0.116671307	0.116671307	0.133609606 230051
0.225236867	0.147337644	0.147337644	0.146337772 230053
7.498367568E-02	7.243650821E-02	7.243650821E-02	7.252061638E-02 230054
0.266940052	0.144173677	0.144173677	0.142506206 230056
0.50196204	0.128921724	0.128921724	0.127557185 230055
0.11453736	7.50985671E-02	7.50985671E-02	7.974322597E-02 230057
4.683172792E-02	4.95463808E-02	4.95463808E-02	4.741356657E-02 230058
5.059695439E-02	6.850108502E-02	6.850108502E-02	6.887924216E-02 230059
0.141128548	5.754051508E-02	5.754051508E-02	5.674047709E-02 23005A
0.21220685	7.627778277E-02	7.627778277E-02	7.733769481E-02 23005B
0.169150489	0.125756283	0.125756283	0.127100642 23005C
0.100328028	8.516715944E-02	8.516715944E-02	8.449033375E-02 23005D
0.119362703	6.880612342E-02	6.880612342E-02	7.09687324E-02 23005F
0.23512473	0.104027477	0.104027477	0.104935825 23005E
6.596590515E-02	6.360980884E-02	6.360980884E-02	6.362219742E-02 23005G
3.03867351E-02	2.063476396E-02	2.063476396E-02	2.088560307E-02 23005I
0.228104381	0.173140578	0.173140578	0.175018139 23005H
0.102254011	4.43458451E-02	4.43458451E-02	4.434944459E-02 23005J
5.764764259E-02	7.198497585E-02	7.198497585E-02	7.176777678E-02 23005K
0.119804207	4.788310408E-02	4.788310408E-02	4.943929421E-02 23005N
0.200587174	6.688388209E-02	9.670810781E-02	9.56878678E-02 23005O
3.369851227E-02	3.369851227E-02	3.369851227E-02	3.369851227E-02 23005P
0.12238258	3.254932188E-02	3.254932188E-02	3.600805971E-02 23005Q
0.204095631	6.283957332E-02	6.283957332E-02	6.485601686E-02 23005M
0.160538947	0.11315083	0.11315083	0.107806255 23005L
6.311028152E-02	6.358956305E-02	6.358956305E-02	6.358956305E-02 23005R
9.342090046E-02	7.065921632E-02	7.065921632E-02	7.271714098E-02 23005S
0.176081757	0.168934683	0.201165307	0.188321724 23005T
8.461292977E-02	7.545757028E-02	7.545757028E-02	7.367612225E-02 23005V
7.130257091E-02	0.105216205	0.105216205	0.104865247 23005U
4.008114143E-02	3.72981672E-02	3.72981672E-02	3.888494502E-02 23005W
0.134061492	9.007649702E-02	8.778718984E-02	8.824304581E-02 23005X
5.636734194E-02	5.635706672E-02	5.635706672E-02	5.661029493E-02 23005Y
0.13989405	0.129716345	0.129716345	0.124662478 23005Z
0.230042952	0.192843612	0.192843612	0.212668653 230060
0.16777784	0.126976602	0.126976602	0.127064746 230061
0.102239417	7.663087928E-02	7.663087928E-02	6.481920138E-02 230062
7.785097829E-02	6.172498311E-02	6.172498311E-02	6.339667491E-02 230063
0.176503475	8.933852418E-02	8.933852418E-02	8.948730497E-02 230064
0.249884615	9.717794999E-02	0.106716892	0.109308284 230065
9.316834712E-02	6.277290542E-02	6.277290542E-02	6.29632086E-02 230066
8.043928253E-02	4.677159531E-02	4.677159531E-02	4.675322508E-02 230067
0.102554794	3.37975132E-02	3.37975132E-02	3.371524662E-02 230068
9.099723287E-02	4.249873949E-02	4.403362673E-02	4.413332237E-02 23006A
0.131681482	6.943565226E-02	5.190301055E-02	5.038207818E-02 230069
4.748425933E-02	4.160966706E-02	4.160966706E-02	4.16321151E-02 23006B
9.146491532E-02	9.087938136E-02	9.087938136E-02	9.284722575E-02 23006C
7.95477695E-02	8.258786692E-02	8.258786692E-02	9.114248262E-02 23006D
0.209502125	0.108718437	0.108718437	0.10528464 23006E
4.764028819E-02	8.925474017E-02	9.853684681E-02	9.570207535E-02 23006F
3.766103506E-02	3.588633975E-02	3.588633975E-02	3.569166097E-02 23006G
7.034855459E-02	6.77333041E-02	6.77333041E-02	7.193707037E-02 23006H
0.116738528	7.109091322E-02	6.554870267E-02	6.738569527E-02 23006I
0.169692974	0.111368228	0.111368228	0.113858556 23006J
0.108236124	0.119601972	0.119601972	0.121644369 23006K
6.439720313E-02	4.699709561E-02	4.699709561E-02	4.693053633E-02 23006L
0.195722098	4.132948336E-02	4.132948336E-02	4.145085921E-02 23006N
0.191069374	6.154651356E-02	6.154651356E-02	5.95901744E-02 23006M
8.11843536E-02	6.096154414E-02	6.096154414E-02	5.930275775E-02 23006O
7.173413988E-02	6.446112337E-02	6.446112337E-02	6.72041579E-02 23006P
6.404819505E-02	5.237004404E-02	5.237004404E-02	5.088825009E-02 23006Q
8.125242212E-02	6.765633807E-02	6.765633807E-02	7.152613692E-02 23006R
0.354590088	0.170793997	0.170793997	0.169340997 23006T
0.386449218	0.130685144	0.130685144	0.133893184 23006S
7.569251557E-02	6.27746388E-02	6.27746388E-02	6.534794237E-02 23006U
6.616067097E-02	6.360736086E-02	6.360736086E-02	6.427930948E-02 23006V
3.403119832E-02	3.938893514E-02	3.938893514E-02	3.978927639E-02 23006W
0.118003226	6.041563057E-02	6.041563057E-02	5.985377354E-02 23006X
0.140898346	7.293118556E-02	7.293118556E-02	7.227534821E-02 23006Y
5.634719118E-02	2.659304299E-02	2.659304299E-02	2.611557963E-02 23006Z
8.945385864E-02	7.139761018E-02	7.139761018E-02	7.372174151E-02 230070
0.130694152	0.120742915	0.110166528	0.11014352 230071
0.184190059	0.114899556	0.114899556	0.110234374 230072
0.249775278	0.115964406	9.303493717E-02	9.32663688E-02 230073
3.526782325E-02	3.66668736E-02	3.66668736E-02	3.625452058E-02 230074
7.500722956E-02	4.239686219E-02	6.814644262E-02	6.762119431E-02 230075
0.100127124	0.103323663	0.103323663	0.103184478 230076
0.32962611	0.283868125	0.263066127	0.264530769 230077
9.78130497E-02	9.251078908E-02	9.251078908E-02	9.16650382E-02 230078
5.352157252E-02	2.955309263E-02	2.955309263E-02	2.950553265E-02 230079
7.189650747E-02	8.057373132E-02	8.057373132E-02	8.126458181E-02 23007A
5.966052973E-02	7.406719E-02	7.406719E-02	7.411885616E-02 23007B
5.184178053E-02	5.748701472E-02	5.748701472E-02	5.499199688E-02 23007C
6.04501975E-02	5.663626706E-02	5.663626706E-02	5.809067566E-02 23007D
0.10955915	9.410881692E-02	9.410881692E-02	9.5218046E-02 23007E
0.103225614	5.233089777E-02	5.233089777E-02	5.235002378E-02 23007F
0.104731579	0.100208356	0.100208356	9.23230554E-02 23007G
9.546846614E-02	7.655686451E-02	7.655686451E-02	7.655877328E-02 23007I
0.262035931	0.166786538	0.166786538	0.165540744 23007J
0.169953939	0.311194524	0.251131965	0.262322307 23007H
5.179035313E-02	3.640944596E-02	3.640944596E-02	3.627222656E-02 23007K
6.02135607E-02	5.888647372E-02	5.888647372E-02	6.025833287E-02 23007M
0.118910113	0.153172503	0.139004492	0.138678758 23007L
8.896971713E-02	4.586438725E-02	4.586438725E-02	4.599604195E-02 23007O
4.498646218E-02	4.959468151E-02	4.959468151E-02	4.992499566E-02 23007N
6.346255112E-02	6.73313503E-02	6.73313503E-02	6.753570892E-02 23007P
0.173794847	0.160397397	0.160397397	0.160397397 23007Q
0.108048767	0.112840236	0.112840236	8.91432189E-02 23007R
9.007157039E-02	0.118361934	0.118361934	0.118917203 23007S
3.222091502E-02	3.978544986E-02	3.978544986E-02	3.978544986E-02 23007T
4.814893918E-02	4.448015671E-02	4.448015671E-02	4.421024285E-02 23007U
6.582907605E-02	3.522464428E-02	3.522464428E-02	3.521345397E-02 23007W
0.255721288	6.250067292E-02	6.250067292E-02	6.181389E-02 23007V
0.296419793	0.127063168	0.127063168	0.120634684 23007X
0.168102944	0.216790605	0.211154635	0.218727723 23007Y
0.154170381	4.539681689E-02	4.539681689E-02	4.567117831E-02 23007Z
4.47273152E-02	5.523543912E-02	5.523543912E-02	5.535817874E-02 230080
0.355191054	6.040399487E-02	6.040399487E-02	6.141922196E-02 230081
0.12447617	6.404443912E-02	6.404443912E-02	6.766096701E-02 230082
0.195539365	0.135517783	0.135517783	0.137378272 230084
0.177320804	0.16480981	0.16480981	0.164720705 230083
9.915460661E-02	8.399188314E-02	8.399188314E-02	8.137109879E-02 230085
6.519129818E-02	5.41760919E-02	5.41760919E-02	5.547625402E-02 230086
0.111752795	7.613670146E-02	7.613670146E-02	7.595608051E-02 230087
5.488567088E-02	6.354259426E-02	6.354259426E-02	6.287123945E-02 230088
8.021046222E-02	6.882913419E-02	6.882913419E-02	6.889800429E-02 230089
7.13831264E-02	9.360677128E-02	9.360677128E-02	0.129230327 23008A
0.119570377	0.149757253	0.149757253	0.127654101 23008B
8.726997758E-02	8.003240264E-02	8.003240264E-02	0.10090323 23008C
0.12328635	0.126699516	0.126699516	0.125922718 23008E
0.315875978	0.134643029	0.134643029	0.131611463 23008D
0.101519701	6.230906543E-02	6.230906543E-02	6.239879776E-02 23008G
0.148411785	0.143737631	0.143737631	0.143611161 23008F
5.518093522E-02	4.741835885E-02	4.741835885E-02	4.824626429E-02 23008H
0.103915475	8.76851043E-02	8.76851043E-02	8.507517068E-02 23008I
0.217752376	6.55293742E-02	0.138395585	0.140652444 23008J
3.590974918E-02	3.557924564E-02	3.557924564E-02	3.522613269E-02 23008L
6.444262419E-02	5.639888636E-02	5.639888636E-02	5.845572224E-02 23008K
7.138839567E-02	7.023364917E-02	7.023364917E-02	6.865987728E-02 23008M
0.26838455	0.317019863	0.317019863	0.318139637 23008N
0.115238659	8.091654876E-02	8.091654876E-02	8.106696915E-02 23008O
5.148523195E-02	5.450443746E-02	5.450443746E-02	5.44610519E-02 23008P
0.12263627	0.110032874	0.110032874	0.107962695 23008Q
0.24290108	0.242227323	0.242227323	0.245207202 23008R
6.751691764E-02	9.799920964E-02	0.161007346	7.087644441E-02 23008S
7.011014105E-02	5.096591689E-02	5.096591689E-02	5.058259073E-02 23008T
5.641214125E-02	5.007902528E-02	5.007902528E-02	4.959435006E-02 23008U
0.187276323	9.342474262E-02	9.342474262E-02	9.353416794E-02 23008V
4.070551781E-02	3.934328228E-02	3.934328228E-02	3.919078316E-02 23008W
0.165097451	0.156895715	0.156895715	0.157396889 23008X
0.167382305	4.868791731E-02	4.868791731E-02	4.884452579E-02 23008Y
5.606558899E-02	5.770376163E-02	5.770376163E-02	5.841101756E-02 23008Z
4.987565907E-02	2.923280906E-02	2.923280906E-02	2.945157151E-02 230090
0.14051065	6.198879949E-02	6.198879949E-02	6.193944908E-02 230091
6.288374102E-02	5.975238529E-02	5.975238529E-02	5.989029202E-02 230092
8.996566749E-02	9.084180199E-02	9.084180199E-02	8.847568767E-02 230093
0.267439881	0.102743734	0.102743734	0.100085549 230094
7.887218277E-02	8.025122971E-02	8.025122971E-02	6.911502953E-02 230095
0.110662817	9.614344149E-02	9.614344149E-02	9.636894562E-02 230096
0.331042769	5.549892125E-02	5.549892125E-02	5.579825388E-02 230097
0.105805937	7.808503376E-02	7.808503376E-02	7.584961795E-02 230098
6.375853383E-02	6.743584592E-02	6.743584592E-02	6.829139336E-02 230099
4.908211368E-02	4.625878073E-02	4.625878073E-02	4.638257031E-02 23009A
4.347907188E-02	4.339264966E-02	4.339264966E-02	4.38984812E-02 23009C
0.215319853	0.119112298	0.119112298	0.115566723 23009B
0.120862737	0.107741116	0.107741116	0.112034074 23009D
5.574322768E-02	6.59749559E-02	6.59749559E-02	6.667432561E-02 23009E
0.139273581	7.229294091E-02	7.229294091E-02	7.49120087E-02 23009F
7.413195543E-02	8.079274596E-02	8.079274596E-02	8.048532844E-02 23009G
5.725608232E-02	5.753008117E-02	5.753008117E-02	5.737622063E-02 23009H
0.11682886	5.912199874E-02	5.912199874E-02	5.786808313E-02 23009I
0.266532002	0.16365896	0.16365896	0.162597622 23009J
7.602545471E-02	6.931617882E-02	6.931617882E-02	7.109431055E-02 23009K
0.138966535	8.326004858E-02	8.326004858E-02	8.048589176E-02 23009L
8.551589001E-02	8.856546926E-02	8.856546926E-02	8.632744378E-02 23009M
6.403076149E-02	7.781705135E-02	7.781705135E-02	7.715380015E-02 23009O
8.431958035E-02	0.102729736	0.102729736	9.63231678E-02 23009N
8.362246313E-02	6.438573791E-02	6.438573791E-02	6.411538719E-02 23009P
9.000143749E-02	0.112841207	0.112841207	0.114648914 23009Q
2.886617194E-02	3.663767986E-02	3.663767986E-02	3.735207399E-02 23009S
0.329045594	0.128249624	0.128249624	0.128155031 23009R
5.39082588E-02	6.002597324E-02	6.002597324E-02	6.093509124E-02 23009T
6.37674274E-02	7.626540159E-02	7.626540159E-02	7.608020643E-02 23009U
0.403592535	3.404092476E-02	3.404092476E-02	3.403265686E-02 23009W
0.372264224	4.067864214E-02	4.067864214E-02	4.188910072E-02 23009V
0.149238716	0.179031661	0.179031661	0.173750406 23009X
7.952735295E-02	9.320916826E-02	9.320916826E-02	8.359412747E-02 23009Y
8.699412681E-02	8.273111628E-02	8.273111628E-02	8.258016307E-02 23009Z
0.10826472	9.475908139E-02	9.475908139E-02	9.849307597E-02 2300A0
0.119204592	0.209448971	0.209448971	0.215334116 2300A1
9.195245953E-02	0.10180098	0.10180098	9.688075882E-02 2300A2
7.077401197E-02	3.577509907E-02	3.577509907E-02	3.657502615E-02 2300A3
3.990258354E-02	3.363333612E-02	3.363333612E-02	3.365844097E-02 2300A5
0.137903215	6.577842506E-02	6.577842506E-02	6.931323968E-02 2300A4
0.182420619	9.062489534E-02	9.062489534E-02	9.116519492E-02 2300A6
0.428217421	0.159552243	0.159552243	0.159998994 2300A7
0.116227923	0.102307694	0.102307694	9.647807035E-02 2300A8
8.604180117E-02	9.541323954E-02	9.541323954E-02	9.658014198E-02 2300A9
8.172969862E-02	8.125666087E-02	8.125666087E-02	8.223780767E-02 2300AA
9.214573837E-02	4.833055235E-02	4.833055235E-02	4.828057599E-02 2300AC
0.177323467	0.188782426	0.188782426	0.186742763 2300AB
6.786826696E-02	7.024396272E-02	7.024396272E-02	6.96918123E-02 2300AE
8.208923235E-02	5.960174729E-02	5.960174729E-02	5.59184288E-02 2300AD
0.134816901	7.060673422E-02	7.060673422E-02	6.560079972E-02 2300AF
0.397362057	7.625990853E-02	7.625990853E-02	7.82047861E-02 2300AG
0.1068495	6.129459718E-02	6.129459718E-02	6.008082841E-02 2300AH
5.963220973E-02	7.247338023E-02	7.247338023E-02	7.660648408E-02 2300AJ
6.9457139E-02	7.727350173E-02	7.727350173E-02	9.994331963E-02 2300AI
5.972307884E-02	3.34519493E-02	3.34519493E-02	4.770867954E-02 2300AK
7.379841721E-02	9.148661132E-02	9.148661132E-02	9.574832404E-02 2300AL
0.110792753	8.636672284E-02	8.636672284E-02	0.101014616 2300AM
3.350069574E-02	5.530990807E-02	5.530990807E-02	5.530990807E-02 2300AN
0.209640143	9.543271283E-02	9.543271283E-02	9.595218942E-02 2300AO
9.108039647E-02	9.752429045E-02	7.954149743E-02	8.004121028E-02 2300AP
9.275105652E-02	0.104923527	0.104923527	0.107620657 2300AQ
7.492078291E-02	6.481311146E-02	6.481311146E-02	6.269056128E-02 2300AR
0.111476151	0.110929117	0.110929117	0.110953812 2300AS
0.259027824	0.296680696	0.296680696	0.293894526 2300AT
0.231515802	0.325101621	0.325101621	0.330506899 2300AU
0.143437345	3.222474878E-02	3.222474878E-02	3.202055834E-02 2300AV
0.113714634	0.114355453	0.114355453	0.116424286 2300AW
7.309834785E-02	6.57735553E-02	6.57735553E-02	6.530517266E-02 2300AX
7.096997715E-02	7.989666239E-02	7.989666239E-02	8.027631209E-02 2300AY
6.84540854E-02	7.733997258E-02	7.733997258E-02	7.63372695E-02 2300AZ
0.259306725	0.27709955	0.27709955	0.298344933 2300B0
7.458464344E-02	8.231525833E-02	8.231525833E-02	7.96796334E-02 2300B1
7.672177606E-02	6.758185567E-02	6.758185567E-02	6.862643422E-02 2300B2
7.492390912E-02	4.845043934E-02	4.845043934E-02	4.984450632E-02 2300B3
6.449804058E-02	4.071900366E-02	4.071900366E-02	4.017295062E-02 2300B5
0.135065973	0.102126004	0.102126004	9.962262496E-02 2300B4
0.105074541	0.113035761	0.113035761	0.112442764 2300B6
8.30206742E-02	9.379520048E-02	9.379520048E-02	9.324551449E-02 2300B7
0.269605186	0.275056659	0.275056659	0.273801833 2300B8
0.283434686	0.129647125	0.129647125	0.128620852 2300B9
0.14555902	0.12871509	0.12871509	0.134307504 2300BA
5.055252548E-02	8.188242206E-02	8.188242206E-02	8.226271215E-02 2300BC
0.108164551	0.11930237	0.11930237	0.113611324 2300BB
5.097560825E-02	7.233784682E-02	7.233784682E-02	5.672509941E-02 2300BD
0.112834338	0.117336677	0.117336677	0.117336677 2300BE
8.275265203E-02	6.547305871E-02	6.547305871E-02	6.661042313E-02 2300BF
0.156130623	0.10287584	0.10287584	0.113348584 2300BH
0.390447783	0.210450165	0.210450165	0.214384246 2300BG
5.11697501E-02	7.649649659E-02	7.649649659E-02	7.411364978E-02 2300BI
0.115365018	8.474180598E-02	8.474180598E-02	8.461908427E-02 2300BK
0.17607708	0.117494925	0.117494925	0.120006727 2300BJ
7.796198575E-02	5.668945275E-02	5.668945275E-02	5.477258022E-02 2300BL
0.138443599	0.140819131	0.140819131	0.131656771 2300BN
0.107791637	8.358184649E-02	8.358184649E-02	8.10524403E-02 2300BM
6.404071582E-02	5.737387909E-02	5.737387909E-02	5.761090461E-02 2300BO
6.699097208E-02	6.1793267E-02	6.1793267E-02	6.652121568E-02 2300BP
8.874213793E-02	9.389233601E-02	9.389233601E-02	8.748441898E-02 2300BQ
4.00959142E-02	5.725149072E-02	3.996360501E-02	3.543338745E-02 2300BR
6.51614813E-02	7.221775762E-02	7.212409005E-02	7.468348215E-02 2300BS
6.141892402E-02	6.126285293E-02	6.126285293E-02	5.861831008E-02 2300BT
7.687115593E-02	0.107918809	0.107918809	0.106440453 2300BU
6.647205546E-02	6.774090278E-02	6.774090278E-02	6.563059001E-02 2300BW
9.504602591E-02	0.122575969	0.122575969	0.126961189 2300BV
0.146728702	7.395303514E-02	7.395303514E-02	7.944338851E-02 2300BX
7.598002643E-02	8.076815234E-02	8.076815234E-02	7.654723655E-02 2300BY
0.109005375	0.115377132	0.115377132	0.114066468 2300BZ
5.044561123E-02	5.960482341E-02	5.960482341E-02	5.9654524E-02 2300C0
5.897242582E-02	6.225689218E-02	6.225689218E-02	6.310951881E-02 2300C1
9.741391649E-02	9.740359233E-02	9.740359233E-02	9.880025801E-02 2300C2
2.649997623E-02	2.631837566E-02	2.631837566E-02	2.618229988E-02 2300C3
6.548727599E-02	6.06728524E-02	6.06728524E-02	6.085493175E-02 2300C4
0.158315767	8.370685351E-02	8.370685351E-02	8.27618752E-02 2300C5
5.832266141E-02	9.80617093E-02	7.802302217E-02	6.446033619E-02 2300C6
0.132792463	0.14438179	0.14438179	0.149229162 2300C7
0.119101628	0.107278637	0.111207736	0.111197461 2300C8
7.147111069E-02	8.687540315E-02	8.687540315E-02	8.484719387E-02 2300C9
0.100988072	0.103910472	0.103910472	0.105000626 2300CA
0.106969442	0.118352011	0.118352011	0.118642959 2300CB
9.681274645E-02	0.115963152	0.115963152	0.119930625 2300CC
0.154299374	0.151623726	0.151623726	0.151768757 2300CD
0.130545686	0.102803409	0.102803409	9.970677779E-02 2300CF
0.168320484	0.173072066	0.173072066	0.189819198 2300CE
0.137420911	0.146769656	0.146769656	0.143172524 2300CG
8.549927251E-02	8.878116752E-02	8.878116752E-02	8.858190511E-02 2300CH
9.66346218E-02	7.168316682E-02	7.168316682E-02	7.082273306E-02 2300CI
6.611629104E-02	6.215028737E-02	6.215028737E-02	6.19690288E-02 2300CJ
0.388648323	6.839688886E-02	6.839688886E-02	6.834148626E-02 2300CK
0.338757555	0.252834422	0.252834422	0.255044275 2300CL
0.168902598	0.171550072	0.171550072	0.177359511 2300CM
0.126523507	9.278174893E-02	9.278174893E-02	9.278174893E-02 2300CN
7.171215969E-02	0.144098569	0.144098569	9.092289128E-02 2300CO
0.506829212	0.194468458	0.182019053	0.181944968 2300CP
0.353973943	0.102046715	0.102046715	0.100282053 2300CQ
7.196529586E-02	0.161039017	0.161039017	0.183932111 2300CR
0.764880994	0.132764221	5.590197387E-02	6.185991445E-02 2300CS
0.257621116	8.505693734E-02	8.505693734E-02	8.570503131E-02 2300CT
0.327883262	6.493503334E-02	7.979283281E-02	8.333171806E-02 2300CU
0.332579876	7.265693613E-02	5.30289487E-02	6.112547857E-02 2300CV
5.476270238E-02	7.631496927E-02	7.631496927E-02	7.624103421E-02 2300CW
9.599610798E-02	5.956810408E-02	5.956810408E-02	5.98671741E-02 2300CX
0.64886594	0.212725641	0.212725641	0.212995236 2300CY
0.165597696	9.487072462E-02	9.487072462E-02	9.415775394E-02 2300CZ
0.218431514	0.125086282	0.125086282	0.125045729 2300D0
0.208129414	0.101523364	0.101523364	0.102301257 2300D1
5.338415468E-02	3.706752065E-02	3.706752065E-02	3.756572795E-02 2300D2
7.976245045E-02	6.78301806E-02	6.78301806E-02	6.78301806E-02 2300D3
9.238216524E-02	0.125054584	0.125054584	0.115796869 2300D4
0.100038189	8.763758925E-02	8.310397303E-02	7.930250312E-02 2300D5
4.635952037E-02	4.701752662E-02	4.701752662E-02	4.723059192E-02 2300D6
5.589333023E-02	5.992301199E-02	5.992301199E-02	6.052279068E-02 2300D7
5.468261614E-02	0.105225494	9.051943043E-02	9.115101784E-02 2300D8
4.104789022E-02	9.575614029E-02	9.575614029E-02	0.112198378 2300D9
0.243593356	9.907342729E-02	9.907342729E-02	0.1138768 2300DA
7.131054865E-02	6.514719556E-02	6.514719556E-02	6.13686124E-02 2300DC
9.322615474E-02	0.105560304	0.105560304	0.100593674 2300DB
0.134433531	0.138432592	0.138432592	0.135108947 2300DD
0.113301037	0.106384154	0.106384154	0.110770618 2300DE
0.253106004	7.348549006E-02	7.034571801E-02	7.013558087E-02 2300DF
0.387340481	0.124473532	0.124473532	0.124219519 2300DG
0.102439132	9.192348617E-02	9.192348617E-02	9.406590192E-02 2300DH
0.147350825	0.148975963	0.148975963	0.147774639 2300DI
6.169651643E-02	8.753919595E-02	8.753919595E-02	8.803170914E-02 2300DJ
8.426831392E-02	7.381048004E-02	7.381048004E-02	7.381736741E-02 2300DK
0.143360152	0.118432231	0.118432231	0.119208229 2300DL
7.210142438E-02	5.608964644E-02	5.608964644E-02	5.603403657E-02 2300DM
4.064952035E-02	3.473877379E-02	3.473877379E-02	3.50664706E-02 2300DN
0.208317108	0.108613498	0.108613498	0.108867006 2300DO
0.109824951	4.523978001E-02	4.523978001E-02	4.501889806E-02 2300DP
0.125269243	0.159766979	0.159766979	0.157440065 2300DQ
9.709822106E-02	6.809125203E-02	6.809125203E-02	6.801563427E-02 2300DR
0.1037171	8.311728309E-02	8.311728309E-02	9.604639795E-02 2300DS
9.318439651E-02	5.169046409E-02	5.169046409E-02	5.230606502E-02 2300DT
4.931389262E-02	3.58937612E-02	3.58937612E-02	3.570431673E-02 2300DU
9.754377629E-02	6.593220917E-02	6.593220917E-02	6.671228834E-02 2300DV
0.100663916	7.247674098E-02	7.247674098E-02	7.164077491E-02 2300DW
0.116714103	0.110476637	0.110476637	0.109117232 2300DX
0.244039688	0.105708846	0.105708846	0.103215523 2300DY
0.121686441	0.1246228	0.1246228	0.118864019 2300DZ
0.18554837	5.931101249E-02	5.931101249E-02	5.916827892E-02 2300E1
0.125387514	8.951712757E-02	8.951712757E-02	8.886863358E-02 2300E0
6.188558552E-02	6.192130129E-02	6.192130129E-02	6.16257152E-02 2300E2
5.636954947E-02	4.759332265E-02	4.759332265E-02	4.825195092E-02 2300E3
8.180792735E-02	6.417604185E-02	6.417604185E-02	6.490780622E-02 2300E4
8.062195732E-02	7.877389207E-02	7.877389207E-02	7.88947333E-02 2300E5
9.911270044E-02	7.044544062E-02	7.044544062E-02	7.347638801E-02 2300E6
0.118685807	8.869133754E-02	8.869133754E-02	8.865490466E-02 2300E8
0.117500425	6.396675678E-02	6.396675678E-02	6.122495678E-02 2300E7
6.010047112E-02	6.632676778E-02	6.632676778E-02	6.589262411E-02 2300EA
6.207716504E-02	5.234580449E-02	5.234580449E-02	5.269777092E-02 2300E9
0.128493357	0.125947432	0.125947432	0.124199564 2300EB
4.765564777E-02	5.380597833E-02	5.380597833E-02	5.530665931E-02 2300EC
4.913479509E-02	5.397243731E-02	5.397243731E-02	5.394501767E-02 2300ED
9.637275635E-02	0.100236892	0.100236892	9.888032881E-02 2300EE
0.177663124	9.157298711E-02	9.157298711E-02	8.465315026E-02 2300EF
8.337120514E-02	4.384332974E-02	4.384332974E-02	4.413230624E-02 2300EH
0.127937527	8.097195719E-02	8.097195719E-02	7.454760382E-02 2300EG
3.799701923E-02	3.799701923E-02	3.799701923E-02	3.799701923E-02 2300EJ
9.53363621E-02	0.117616209	0.117616209	0.124894323 2300EI
0.116273271	9.243907867E-02	9.243907867E-02	8.415726064E-02 2300EK
4.332703005E-02	3.894840174E-02	3.894840174E-02	3.930460312E-02 2300EL
0.132852411	6.115539031E-02	7.096613224E-02	6.542487231E-02 2300EM
7.34893794E-02	8.306099311E-02	8.306099311E-02	8.108697947E-02 2300EN
0.131750059	0.124831969	0.124831969	0.130266636 2300EO
0.138124785	0.116157713	0.116157713	0.104180073 2300EP
0.140317065	0.14118449	0.14118449	0.147257715 2300EQ
0.137777273	0.137942912	0.137942912	0.138026662 2300ER
0.132909128	0.117084559	0.117084559	0.122147335 2300ES
9.576884204E-02	7.042366965E-02	7.042366965E-02	7.047400686E-02 2300ET
0.246236116	7.681720199E-02	7.681720199E-02	7.639686705E-02 2300EU
9.347060103E-02	5.77813064E-02	5.77813064E-02	5.777981228E-02 2300EW
0.12143363	0.104842885	0.104842885	0.107702238 2300EV
0.354955603	0.107992883	0.107992883	0.107609114 2300EX
0.112403737	9.834625189E-02	6.882048107E-02	6.711597006E-02 2300EY
4.996176281E-02	4.866579712E-02	4.866579712E-02	4.866579712E-02 2300EZ
0.202942297	0.249778403	0.249778403	0.246281099 2300F0
4.460441262E-02	5.483289224E-02	5.483289224E-02	5.483289224E-02 2300F1
0.120004297	7.302648955E-02	7.302648955E-02	7.29831578E-02 2300F2
9.960344212E-02	4.942738686E-02	4.942738686E-02	5.043325802E-02 2300F3
7.508364661E-02	6.243445915E-02	6.243445915E-02	6.220173893E-02 2300F4
7.603151473E-02	9.272514008E-02	5.902421527E-02	5.843970282E-02 2300F5
0.169440253	0.172620695	0.172620695	0.132682726 2300F6
5.557080079E-02	5.339337888E-02	5.339337888E-02	5.810322914E-02 2300F7
5.006735311E-02	4.960421E-02	4.960421E-02	5.025364421E-02 2300F8
4.845668647E-02	0.109390062	0.109390062	0.11552579 2300F9
0.147188712	8.198413067E-02	8.198413067E-02	8.100440247E-02 2300FA
0.258091081	0.157041486	0.157041486	0.157594384 2300FB
5.998295955E-02	6.809360352E-02	6.809360352E-02	6.822629334E-02 2300FC
0.13072412	0.130341547	0.130341547	0.130068883 2300FD
0.253011622	0.193327827	0.193327827	0.194424114 2300FE
7.995312241E-02	9.264364402E-02	9.264364402E-02	9.09261524E-02 2300FF
6.6963818E-02	6.841477997E-02	6.841477997E-02	6.596889929E-02 2300FG
0.111148265	0.109064507	0.109064507	0.107902372 2300FH
0.213073042	0.161264226	0.161264226	0.154476049 2300FI
0.331038782	0.19913322	0.193132662	0.199617967 2300FJ
5.90212734E-02	5.07197299E-02	5.07197299E-02	5.44174777E-02 2300FK
6.483604479E-02	0.11930486	0.11930486	0.11812576 2300FL
6.316094952E-02	4.213092056E-02	4.213092056E-02	4.10577161E-02 2300FM
8.38958588E-02	6.174147023E-02	6.174147023E-02	6.154310655E-02 2300FN
0.112977515	6.029546041E-02	6.029546041E-02	5.916046955E-02 2300FO
6.132315442E-02	5.252368049E-02	5.252368049E-02	5.247227135E-02 2300FP
4.934906769E-02	5.130409618E-02	5.130409618E-02	5.242034479E-02 2300FQ
4.313860076E-02	4.640499741E-02	4.640499741E-02	4.578336786E-02 2300FR
0.335854841	0.120701435	0.129688128	0.13252219 2300FS
0.119372412	0.11745097	0.11745097	0.117230247 2300FT
8.305952272E-02	0.214407873	0.214407873	0.217940475 2300FV
9.524641179E-02	9.479183679E-02	9.479183679E-02	9.772727681E-02 2300FU
7.667406772E-02	8.652408323E-02	8.652408323E-02	8.27273223E-02 2300FW
7.718113438E-02	6.304961211E-02	6.304961211E-02	6.353905529E-02 2300FY
0.116242308	0.111472523	0.111472523	0.109173626 2300FX
4.616929723E-02	4.543346384E-02	4.543346384E-02	4.543346384E-02 2300FZ
6.007298345E-02	8.094101794E-02	8.094101794E-02	7.799839102E-02 2300G0
0.130740544	0.127839107	0.127839107	0.126155442 2300G1
5.652045838E-02	8.893548414E-02	8.893548414E-02	7.892446628E-02 2300G2
0.135474582	8.850603753E-02	8.850603753E-02	8.91003455E-02 2300G3
7.524321735E-02	6.544168558E-02	6.544168558E-02	6.455350917E-02 2300G4
0.637492138	0.575755928	0.604285921	0.608721693 2300G5
0.11498983	0.102454559	0.102454559	0.102352036 2300G6
6.049750631E-02	4.693086777E-02	4.693086777E-02	4.699691621E-02 2300G7
5.667012238E-02	4.771382058E-02	4.771382058E-02	4.747212527E-02 2300G8
9.051629214E-02	9.883594891E-02	9.507234197E-02	9.630251336E-02 2300G9
9.567877683E-02	8.251978861E-02	8.251978861E-02	8.184758592E-02 2300GA
0.130302661	5.056383389E-02	5.056383389E-02	5.055334842E-02 2300GB
9.446237131E-02	7.575622664E-02	7.575622664E-02	7.876610923E-02 2300GC
6.550666106E-02	9.468071164E-02	9.468071164E-02	9.347679969E-02 2300GE
0.159904392	0.110705832	0.110705832	0.112692098 2300GD
0.115717041	0.106186377	0.106186377	9.681990746E-02 2300GF
8.773741103E-02	9.901176694E-02	9.901176694E-02	9.902582716E-02 2300GH
8.80705691E-02	7.79333155E-02	7.79333155E-02	8.001747134E-02 2300GG
7.382758486E-02	0.106570357	0.106570357	0.105774016 2300GK
0.112529957	4.576070579E-02	4.576070579E-02	4.561608777E-02 2300GJ
7.87464903E-02	0.150463601	0.150463601	0.137250627 2300GI
8.317495863E-02	6.090313486E-02	5.787511986E-02	5.675158206E-02 2300GL
7.468531194E-02	6.282016145E-02	6.282016145E-02	6.248794689E-02 2300GM
7.10038398E-02	6.079252971E-02	5.741348792E-02	5.869411719E-02 2300GN
8.048934615E-02	9.532922003E-02	9.532922003E-02	9.523131566E-02 2300GP
8.856976295E-02	0.155139836	0.155139836	0.155747564 2300GQ
0.105224113	6.470597552E-02	6.470597552E-02	6.630874485E-02 2300GO
0.111862563	0.107341943	0.107341943	0.10546817 2300GR
8.373313181E-02	0.124624007	0.124624007	0.125297158 2300GS
9.763031608E-02	0.100776246	0.100776246	9.928500067E-02 2300GT
6.054753047E-02	5.78988563E-02	5.78988563E-02	5.78988563E-02 2300GU
7.274731887E-02	7.179488114E-02	7.179488114E-02	7.173123307E-02 2300GV
0.101957021	9.444848884E-02	9.444848884E-02	9.654620074E-02 2300GW
9.682489114E-02	7.729007896E-02	0.111857143	0.126455017 2300GX
8.066522656E-02	6.753990028E-02	6.753990028E-02	6.651773331E-02 2300GY
7.922771212E-02	3.522091782E-02	3.522091782E-02	3.490483111E-02 2300GZ
0.155685681	0.250192114	0.138024278	0.138877188 2300H0
8.41296286E-02	5.295007163E-02	5.295007163E-02	5.288553517E-02 2300H1
8.34007501E-02	8.047685668E-02	8.047685668E-02	7.89884443E-02 2300H3
7.788435222E-02	8.944818532E-02	8.944818532E-02	8.912541468E-02 2300H2
0.185430677	4.976016398E-02	4.976016398E-02	4.971319231E-02 2300H4
7.607169148E-02	8.658139687E-02	8.658139687E-02	8.691954033E-02 2300H5
7.104341346E-02	9.155553331E-02	9.722140557E-02	9.580932613E-02 2300H6
0.119704937	0.124193554	0.124193554	0.112870511 2300H7
0.103942027	8.14813571E-02	8.14813571E-02	8.148331285E-02 2300H8
0.109838927	9.581320957E-02	9.581320957E-02	9.580238488E-02 2300H9
5.403253287E-02	4.551756397E-02	4.551756397E-02	4.665235186E-02 2300HA
0.17605482	0.17795814	0.17795814	0.175133986 2300HB
0.201782948	8.308783884E-02	8.308783884E-02	8.401071922E-02 2300HC
7.430724168E-02	7.992746363E-02	7.992746363E-02	8.083851008E-02 2300HD
5.809240126E-02	8.740557114E-02	8.740557114E-02	8.745944086E-02 2300HF
5.875033876E-02	8.817949116E-02	8.817949116E-02	8.886793356E-02 2300HE
8.98644253E-02	0.138937501	0.103626592	0.10413856 2300HG
6.700878289E-02	7.823110938E-02	7.823110938E-02	7.569521238E-02 2300HH
0.177624752	8.088487899E-02	8.088487899E-02	8.127897335E-02 2300HI
4.981274235E-02	8.072773476E-02	8.072773476E-02	8.073813509E-02 2300HJ
8.871346789E-02	6.568833992E-02	6.568833992E-02	6.65672687E-02 2300HK
5.269874157E-02	5.700011067E-02	5.700011067E-02	5.977785431E-02 2300HM
4.88672294E-02	6.607832917E-02	6.607832917E-02	6.426410802E-02 2300HL
8.492435115E-02	8.304273218E-02	8.304273218E-02	8.305412802E-02 2300HN
0.190308065	0.200651278	0.200651278	0.206729183 2300HO
0.233554574	0.285397361	0.285397361	0.373162142 2300HP
4.642140242E-02	5.091102239E-02	5.091102239E-02	5.118481433E-02 2300HQ
6.337462735E-02	7.906490713E-02	7.906490713E-02	7.873694655E-02 2300HR
0.330847512	6.710171395E-02	6.710171395E-02	6.792728459E-02 2300HS
0.103030702	0.187029629	0.187029629	0.18783569 2300HU
0.151150443	0.128546982	0.128546982	0.12968077 2300HT
7.248825379E-02	6.520447774E-02	6.520447774E-02	6.70924204E-02 2300HV
4.727573852E-02	4.611614851E-02	4.611614851E-02	4.672937628E-02 2300HW
0.178221409	0.196281295	0.196281295	0.172214299 2300HX
6.750370844E-02	6.474110646E-02	6.474110646E-02	6.378135872E-02 2300HZ
9.41632709E-02	0.107107089	0.107107089	0.101382961 2300HY
6.023398493E-02	6.023198907E-02	6.023198907E-02	6.023198907E-02 2300I0
2.835001091E-02	2.830986069E-02	2.830986069E-02	2.832834192E-02 2300I1
8.893040218E-02	8.515738694E-02	8.515738694E-02	8.833105042E-02 2300I2
3.465483949E-02	0.400718894	0.400718894	0.400367807 2300I3
5.491193411E-02	4.820565702E-02	4.820565702E-02	5.108325671E-02 2300I4
6.389815247E-02	6.484812536E-02	6.484812536E-02	6.542624077E-02 2300I5
7.586672053E-02	6.184597379E-02	6.184597379E-02	6.22586166E-02 2300I6
5.31372821E-02	6.345308398E-02	6.345308398E-02	6.026503892E-02 2300I7
7.29712922E-02	4.553925699E-02	4.553925699E-02	4.71623189E-02 2300I8
0.373059214	0.106085758	0.146856404	0.143359695 2300I9
0.105956893	0.1412826	0.1412826	0.148895867 2300IA
6.808898189E-02	6.547007744E-02	6.547007744E-02	6.637954062E-02 2300IC
0.183249646	0.207859729	0.207859729	0.191044574 2300IB
0.101998183	8.372095688E-02	8.372095688E-02	8.372095688E-02 2300ID
0.159795181	0.106957601	0.106957601	0.106930347 2300IE
6.963451072E-02	5.99694348E-02	5.99694348E-02	5.855655533E-02 2300IF
5.467503172E-02	5.416780064E-02	5.416780064E-02	5.434875076E-02 2300IG
5.603485195E-02	8.434224135E-02	8.434224135E-02	8.453372244E-02 2300IH
0.134367966	0.211460827	0.211460827	0.365189002 2300IJ
0.14972859	0.413915156	0.387695502	0.435004348 2300II
7.0903948E-02	4.929009083E-02	4.929009083E-02	4.929009083E-02 2300IK
8.170109341E-02	7.17407143E-02	7.17407143E-02	7.300023898E-02 2300IL
0.102905667	9.644172733E-02	9.644172733E-02	9.627618674E-02 2300IM
4.148710404E-02	5.292726655E-02	5.292726655E-02	5.22697222E-02 2300IN
0.101682204	6.034989846E-02	6.034989846E-02	6.300226407E-02 2300IO
0.724923479	0.370075775	0.280997127	0.27603268 2300IP
0.222477754	0.308862308	0.308862308	0.298308019 2300IQ
9.336110028E-02	0.11409173	0.11409173	0.113760057 2300IR
8.448823837E-02	0.115100828	0.115100828	0.112060708 2300IS
0.128798223	8.052233371E-02	8.052233371E-02	8.349923077E-02 2300IT
6.377287697E-02	4.504811493E-02	4.504811493E-02	4.504532057E-02 2300IV
9.723658034E-02	5.785480093E-02	5.785480093E-02	5.743203258E-02 2300IU
9.32211872E-02	3.64055403E-02	3.64055403E-02	3.642913739E-02 2300IW
0.101723393	9.839724626E-02	9.839724626E-02	9.464530175E-02 2300IX
0.285305753	0.269741648	0.272995381	0.274393385 2300IY
0.399661634	3.164238451E-02	3.164238451E-02	3.174008077E-02 2300J0
0.457688361	8.041016303E-02	8.041016303E-02	8.01765717E-02 2300IZ
0.117775535	0.111210029	0.111210029	0.120389977 2300J1
0.131128855	8.12521066E-02	8.12521066E-02	7.30739979E-02 2300J2
0.439303832	0.231793972	0.231793972	0.233166092 2300J3
3.298025764E-02	5.113742257E-02	5.113742257E-02	5.617399723E-02 2300J4
9.881898198E-02	9.274921152E-02	9.274921152E-02	9.309425434E-02 2300J5
0.201960501	7.27742E-02	7.27742E-02	7.21443727E-02 2300J6
6.335898347E-02	5.905474433E-02	5.905474433E-02	5.933628796E-02 2300J8
7.225698704E-02	7.735626925E-02	7.735626925E-02	7.701049747E-02 2300J7
6.178064153E-02	4.665431266E-02	4.665431266E-02	4.721401425E-02 2300JA
6.114217558E-02	4.863788293E-02	4.863788293E-02	4.944042378E-02 2300J9
9.158381114E-02	9.924025862E-02	9.924025862E-02	0.105909723 2300JB
5.725344991E-02	6.581555614E-02	6.581555614E-02	6.681790804E-02 2300JC
0.15007024	0.163993886	0.163993886	0.161503321 2300JD
0.132923717	0.205161556	0.205161556	0.195858013 2300JE
4.980804188E-02	4.497249901E-02	4.497249901E-02	4.557506844E-02 2300JF
6.554728113E-02	6.744443458E-02	6.744443458E-02	6.833084512E-02 2300JH
0.141063386	0.124097572	0.124097572	0.124414885 2300JG
0.224332187	0.206956635	0.201204142	0.204264616 2300JI
0.602636899	0.143026358	0.143026358	0.127987926 2300JJ
0.11655235	0.108691786	0.108691786	0.108826119 2300JK
5.936107924E-02	4.954749093E-02	4.954749093E-02	4.957091586E-02 2300JL
7.46966498E-02	6.573775805E-02	6.573775805E-02	6.541645384E-02 2300JM
0.303802695	0.320084666	0.320084666	7.784034641E-02 2300JN
0.104137416	0.12324262	0.12324262	0.113855582 2300JO
0.112434892	0.112978411	0.112978411	0.114097088 2300JP
6.787366624E-02	6.857966201E-02	6.857966201E-02	6.610045099E-02 2300JQ
9.071125933E-02	0.113512682	0.113512682	0.111014614 2300JR
0.175108212	0.155377008	0.155377008	0.153633969 2300JS
6.970557724E-02	6.492787983E-02	6.492787983E-02	6.391518913E-02 2300JT
8.53796248E-02	8.285384762E-02	8.285384762E-02	8.412107333E-02 2300JU
0.139628691	7.679072652E-02	7.679072652E-02	7.429309566E-02 2300JV
7.427796557E-02	7.851466279E-02	7.851466279E-02	7.214725413E-02 2300JW
5.203541127E-02	5.20353957E-02	5.20353957E-02	5.20353957E-02 2300JX
7.483018775E-02	5.7306117E-02	5.7306117E-02	5.634150941E-02 2300K0
0.156507169	0.103359019	0.103359019	0.101368912 2300K1
0.194248131	0.150244967	0.150244967	0.146130488 2300JZ
0.133996064	0.131531179	0.131531179	0.135112097 2300JY
4.743148419E-02	4.916319507E-02	4.916319507E-02	4.939315015E-02 2300K3
0.128245858	0.122372693	0.122372693	0.139249688 2300K2
0.412363947	0.136609382	0.136609382	0.127074518 2300K5
0.464048459	0.136810446	0.136810446	0.131449375 2300K4
4.107653015E-02	4.914379443E-02	4.914379443E-02	5.198244774E-02 2300K6
8.94783039E-02	9.009012749E-02	9.009012749E-02	9.009012749E-02 2300K7
0.1144684	0.109925044	9.321892273E-02	9.29747402E-02 2300K8
8.684815944E-02	9.497732049E-02	9.497732049E-02	9.430963488E-02 2300K9
4.77660899E-02	4.663654149E-02	4.663654149E-02	4.700116065E-02 2300KA
6.301213281E-02	6.978304209E-02	6.978304209E-02	6.841242211E-02 2300KC
5.529334461E-02	5.134886158E-02	5.134886158E-02	5.111551566E-02 2300KB
0.143653263	0.188672683	0.188672683	0.181807876 2300KD
0.174342303	0.162565101	0.162565101	0.163180879 2300KE
7.474564643E-02	7.873201826E-02	7.873201826E-02	7.881889E-02 2300KF
8.57636664E-02	5.701608226E-02	5.701608226E-02	5.676163597E-02 2300KG
0.116678737	7.941625545E-02	7.941625545E-02	7.755733478E-02 2300KH
0.206905916	0.118102627	0.118102627	0.118194377 2300KI
0.108688186	8.620244618E-02	8.620244618E-02	9.369719206E-02 2300KJ
7.130890231E-02	7.381026162E-02	7.381026162E-02	7.025505353E-02 2300KK
7.736585386E-02	6.776314352E-02	6.776314352E-02	6.829980186E-02 2300KL
8.96548591E-02	8.019274122E-02	8.019274122E-02	7.885790727E-02 2300KM
0.112092956	0.133802038	0.133802038	0.131030036 2300KN
5.353710801E-02	5.408691067E-02	5.408691067E-02	5.283755785E-02 2300KO
5.044982245E-02	5.206611668E-02	5.206611668E-02	5.187126393E-02 2300KP
7.053625089E-02	7.493748342E-02	7.493748342E-02	7.656536948E-02 2300KQ
0.39390348	0.176054268	0.176054268	0.176529955 2300KR
0.118886357	0.127076988	0.127076988	0.127938293 2300KS
5.719546774E-02	6.04055738E-02	6.04055738E-02	6.138422112E-02 2300KT
8.805196138E-02	7.082412653E-02	7.082412653E-02	6.653644789E-02 2300KV
9.774554593E-02	5.868266914E-02	5.868266914E-02	5.612936981E-02 2300KW
0.39114814	0.398773112	0.398773112	0.339386557 2300KU
0.144160631	0.157449334	0.157449334	0.157641332 2300KX
0.18142034	0.197884287	0.168857216	0.163558485 2300KY
5.219527949E-02	5.232195176E-02	5.232195176E-02	5.401674851E-02 2300KZ
6.950580592E-02	5.908985173E-02	5.908985173E-02	6.186417478E-02 2300L0
7.256080458E-02	7.5220173E-02	7.5220173E-02	7.750082743E-02 2300L1
5.700979235E-02	5.647916703E-02	5.647916703E-02	5.618608787E-02 2300L2
6.485984933E-02	7.217884655E-02	7.217884655E-02	7.247069208E-02 2300L3
3.253535619E-02	2.777901178E-02	2.777067497E-02	2.766605503E-02 2300L4
9.413149349E-02	0.124364113	0.124364113	0.123743844 2300L5
0.27105589	9.681790409E-02	9.681790409E-02	9.71715318E-02 2300L6
5.81053399E-02	8.973859135E-02	8.973859135E-02	8.96016859E-02 2300L7
9.380721719E-02	5.251378733E-02	5.251378733E-02	8.094256659E-02 2300L8
7.194155648E-02	5.148267603E-02	5.148267603E-02	5.080849501E-02 2300L9
3.790981212E-02	4.192689893E-02	4.192689893E-02	4.236076273E-02 2300LA
8.737888548E-02	5.67821467E-02	5.67821467E-02	5.69545394E-02 2300LB
6.940519449E-02	7.121593701E-02	7.121593701E-02	7.534598838E-02 2300LC
0.141417092	0.123814838	0.123814838	0.146696049 2300LD
4.777851037E-02	0.118732741	0.118732741	0.113852042 2300LE
8.947301542E-02	7.585591797E-02	7.585591797E-02	7.61979331E-02 2300LG
8.16765804E-02	8.704965812E-02	8.704965812E-02	8.04749889E-02 2300LF
0.210559326	8.657536978E-02	8.657536978E-02	8.94976005E-02 2300LH
0.157289971	0.121914944	0.121914944	0.12857908 2300LI
6.177129923E-02	6.997121735E-02	6.997121735E-02	6.715308548E-02 2300LK
9.613346025E-02	7.083843656E-02	7.083843656E-02	7.083843656E-02 2300LJ
8.997502959E-02	0.108850486	0.108850486	0.109573921 2300LL
0.180533154	0.13929843	0.13929843	0.128208261 2300LM
6.596755578E-02	6.585991536E-02	6.585991536E-02	6.585991536E-02 2300LN
5.152770906E-02	0.111393583	0.111393583	0.108253789 2300LP
0.100982547	5.222098958E-02	5.222098958E-02	5.085965702E-02 2300LO
5.583943941E-02	5.788995653E-02	5.788995653E-02	5.820350929E-02 2300LQ
3.490135342E-02	4.680305601E-02	4.680305601E-02	4.901528292E-02 2300LR
2.999183479E-02	3.1732226E-02	3.1732226E-02	3.181487822E-02 2300LS
8.143389353E-02	7.27363293E-02	7.27363293E-02	7.086946696E-02 2300LU
8.335026372E-02	9.683671312E-02	9.706366093E-02	8.324341732E-02 2300LT
0.16647837	0.134324244	0.144612543	0.143757895 2300LV
5.249097457E-02	0.102323129	0.102323129	0.111536373 2300LW
5.340083629E-02	5.170347823E-02	5.170347823E-02	5.206038388E-02 2300LX
6.268615687E-02	6.515174992E-02	6.515174992E-02	6.499308543E-02 2300LY
4.515569232E-02	5.344728289E-02	5.344728289E-02	5.877824781E-02 2300LZ
8.218792739E-02	7.012363344E-02	7.012363344E-02	6.746327404E-02 2300M0
4.887060005E-02	4.331980976E-02	4.331980976E-02	4.297751042E-02 2300M1
0.367727454	0.115592603	0.115592603	0.114635956 2300M2
6.893842022E-02	3.837938981E-02	3.837938981E-02	3.835195428E-02 2300M4
0.152696621	6.036106218E-02	6.036106218E-02	6.059802056E-02 2300M3
0.116731103	0.13866609	0.13866609	0.130360692 2300M5
0.232009952	0.146138755	0.146138755	0.143939053 2300M7
0.126736815	0.116827207	0.116827207	0.116229354 2300M6
8.456127955E-02	8.717857812E-02	8.717857812E-02	8.901445922E-02 2300M8
5.115906168E-02	3.843620515E-02	3.843620515E-02	3.853417909E-02 2300M9
7.779620924E-02	8.357944431E-02	8.357944431E-02	8.218982093E-02 2300MA
7.261617645E-02	7.146055844E-02	7.146055844E-02	6.985814642E-02 2300MB
9.800625042E-02	6.388980342E-02	6.388980342E-02	6.228160989E-02 2300MC
6.483437715E-02	6.705409339E-02	6.705409339E-02	6.784753211E-02 2300MD
4.395782859E-02	2.284026886E-02	2.284026886E-02	2.288337112E-02 2300ME
0.170093561	6.951224638E-02	6.951224638E-02	6.769775322E-02 2300MG
0.676383608	0.131502014	0.131502014	0.131548549 2300MF
0.375479014	0.160876928	0.160876928	0.161512847 2300MH
4.062378497E-02	4.928508835E-02	4.928508835E-02	4.990150312E-02 2300MI
7.293762213E-02	7.000937754E-02	7.000937754E-02	6.721283811E-02 2300MJ
4.583630723E-02	5.9606433E-02	5.9606433E-02	5.941124998E-02 2300MK
6.285341846E-02	5.917446757E-02	5.917446757E-02	5.934523551E-02 2300ML
4.169335755E-02	4.940808262E-02	4.940808262E-02	4.904976609E-02 2300MM
0.126635264	0.109443917	0.109443917	0.107515675 2300MN
0.109249881	7.133432455E-02	7.133432455E-02	7.133237502E-02 2300MO
6.842975437E-02	8.583640066E-02	8.583640066E-02	8.601239152E-02 2300MP
0.12608809	0.1062487	0.1062487	0.10921565 2300MQ
0.106915084	8.270884266E-02	8.270884266E-02	8.612893482E-02 2300MR
6.832844817E-02	6.56255325E-02	6.56255325E-02	6.430281198E-02 2300MS
0.132397515	0.140273928	0.140273928	0.140550646 2300MT
0.192426154	6.173700427E-02	6.173700427E-02	6.092045468E-02 2300MU
0.380370077	5.337910666E-02	5.337910666E-02	5.30207187E-02 2300MV
4.405862346E-02	2.254236796E-02	2.254236796E-02	2.243786879E-02 2300MX
0.102611713	5.109774678E-02	5.109774678E-02	5.078224955E-02 2300MW
4.450318559E-02	0.101467487	0.101467487	0.101190728 2300MZ
5.288040512E-02	0.102562629	0.102562629	0.106418298 2300MY
0.166601658	6.627049888E-02	6.627049888E-02	6.605362523E-02 2300N0
6.935479938E-02	7.041659486E-02	7.041659486E-02	7.075740179E-02 2300N1
7.546953971E-02	0.149338632	0.144595867	0.113076805 2300N2
7.521228684E-02	7.52632923E-02	7.52632923E-02	7.552068311E-02 2300N3
0.157803864	8.356365108E-02	8.356365108E-02	8.350110402E-02 2300N5
0.158475885	5.555292192E-02	5.555292192E-02	5.618305639E-02 2300N6
0.176693774	0.168201503	0.168201503	0.162379913 2300N7
0.179409372	0.118884284	0.118884284	0.118963868 2300N8
0.387756823	0.468590487	0.468590487	0.471237632 2300N4
4.675687275E-02	4.786478244E-02	4.786478244E-02	4.777977368E-02 2300N9
0.118538771	9.215338404E-02	9.215338404E-02	9.219361998E-02 2300NA
4.372215719E-02	4.371363584E-02	4.371363584E-02	4.371363584E-02 2300NC
0.111797088	0.112689122	0.112689122	0.112689122 2300NB
0.156452407	0.16398829	0.16398829	0.16443948 2300ND
4.913399114E-02	3.374926183E-02	3.374926183E-02	3.269266695E-02 2300NF
6.0643668E-02	5.275965835E-02	5.275965835E-02	5.20032845E-02 2300NE
0.134456422	0.128916023	0.128916023	0.13090962 2300NH
0.106674913	0.112795336	0.112795336	0.110670457 2300NG
0.100885703	9.266728355E-02	9.266728355E-02	9.220205262E-02 2300NI
8.461118264E-02	6.842162492E-02	6.842162492E-02	6.824241758E-02 2300NJ
0.179435883	9.390706013E-02	9.390706013E-02	9.596185606E-02 2300NK
5.943399289E-02	7.41067527E-02	7.41067527E-02	7.990201223E-02 2300NL
9.198201071E-02	5.825586561E-02	5.825586561E-02	5.747964306E-02 2300NM
6.996949385E-02	7.332523454E-02	7.332523454E-02	6.749982063E-02 2300NN
6.983526228E-02	6.657506062E-02	6.657506062E-02	6.489431045E-02 2300NO
4.908480412E-02	5.123376736E-02	5.123376736E-02	5.049337927E-02 2300NP
4.312691178E-02	4.312687184E-02	4.312687184E-02	4.312687184E-02 2300NQ
7.589470285E-02	5.788554232E-02	5.788554232E-02	5.816550315E-02 2300NR
0.116005709	0.181904543	0.181904543	0.164400432 2300NS
5.187294713E-02	5.727141686E-02	5.727141686E-02	5.38385215E-02 2300NT
5.270399981E-02	3.47338724E-02	3.47338724E-02	3.479291816E-02 2300NV
5.748418368E-02	5.493435501E-02	5.493435501E-02	5.4709926E-02 2300NU
9.65819399E-02	9.615424581E-02	9.615424581E-02	0.100496583 2300NW
0.146167169	9.149081981E-02	9.149081981E-02	9.109567678E-02 2300NX
0.123883858	0.245602871	0.245602871	0.252014038 2300NY
9.730325753E-02	5.848079864E-02	5.848079864E-02	5.778677301E-02 2300NZ
0.213238837	6.55612549E-02	6.55612549E-02	6.895000386E-02 2300O0
8.229110634E-02	7.050659002E-02	7.050659002E-02	7.02718075E-02 2300O1
0.120507948	0.100390819	0.128718749	0.113426223 2300O2
0.116317784	0.12367339	0.12367339	0.116390605 2300O3
6.187344493E-02	0.169883666	0.169883666	0.172210103 2300O4
0.377137844	9.397889093E-02	9.397889093E-02	9.446570976E-02 2300O5
5.548511447E-02	9.651789244E-02	9.651789244E-02	9.638568035E-02 2300O6
8.818953952E-02	0.102435655	8.775946754E-02	8.713022726E-02 2300O7
7.628959124E-02	7.952509568E-02	7.952509568E-02	7.965842258E-02 2300O8
0.129806257	0.11631977	0.11631977	0.11590433 2300O9
3.838787469E-02	3.73385708E-02	3.73385708E-02	3.636139771E-02 2300OA
0.127188315	0.108033241	0.108033241	0.10097221 2300OB
4.59166549E-02	5.34535631E-02	5.34535631E-02	5.048956081E-02 2300OC
8.214140768E-02	7.130163724E-02	7.130163724E-02	7.036356891E-02 2300OD
5.053360657E-02	4.941315565E-02	4.941315565E-02	4.515183064E-02 2300OE
7.831746635E-02	0.11746503	0.11746503	0.117834972 2300OF
0.103212117	7.90312185E-02	7.90312185E-02	8.168249966E-02 2300OG
4.959757258E-02	5.033689422E-02	5.033689422E-02	4.937173528E-02 2300OH
7.334447885E-02	5.0642058E-02	5.0642058E-02	5.166110434E-02 2300OI
8.202245467E-02	4.971264988E-02	4.971264988E-02	5.120633983E-02 2300OJ
7.643546373E-02	0.192899659	0.192899659	0.193833431 2300OL
8.622074524E-02	0.189816193	0.189816193	0.191433646 2300OK
0.271518126	0.361063034	0.361063034	0.362856069 2300OM
6.162739918E-02	6.072079395E-02	6.072079395E-02	6.127802961E-02 2300ON
0.124135473	0.116717325	0.116717325	0.116619651 2300OO
5.85137655E-02	4.360696602E-02	4.360696602E-02	4.317288115E-02 2300OP
0.103149144	0.102803265	0.102803265	0.102803265 2300OQ
0.102401345	8.998423548E-02	8.998423548E-02	8.939627317E-02 2300OR
8.248936359E-02	7.812287429E-02	7.812287429E-02	7.4983377E-02 2300OS
4.840050329E-02	4.710080585E-02	4.710080585E-02	4.710080585E-02 2300OT
0.149853647	0.130525272	0.130525272	0.1322275 2300OU
9.695152324E-02	4.097979973E-02	4.097979973E-02	4.0527769E-02 2300OW
8.500402309E-02	4.824696168E-02	4.824696168E-02	4.670426884E-02 2300OV
0.146853817	0.132861885	0.132861885	0.130206003 2300OX
0.126290527	0.133167563	0.133167563	0.127720555 2300OZ
0.148350801	0.115587126	0.115587126	0.116597115 2300OY
0.130697513	0.123067524	0.123067524	0.111491101 2300P0
6.108118379E-02	5.99793079E-02	5.99793079E-02	5.957014062E-02 2300P1
7.989912226E-02	6.681033284E-02	6.681033284E-02	6.922077798E-02 2300P2
0.118410128	7.14265381E-02	7.14265381E-02	6.903363533E-02 2300P3
8.461037828E-02	9.262166988E-02	9.262166988E-02	9.262166988E-02 2300P4
0.33816943	6.524007022E-02	6.524007022E-02	6.524320899E-02 2300P5
0.158945847	0.135460352	0.142334979	0.134865218 2300P6
0.284746026	0.195159972	0.195159972	0.199644936 2300P7
0.272667224	8.280096365E-02	8.280096365E-02	8.466578652E-02 2300P8
0.100938367	0.11296673	0.11296673	0.112571922 2300P9
9.540487085E-02	5.802476808E-02	5.802476808E-02	4.896838039E-02 2300PA
3.569051601E-02	3.635529852E-02	3.635529852E-02	3.241689837E-02 2300PC
8.430142642E-02	6.467406074E-02	6.467406074E-02	6.350116458E-02 2300PB
9.145272163E-02	7.515239976E-02	7.515239976E-02	7.712554069E-02 2300PD
3.951737012E-02	4.015840228E-02	4.015840228E-02	4.028375923E-02 2300PE
5.266689087E-02	5.71596031E-02	5.71596031E-02	5.649134988E-02 2300PF
8.370437564E-02	8.579092519E-02	8.579092519E-02	9.153736581E-02 2300PG
0.165104884	7.360539811E-02	7.360539811E-02	7.286821703E-02 2300PH
6.425632852E-02	5.124607072E-02	5.124607072E-02	5.088381788E-02 2300PI
0.16003236	0.130540779	0.130540779	0.130540779 2300PJ
0.125134476	8.773729851E-02	8.773729851E-02	8.73259791E-02 2300PK
6.084053065E-02	5.641726206E-02	5.641726206E-02	5.623143546E-02 2300PL
0.108616959	0.124475508	0.124475508	0.127060347 2300PM
6.697460088E-02	5.369461916E-02	5.369461916E-02	5.170707527E-02 2300PN
5.022349803E-02	5.298804569E-02	5.298804569E-02	5.282737639E-02 2300PO
8.700523833E-02	9.232416213E-02	9.232416213E-02	9.031829754E-02 2300PP
5.722067399E-02	3.873460769E-02	3.873460769E-02	3.748540513E-02 2300PQ
7.843336432E-02	5.254310298E-02	5.254310298E-02	5.264376546E-02 2300PR
8.147342673E-02	0.157886417	0.157886417	0.157854044 2300PS
0.157326662	0.136996811	0.136996811	0.135361942 2300PT
0.132105432	0.176571905	0.176571905	0.17105949 2300PU
8.155370411E-02	7.477778603E-02	7.477778603E-02	7.146624463E-02 2300PV
4.964659073E-02	4.752868372E-02	4.752868372E-02	4.735113438E-02 2300PW
0.198096002	9.952448414E-02	9.952448414E-02	9.642828557E-02 2300PX
0.317015746	0.339812661	0.339812661	0.386682116 2300PY
7.437353991E-02	6.730644062E-02	6.730644062E-02	6.737659253E-02 2300PZ
0.117259703	5.494896808E-02	5.494896808E-02	5.593481401E-02 2300Q0
0.132955738	0.15256161	0.15256161	0.140260201 2300Q1
6.217806214E-02	5.295412196E-02	5.295412196E-02	5.370906229E-02 2300Q2
6.024747026E-02	6.222741155E-02	6.222741155E-02	6.160445504E-02 2300Q3
0.126660613	8.133166215E-02	8.133166215E-02	8.019433243E-02 2300Q5
0.120396628	6.05241478E-02	6.05241478E-02	6.100513426E-02 2300Q4
0.184367449	3.285418578E-02	3.285418578E-02	3.285059027E-02 2300Q6
7.176187824E-02	7.118215906E-02	7.118215906E-02	7.129675589E-02 2300Q7
5.351274237E-02	5.467658083E-02	5.467658083E-02	5.44257298E-02 2300Q8
8.625620821E-02	8.863160726E-02	8.863160726E-02	8.785202483E-02 2300Q9
5.899401877E-02	6.762533658E-02	6.762533658E-02	6.81101724E-02 2300QB
8.888732241E-02	7.264450917E-02	7.264450917E-02	7.266658582E-02 2300QA
0.161531975	0.254879171	0.254879171	0.267682873 2300QC
0.22330365	4.365759849E-02	4.365759849E-02	4.515066059E-02 2300QE
0.516839706	8.082655514E-02	8.082655514E-02	7.598906183E-02 2300QD
6.81557473E-02	5.307807629E-02	5.307807629E-02	5.189241193E-02 2300QF
4.08466711E-02	4.118985274E-02	4.118985274E-02	4.111535667E-02 2300QG
0.167711212	0.157102595	0.157102595	0.158642049 2300QI
0.176326041	0.141574876	0.141574876	0.131644297 2300QH
8.531726061E-02	8.887940317E-02	8.887940317E-02	8.875738191E-02 2300QK
0.123739716	0.133521396	0.133521396	0.135938786 2300QJ
0.137110375	0.145265318	0.145265318	0.18743575 2300QL
5.339407832E-02	7.588787496E-02	7.588787496E-02	7.535369153E-02 2300QM
0.164794152	0.27090302	0.27090302	0.279726552 2300QO
0.360037053	0.258949511	0.258949511	0.281872848 2300QN
9.62960535E-02	0.110489513	0.110489513	0.113387199 2300QP
6.400219026E-02	4.926301833E-02	4.926301833E-02	4.36849263E-02 2300QQ
0.201251996	5.947678955E-02	5.947678955E-02	5.969670356E-02 2300QR
0.263857112	8.88969004E-02	8.88969004E-02	8.88969004E-02 2300QT
0.10162326	0.117514738	0.117514738	0.162629321 2300QS
9.100363389E-02	8.331827293E-02	8.331827293E-02	8.273793226E-02 2300QU
5.773753267E-02	0.108016787	0.108016787	0.107428745 2300QV
6.517541825E-02	7.461526593E-02	7.461526593E-02	6.128363233E-02 2300QW
8.647621134E-02	8.195605845E-02	8.195605845E-02	7.973145906E-02 2300QX
9.569143415E-02	9.440775249E-02	9.440775249E-02	9.362148192E-02 2300QY
0.465076675	9.045187134E-02	9.045187134E-02	9.121363554E-02 2300QZ
6.864001985E-02	0.100960659	0.100960659	0.101042031 2300R0
0.161467937	8.034189813E-02	8.034189813E-02	8.378404999E-02 2300R1
7.63799127E-02	7.49369272E-02	7.49369272E-02	7.557563675E-02 2300R2
8.947216526E-02	7.602736E-02	7.602736E-02	7.608092585E-02 2300R3
0.100366053	0.121417811	0.121417811	0.119373922 2300R4
8.533788465E-02	7.495182365E-02	7.495182365E-02	7.451386326E-02 2300R5
0.166010968	5.598834549E-02	5.598834549E-02	5.529177355E-02 2300R6
9.691004966E-02	9.902477659E-02	9.902477659E-02	0.101737245 2300R7
0.137355629	0.126706744	0.126706744	0.126098028 2300R8
3.545815165E-02	4.286614193E-02	4.286614193E-02	4.264851808E-02 2300R9
8.385681342E-02	4.223341745E-02	4.223341745E-02	4.404203588E-02 2300RB
9.052283632E-02	5.903555373E-02	5.903555373E-02	5.759854859E-02 2300RA
6.586136066E-02	6.245736399E-02	6.245736399E-02	6.379935704E-02 2300RC
0.743670811	0.114119919	0.114119919	0.112342254 2300RE
5.682718581E-02	5.464640761E-02	5.464640761E-02	5.460204426E-02 2300RF
0.357755268	0.179710385	0.179710385	0.158544204 2300RD
5.235074976E-02	0.128901506	0.128901506	0.129020773 2300RG
6.787821234E-02	5.905489641E-02	5.905489641E-02	5.861383359E-02 2300RH
4.249451738E-02	4.404845051E-02	4.404845051E-02	4.890421654E-02 2300RI
0.245369459	0.177040479	0.177040479	0.177510202 2300RJ
9.06120784E-02	0.111924344	0.111924344	0.108534521 2300RK
0.463724576	0.457939258	0.457939258	0.457805147 2300RL
7.358665326E-02	7.477252226E-02	7.477252226E-02	7.590379629E-02 2300RM
8.206688505E-02	7.323968467E-02	7.323968467E-02	7.190761667E-02 2300RN
0.123019432	0.107001848	0.107001848	0.107057258 2300RO
6.526861431E-02	7.215396512E-02	7.215396512E-02	7.335888491E-02 2300RP
0.169759103	0.114117783	0.11629962	0.117600452 2300RQ
5.461095142E-02	5.530779612E-02	5.530779612E-02	5.494571495E-02 2300RR
0.184814457	0.121409335	0.121409335	0.122961798 2300RS
0.31231825	0.106716895	0.106716895	0.104771032 2300RT
9.240130378E-02	9.232945853E-02	9.232945853E-02	9.232945853E-02 2300RX
8.864665755E-02	9.945850367E-02	9.945850367E-02	9.882766951E-02 2300RW
8.849491247E-02	8.538372648E-02	8.538372648E-02	8.976714772E-02 2300RY
7.824997806E-02	8.621757602E-02	8.621757602E-02	8.590471288E-02 2300RZ
0.136618568	0.134309183	0.134309183	0.142078157 2300S0
0.23596529	0.237927975	0.237927975	0.193159104 2300S1
9.740270573E-02	0.112455331	0.112455331	0.120662915 2300S2
7.458619832E-02	5.647313971E-02	5.647313971E-02	5.689174232E-02 2300S3
0.116498157	3.820020867E-02	3.820020867E-02	3.850305426E-02 2300S4
7.82284533E-02	7.424881269E-02	7.424881269E-02	7.396225906E-02 2300S5
5.885008567E-02	5.709408586E-02	5.709408586E-02	5.703914485E-02 2300S6
6.265084328E-02	5.297495647E-02	5.297495647E-02	5.320105037E-02 2300S7
0.204293329	0.119773055	0.119773055	0.119587147 2300S8
0.278178345	0.28348569	0.28348569	0.290250501 2300S9
7.977097434E-02	7.74770191E-02	7.74770191E-02	7.68253649E-02 2300SA
0.113613656	0.129803306	0.129803306	0.123540712 2300SB
0.431657143	0.154101876	0.154101876	0.154807429 2300SC
6.235978082E-02	6.579307175E-02	6.579307175E-02	6.62012581E-02 2300SE
0.162868069	9.028699059E-02	9.028699059E-02	9.41954763E-02 2300SD
0.129868461	9.693033827E-02	9.693033827E-02	8.731991089E-02 2300SF
5.63624228E-02	7.749034413E-02	7.749034413E-02	8.116785344E-02 2300SH
0.132318699	0.17832217	0.17832217	0.178879375 2300SI
0.106840057	9.657794525E-02	9.657794525E-02	9.722014949E-02 2300SJ
6.802518345E-02	7.743236474E-02	7.743236474E-02	7.971133477E-02 2300SK
6.717323798E-02	7.256820849E-02	7.256820849E-02	7.230798209E-02 2300SL
7.944695488E-02	8.668923343E-02	8.668923343E-02	8.659963819E-02 2300SM
4.143960712E-02	4.144661391E-02	4.144661391E-02	4.144661391E-02 2300SN
4.404664191E-02	4.523038101E-02	4.523038101E-02	4.539850845E-02 2300SO
6.992775056E-02	5.56339971E-02	5.56339971E-02	5.906930974E-02 2300SP
3.777608547E-02	3.975164595E-02	3.975164595E-02	4.04229109E-02 2300SQ
9.41524645E-02	7.441295539E-02	7.441295539E-02	7.433019416E-02 2300SR
0.137727194	6.174845657E-02	6.174845657E-02	6.156027068E-02 2300SS
7.073179082E-02	7.283991558E-02	7.283991558E-02	7.683438297E-02 2300ST
9.792431017E-02	7.649521143E-02	7.649521143E-02	7.831700551E-02 2300SU
5.239671679E-02	7.301319293E-02	7.301319293E-02	7.757323645E-02 2300SV
8.730814568E-02	6.755078894E-02	6.755078894E-02	6.818303408E-02 2300SW
6.343235714E-02	5.250543285E-02	5.250543285E-02	5.21269496E-02 2300SX
8.344112094E-02	0.1008396	0.1008396	0.101312999 2300SY
0.135929744	0.101488548	0.101488548	9.993221286E-02 2300SZ
9.768601123E-02	7.857484513E-02	7.857484513E-02	9.303160143E-02 2300T1
0.167126316	0.113138236	0.113138236	0.112751718 2300T0
7.912716614E-02	9.673044205E-02	9.673044205E-02	9.688973868E-02 2300T2
0.13823488	6.483409494E-02	6.483409494E-02	6.293590403E-02 2300T3
0.105970148	0.149358028	0.149358028	0.150316829 2300T4
0.142607302	0.206450464	0.206450464	0.204265752 2300T5
8.398740221E-02	0.244708991	0.244708991	0.221708332 2300T6
7.023877676E-02	7.021823299E-02	7.021823299E-02	7.021823299E-02 2300T7
5.418153833E-02	6.053105097E-02	6.053105097E-02	6.066319087E-02 2300T8
0.218738175	0.199777971	0.199777971	0.196189048 2300T9
5.53078164E-02	5.304018615E-02	5.304018615E-02	5.294881119E-02 2300TA
5.777780316E-02	9.918555707E-02	9.918555707E-02	9.926293332E-02 2300TC
5.313512944E-02	6.326126703E-02	6.326126703E-02	6.313040293E-02 2300TD
0.155975292	0.142131405	0.142131405	0.148377945 2300TB
6.014808562E-02	0.181985594	0.170133754	0.175670803 2300TF
5.817313141E-02	8.972478557E-02	8.972478557E-02	8.856757738E-02 2300TE
0.237794715	0.245959009	0.245959009	0.245959009 2300TG
9.347242792E-02	9.302479579E-02	9.302479579E-02	9.54722042E-02 2300TH
6.879469822E-02	0.203987083	0.203987083	0.203772788 2300TI
0.123903615	0.104818713	0.104818713	0.104550258 2300TJ
0.147542446	6.933201979E-02	6.933201979E-02	6.940387019E-02 2300TK
0.167957076	0.132005224	0.132005224	0.105932036 2300TL
8.53845341E-02	6.085834298E-02	6.085834298E-02	6.138265551E-02 2300TM
0.112774767	0.185005619	0.185005619	0.104675995 2300TN
0.120983427	0.110692719	0.110692719	0.110285912 2300TO
0.163557915	8.207982865E-02	0.235091544	0.23285252 2300TP
8.830477241E-02	4.87464816E-02	4.87464816E-02	4.913453481E-02 2300TQ
5.977424439E-02	5.156820549E-02	5.156820549E-02	5.111362189E-02 2300TR
4.530175499E-02	0.106251117	0.106251117	0.106335447 2300TS
7.009663622E-02	5.499362834E-02	5.499362834E-02	5.499339908E-02 2300TT
4.773399138E-02	4.680247366E-02	4.680247366E-02	4.611953724E-02 2300TU
0.16344907	0.11071032	0.11071032	0.110754557 2300TV
0.114183537	9.256049482E-02	9.256049482E-02	9.30141961E-02 2300TW
6.639787592E-02	0.11519686	9.219584261E-02	9.110383433E-02 2300TX
0.173977166	0.105403791	0.105403791	0.103921085 2300TY
7.22789117E-02	8.756251367E-02	8.756251367E-02	8.78643206E-02 2300TZ
7.203204299E-02	0.106522106	0.106522106	0.108009832 2300U0
6.024915452E-02	6.996302014E-02	6.996302014E-02	7.08710959E-02 2300U1
0.136090826	0.171999815	0.171999815	0.173839059 2300U2
0.244778153	9.917304594E-02	9.917304594E-02	9.751004284E-02 2300U3
9.937954131E-02	7.717819922E-02	7.717819922E-02	7.716520467E-02 2300U4
0.175415875	0.138947887	0.138947887	0.167936316 2300U5
8.262371994E-02	6.150014993E-02	6.150014993E-02	6.136957156E-02 2300U6
5.013557209E-02	5.472490094E-02	5.472490094E-02	5.354318715E-02 2300U7
0.164877672	0.12761531	0.12761531	0.120270979 2300U8
4.893234899E-02	7.607035348E-02	7.607035348E-02	7.610287997E-02 2300U9
0.14970385	0.127032231	0.127032231	0.126526789 2300UA
0.176302571	0.177579207	0.177579207	0.179456689 2300UB
8.2631729E-02	8.837837161E-02	8.837837161E-02	8.837837161E-02 2300UC
0.276496814	0.126969194	0.126969194	0.135321641 2300UD
0.21903558	0.116552033	0.116552033	0.111646813 2300UE
6.075881684E-02	7.762444676E-02	7.762444676E-02	7.819297102E-02 2300UF
9.78596045E-02	6.51267727E-02	6.51267727E-02	6.536487722E-02 2300UG
9.335644485E-02	8.542794549E-02	8.542794549E-02	8.727533756E-02 2300UH
6.297700666E-02	4.976643087E-02	4.976643087E-02	5.145794369E-02 2300UI
6.608830868E-02	7.344980612E-02	7.344980612E-02	7.347372124E-02 2300UJ
6.622400279E-02	6.075464326E-02	6.075464326E-02	6.087974374E-02 2300UK
9.342320657E-02	4.723965603E-02	4.723965603E-02	4.664976334E-02 2300UL
7.018398899E-02	6.607941112E-02	6.607941112E-02	7.043574693E-02 2300UM
9.436562256E-02	9.261052887E-02	9.261052887E-02	9.130040092E-02 2300UN
0.405974345	0.121371734	0.121371734	0.116610143 2300UO
0.433780684	0.291074898	0.283135114	0.283336016 2300UP
0.151853473	8.223386129E-02	8.223386129E-02	8.223386129E-02 2300UR
0.123756965	0.128789159	0.144788193	0.103456833 2300UQ
8.305832863E-02	7.539473332E-02	7.539473332E-02	7.49453211E-02 2300US
7.333267597E-02	7.874411914E-02	7.874411914E-02	7.509027485E-02 2300UU
8.038664292E-02	0.203077312	0.203077312	0.187639348 2300UT
0.144315527	5.499699869E-02	5.499699869E-02	5.450039315E-02 2300UV
5.911627066E-02	3.548562442E-02	3.548562442E-02	3.545496069E-02 2300UW
8.169235648E-02	5.305747885E-02	5.305747885E-02	5.406176623E-02 2300UY
8.670997643E-02	0.149729123	0.149729123	0.14877905 2300UX
6.980208545E-02	9.310498105E-02	9.310498105E-02	9.431729067E-02 2300UZ
5.027099916E-02	5.42147427E-02	5.42147427E-02	5.446989935E-02 2300V0
8.327661065E-02	8.347259662E-02	8.347259662E-02	8.333385266E-02 2300V1
5.01037198E-02	3.832166178E-02	3.832166178E-02	3.827159805E-02 2300V3
5.667313273E-02	6.356994472E-02	6.356994472E-02	6.346893715E-02 2300V2
0.102348547	0.126916401	0.126916401	9.599426546E-02 2300V4
8.087390325E-02	7.428307398E-02	7.428307398E-02	7.518084863E-02 2300V5
0.109799986	0.177049978	0.177049978	0.17691032 2300V6
5.012023082E-02	5.462243039E-02	5.462243039E-02	5.439298499E-02 2300V7
0.225346164	8.68624847E-02	8.68624847E-02	8.609945495E-02 2300V8
0.231778964	0.193654995	0.193654995	0.1937503 2300VA
0.397691603	0.262970525	0.262970525	0.263020615 2300V9
0.106079837	0.131424056	9.180242769E-02	0.192646607 2300VB
3.711632647E-02	3.816243204E-02	3.816243204E-02	3.816243204E-02 2300VC
8.514686237E-02	3.840162743E-02	3.840162743E-02	3.876335525E-02 2300VE
6.744825449E-02	4.502485566E-02	4.502485566E-02	4.44777378E-02 2300VF
0.128839901	0.102828788	0.102828788	0.103492345 2300VD
7.401485585E-02	0.113508162	0.113508162	0.118970303 2300VG
0.16720973	0.128807284	0.155869412	0.140241102 2300VH
0.123916651	0.125828389	0.125828389	0.128707171 2300VI
4.675661618E-02	4.815347443E-02	4.815347443E-02	4.780983285E-02 2300VJ
7.813017398E-02	0.111383643	0.111383643	0.121585176 2300VL
0.109714637	0.140076622	0.140076622	0.134782887 2300VK
6.402052106E-02	6.283626642E-02	6.283626642E-02	6.275809136E-02 2300VM
5.706782182E-02	5.442749286E-02	5.442749286E-02	5.204330155E-02 2300VN
9.315695862E-02	7.98716262E-02	7.98716262E-02	8.053324137E-02 2300VO
2.888675651E-02	2.661170278E-02	2.661170278E-02	2.652232732E-02 2300VP
6.631499835E-02	0.105133585	0.105133585	0.105858364 2300VQ
0.338115409	0.117529391	0.117529391	0.117673316 2300VR
0.318433143	9.790996035E-02	9.473668242E-02	9.50464528E-02 2300VS
0.141290549	7.086625766E-02	7.086625766E-02	7.085852515E-02 2300VT
0.142480538	8.80455112E-02	8.80455112E-02	0.112209475 2300VU
0.139251683	8.540443274E-02	8.540443274E-02	8.685123502E-02 2300VV
7.588458235E-02	7.141398789E-02	7.141398789E-02	7.448032459E-02 2300VW
0.10055434	0.112367333	0.112367333	0.11387108 2300VX
0.59104525	6.405705748E-02	6.405705748E-02	6.643087052E-02 2300VY
8.022133402E-02	8.214241782E-02	8.214241782E-02	8.245710328E-02 2300VZ
0.18499489	0.148782295	0.148782295	0.140175817 2300W0
5.573841569E-02	7.361422342E-02	7.361422342E-02	7.290554143E-02 2300W1
0.46399879	0.166545554	0.166545554	0.158136834 2300W2
0.152566205	0.146426815	0.146426815	0.148181753 2300W3
6.688021895E-02	6.836264607E-02	6.836264607E-02	6.767415157E-02 2300W4
8.166158252E-02	5.192384041E-02	5.192384041E-02	5.105133334E-02 2300W5
8.183200383E-02	4.906413096E-02	4.906413096E-02	4.991221485E-02 2300W6
0.104456719	6.886357357E-02	6.886357357E-02	6.818087924E-02 2300W7
3.744236983E-02	2.656124406E-02	2.656124406E-02	2.556667063E-02 2300WA
4.380080255E-02	4.189429002E-02	4.189429002E-02	4.217834684E-02 2300WB
2.314184522E-02	1.531911775E-02	1.531911775E-02	1.566443993E-02 2300W9
3.597933776E-02	3.690766373E-02	3.690766373E-02	3.730732721E-02 2300W8
0.110401932	8.133774434E-02	8.133774434E-02	8.093662275E-02 2300WC
7.767767317E-02	3.865551561E-02	3.865551561E-02	3.878538325E-02 2300WD
6.412190078E-02	4.355743663E-02	4.355743663E-02	4.337216808E-02 2300WE
5.278414151E-02	5.236516547E-02	5.236516547E-02	5.232394539E-02 2300WF
4.555298529E-02	5.024751473E-02	5.024751473E-02	5.076670095E-02 2300WG
8.467717661E-02	5.160818445E-02	5.160818445E-02	5.146389882E-02 2300WH
9.750090802E-02	9.877154312E-02	9.877154312E-02	9.192802914E-02 2300WI
5.195426613E-02	5.704754633E-02	5.704754633E-02	5.531021359E-02 2300WJ
4.441086751E-02	6.149380417E-02	6.149380417E-02	6.377631049E-02 2300WL
7.242947891E-02	9.077165854E-02	9.077165854E-02	9.302984585E-02 2300WK
0.149802541	0.109756776	0.109756776	0.110693431 2300WM
5.594757747E-02	6.995687169E-02	6.995687169E-02	7.086824709E-02 2300WN
0.149164551	0.115106494	0.115106494	0.111872043 2300WO
7.296037118E-02	4.055602895E-02	4.055602895E-02	4.049238231E-02 2300WP
9.783751263E-02	9.294265756E-02	9.294265756E-02	9.377647788E-02 2300WQ
5.142019671E-02	5.105779763E-02	5.105779763E-02	5.105779763E-02 2300WR
8.080125936E-02	7.675476397E-02	7.675476397E-02	7.654670071E-02 2300WS
9.86469683E-02	0.129652615	0.129652615	0.128781894 2300WT
0.109352708	9.311039269E-02	9.311039269E-02	9.393741724E-02 2300WU
6.17187613E-02	6.267309128E-02	6.267309128E-02	6.216435299E-02 2300WV
6.678788372E-02	6.826723608E-02	6.826723608E-02	6.765616768E-02 2300WW
0.164765584	7.931075874E-02	7.931075874E-02	8.04176823E-02 2300WX
6.324573321E-02	3.800715246E-02	3.800715246E-02	3.840038213E-02 2300WY
7.414173726E-02	7.453400295E-02	7.453400295E-02	7.30467055E-02 2300WZ
6.469811163E-02	3.898697744E-02	3.898697744E-02	3.924784685E-02 2300X0
3.960216389E-02	3.459065436E-02	3.459065436E-02	3.548673499E-02 2300X1
9.045514313E-02	8.14857593E-02	8.14857593E-02	7.920126401E-02 2300X2
9.339134551E-02	8.688267019E-02	8.688267019E-02	8.422862752E-02 2300X3
5.955469122E-02	0.368099078	0.101404464	9.665874035E-02 2300X4
0.108192933	0.116153707	0.116153707	0.117797557 2300X5
5.353849998E-02	6.116369714E-02	6.116369714E-02	5.971089084E-02 2300X6
6.308178064E-02	6.549863692E-02	6.549863692E-02	7.098520551E-02 2300X7
4.595128027E-02	4.130644418E-02	4.130644418E-02	4.23729117E-02 2300X8
0.171962459	7.223270682E-02	7.223270682E-02	6.736298656E-02 2300X9
5.977053537E-02	6.79248934E-02	6.79248934E-02	7.020329514E-02 2300XA
9.303830826E-02	7.097553471E-02	7.097553471E-02	7.097093479E-02 2300XC
0.104302214	0.103664736	0.103664736	0.104856405 2300XB
0.158904513	8.925825256E-02	8.925825256E-02	8.983848356E-02 2300XD
6.752131938E-02	6.312762792E-02	6.312762792E-02	6.310866456E-02 2300XE
0.160404965	7.688064455E-02	7.688064455E-02	7.614945548E-02 2300XG
0.141563753	0.144128636	0.144128636	0.145367037 2300XF
0.180245609	4.584463568E-02	4.584463568E-02	4.580319781E-02 2300XH
5.048909821E-02	0.107623622	0.107623622	0.106713749 2300XI
0.108609095	9.215610592E-02	9.215610592E-02	9.282726291E-02 2300XJ
8.189334408E-02	0.127909755	0.127909755	0.12809991 2300XK
0.11198023	6.557964927E-02	6.557964927E-02	6.575886251E-02 2300XL
9.828700681E-02	6.464756555E-02	6.464756555E-02	7.085174162E-02 2300XM
8.790846784E-02	0.100456619	0.100456619	0.102597791 2300XN
0.426217409	5.237782087E-02	5.237782087E-02	5.241764871E-02 2300XO
9.656154983E-02	0.184479515	0.184479515	0.182625034 2300XP
7.270604132E-02	6.484090867E-02	6.484090867E-02	6.468303949E-02 2300XQ
9.613956198E-02	0.138682228	0.138682228	0.134692189 2300XR
7.081435506E-02	6.473823838E-02	6.473823838E-02	6.662318864E-02 2300XS
0.346814943	7.055357547E-02	7.055357547E-02	7.321087324E-02 2300XT
0.272774523	9.330150831E-02	9.330150831E-02	9.197779113E-02 2300XU
0.189710436	0.26580251	0.26580251	0.245889229 2300XV
0.219576527	5.603982747E-02	5.603982747E-02	5.57098354E-02 2300XX
0.253028104	9.648720934E-02	9.648720934E-02	9.582130358E-02 2300XW
9.879978251E-02	5.186452603E-02	5.186452603E-02	5.300097851E-02 2300XY
9.257993082E-02	8.856387238E-02	8.856387238E-02	9.123126282E-02 2300XZ
6.863046416E-02	6.533809989E-02	6.533809989E-02	6.517072209E-02 2300Y0
8.866031781E-02	0.265015871	0.265015871	0.265379761 2300Y1
5.32326441E-02	8.205500159E-02	8.205500159E-02	8.064094415E-02 2300Y2
0.228243888	8.933173747E-02	8.933173747E-02	8.809654772E-02 2300Y3
0.29492314	0.240211956	0.134256083	0.130339707 2300Y4
0.146450379	9.853988514E-02	9.853988514E-02	0.105645231 2300Y5
6.579368915E-02	7.510205621E-02	7.510205621E-02	7.467485954E-02 2300Y6
7.54807087E-02	0.112434884	0.112434884	0.110727861 2300Y7
5.132157506E-02	4.762026726E-02	4.762026726E-02	4.787523412E-02 2300Y8
4.080119126E-02	2.51496573E-02	2.51496573E-02	2.51496573E-02 2300Y9
7.624965167E-02	0.120684243	0.120684243	0.120754001 2300YB
0.117640536	8.224368362E-02	8.224368362E-02	8.112800109E-02 2300YA
9.687357924E-02	6.791151049E-02	6.791151049E-02	6.854662601E-02 2300YC
0.184161262	0.184469557	0.184469557	0.184877668 2300YD
0.103004845	9.084855706E-02	9.084855706E-02	8.871981886E-02 2300YE
6.341467229E-02	2.780411184E-02	2.780411184E-02	2.81123757E-02 2300YG
5.263706268E-02	4.813874575E-02	4.813874575E-02	4.737588238E-02 2300YH
0.585965001	0.166292347	0.167797534	0.170948869 2300YF
0.181411029	7.391763458E-02	7.391763458E-02	7.271110177E-02 2300YI
8.253983162E-02	8.267038057E-02	8.267038057E-02	8.324873358E-02 2300YJ
9.112751724E-02	5.805971574E-02	5.805971574E-02	5.941853926E-02 2300YL
0.109326813	6.832045999E-02	6.832045999E-02	6.76492772E-02 2300YK
8.174403375E-02	7.830517998E-02	7.830517998E-02	8.239931648E-02 2300YM
8.261764429E-02	0.137130218	0.137130218	0.11149944 2300YN
6.271614246E-02	8.977375506E-02	8.977375506E-02	8.982922506E-02 2300YO
3.859126464E-02	4.479845775E-02	4.479845775E-02	4.549803736E-02 2300YP
6.491920969E-02	6.467892679E-02	6.467892679E-02	6.467892679E-02 2300YQ
4.882251932E-02	5.538596343E-02	5.538596343E-02	5.577512914E-02 2300YR
4.18865942E-02	6.019108711E-02	6.019108711E-02	6.001567167E-02 2300YS
0.118283461	0.106761218	0.106761218	0.119132922 2300YT
0.251745934	5.294010003E-02	5.294010003E-02	5.241563115E-02 2300YV
0.164910751	9.613709716E-02	9.613709716E-02	8.79561591E-02 2300YU
0.133842736	0.144438278	0.144438278	0.152249343 2300YW
9.182410344E-02	0.241544112	0.236035892	0.120205136 2300YX
1.20497816	1.34159462	1.34159462	17.5512994 2300YZ
0.11276266	0.118006717	0.118006717	0.116800217 2300YY
0.144174623	0.129524997	0.129524997	0.129730277 2300Z0
0.128191518	5.95920345E-02	5.95920345E-02	6.000560125E-02 2300Z2
0.343163109	0.146826466	0.146826466	0.15047733 2300Z1
8.753199203E-02	5.322087782E-02	5.322087782E-02	5.028995951E-02 2300Z4
0.291193534	0.134844958	0.134844958	0.132785326 2300Z3
0.276718394	0.186484987	0.200806884	0.221274372 2300Z5
8.445075142E-02	7.410960372E-02	7.410960372E-02	7.510738325E-02 2300Z6
7.170694779E-02	7.026750788E-02	7.026750788E-02	6.871542587E-02 2300Z7
2.640816581E-02	2.642816463E-02	2.642816463E-02	2.642816463E-02 2300Z8
0.158771385	0.166845278	0.159043422	0.160868235 2300ZA
0.158542273	0.151508959	0.151508959	0.150939449 2300Z9
7.222997247E-02	8.204133516E-02	8.204133516E-02	8.164084878E-02 2300ZB
0.101159823	0.128060508	0.129926795	0.123282561 2300ZC
9.028229375E-02	0.121456815	9.444001634E-02	9.439503779E-02 2300ZD
0.119969442	9.986213329E-02	9.986213329E-02	9.722648579E-02 2300ZE
8.086279858E-02	8.511743395E-02	8.511743395E-02	8.657464256E-02 2300ZF
8.063966736E-02	0.115427223	0.115427223	0.117279373 2300ZG
7.096098303E-02	6.934664486E-02	6.934664486E-02	6.934664486E-02 2300ZH
3.879296656E-02	6.319040448E-02	6.319040448E-02	6.288240185E-02 2300ZI
0.142639217	0.107718458	0.107718458	0.112461494 2300ZJ
0.174893481	9.840472301E-02	9.840472301E-02	9.980176012E-02 2300ZK
0.108749899	5.501536663E-02	5.501536663E-02	5.4961372E-02 2300ZL
0.113944525	9.777229176E-02	9.777229176E-02	9.719790705E-02 2300ZM
0.158374484	0.16722688	0.16722688	0.157416234 2300ZN
0.150417548	0.15965299	0.15965299	0.159429702 2300ZO
5.545299251E-02	5.967792922E-02	5.967792922E-02	5.898524564E-02 2300ZP
2.80239075E-02	2.792393767E-02	2.792393767E-02	2.79881458E-02 2300ZQ
8.956268852E-02	5.079946276E-02	5.079946276E-02	5.109264461E-02 2300ZR
0.183100953	0.116744547	0.116744547	0.114328602 2300ZS
9.726701655E-02	9.561087368E-02	9.561087368E-02	9.709881524E-02 2300ZT
5.630336147E-02	3.965315486E-02	3.965315486E-02	3.975750237E-02 2300ZU
3.768734744E-02	6.13813259E-02	6.13813259E-02	6.135259734E-02 2300ZV
6.562648297E-02	5.372915844E-02	5.372915844E-02	5.442264991E-02 2300ZW
3.069956527E-02	2.905294174E-02	2.905294174E-02	2.838335082E-02 2300ZX
9.124734152E-02	0.101685148	0.101685148	9.994915259E-02 2300ZY
7.470066297E-02	5.57762138E-02	5.57762138E-02	5.589060269E-02 2300ZZ
5.960282071E-02	5.158181403E-02	5.158181403E-02	5.053087872E-02 230100
6.64170903E-02	4.495238521E-02	4.495238521E-02	4.498188197E-02 230101
5.577724156E-02	5.392547503E-02	5.392547503E-02	5.411955747E-02 230102
4.552818015E-02	4.54250459E-02	4.54250459E-02	4.5048218E-02 230103
4.95717864E-02	5.071093161E-02	5.071093161E-02	5.110240729E-02 230104
0.119681759	0.10841635	0.10841635	0.108794981 230105
8.715420111E-02	7.769177904E-02	6.7848139E-02	7.07434337E-02 230106
3.649491207E-02	3.028421748E-02	3.028421748E-02	3.084334992E-02 230107
4.746609587E-02	5.770943546E-02	5.770943546E-02	5.839842768E-02 230108
5.531959948E-02	5.513828408E-02	5.513828408E-02	5.531959948E-02 23010A
0.184156273	0.118871046	0.106543434	0.104395339 230109
0.134995885	0.137613798	0.137613798	0.138058914 23010B
0.115811818	0.144578983	0.144578983	0.138550425 23010C
0.148874916	0.180655113	0.180655113	0.185407204 23010D
4.957493922E-02	6.971103888E-02	6.971103888E-02	6.944883507E-02 23010E
8.722889474E-02	9.927110696E-02	9.927110696E-02	9.844448198E-02 23010F
3.973294094E-02	4.717592435E-02	4.717592435E-02	4.560501264E-02 23010G
0.12549874	0.123948501	0.123948501	0.137172566 23010H
0.211975258	0.37794436	0.321010667	0.31269351 23010I
9.440369569E-02	0.14926053	0.14926053	0.133927331 23010J
7.669448075E-02	5.865380669E-02	5.865380669E-02	5.728767903E-02 23010K
9.392947326E-02	8.852516058E-02	8.852516058E-02	8.83288825E-02 23010L
7.776442758E-02	7.500111272E-02	7.500111272E-02	7.597884666E-02 23010M
3.735500941E-02	3.271586988E-02	3.271586988E-02	3.226720952E-02 23010N
3.753502967E-02	5.598546984E-02	5.598546984E-02	5.606748124E-02 23010O
8.523936187E-02	6.804150063E-02	6.804150063E-02	6.856572258E-02 23010P
8.535421046E-02	4.947142337E-02	4.947142337E-02	5.233539042E-02 23010Q
0.13815396	0.116220397	0.116220397	0.113002887 23010R
3.427958469E-02	4.393341891E-02	4.393341891E-02	4.361430514E-02 23010S
0.106392343	0.162312612	0.162312612	0.160277804 23010T
8.41580247E-02	0.1342716	0.1342716	0.13277791 23010U
4.189132822E-02	4.195441677E-02	4.195441677E-02	4.195441677E-02 2300SG
8.63098834E-02	0.15366812	0.15366812	0.153572672 23010W
8.188822053E-02	9.25226305E-02	9.25226305E-02	9.279589607E-02 23010X
8.626123913E-02	8.770831441E-02	8.770831441E-02	8.78074159E-02 23010Y
9.974677684E-02	0.225889044	0.225889044	0.225443687 23010Z
0.120963241	0.180442446	0.180442446	0.177495204 23010V
6.520399551E-02	4.225163142E-02	4.225163142E-02	4.259104484E-02 230110
0.123611613	0.111611427	0.111611427	0.112096051 230111
9.743850521E-02	0.111931032	0.111931032	0.110650518 230112
5.978425041E-02	7.152503794E-02	7.152503794E-02	7.003649832E-02 230113
6.641250935E-02	7.686417698E-02	7.686417698E-02	7.726822487E-02 230114
6.237490271E-02	4.526555794E-02	4.526555794E-02	4.46981341E-02 230115
8.34075031E-02	8.859017348E-02	8.859017348E-02	8.935903927E-02 230116
7.96695178E-02	6.905171455E-02	6.905171455E-02	6.94889276E-02 230117
6.20483198E-02	5.944191415E-02	5.944191415E-02	5.938397921E-02 230118
0.154546251	6.968413575E-02	6.968413575E-02	6.968005091E-02 23012N
4.995804182E-02	5.954327514E-02	5.954327514E-02	5.952752172E-02 230119
6.523948481E-02	0.109639067	0.109639067	0.111338005 23011A
5.329441522E-02	6.117484583E-02	6.117484583E-02	6.167515526E-02 23011B
0.116484423	0.108761145	0.108761145	9.903723397E-02 23011C
6.887669365E-02	6.556957276E-02	5.387758895E-02	5.395887E-02 23011D
7.304770341E-02	5.19176217E-02	5.19176217E-02	5.28135587E-02 23011E
0.150113223	0.104835272	0.104835272	0.116109624 23011F
7.200728495E-02	4.554480954E-02	4.554480954E-02	4.506854956E-02 23011G
5.381185697E-02	6.165293287E-02	6.165293287E-02	6.165680522E-02 23011H
4.220494557E-02	2.976986402E-02	2.976986402E-02	2.980152852E-02 23011J
0.131779357	0.177498942	0.177498942	0.159948947 23011I
0.383952724	0.23545252	0.238147989	0.23803176 23011K
5.410708173E-02	3.458939382E-02	3.458939382E-02	3.455860173E-02 23011L
4.356477292E-02	7.853526751E-02	7.853526751E-02	7.811164225E-02 23011M
3.960305397E-02	3.952346741E-02	3.952346741E-02	3.952346741E-02 23011O
0.120788008	4.079344096E-02	2.513404843E-02	2.502145111E-02 23011N
0.480146002	0.170417422	0.170417422	0.17128268 23011P
9.630004565E-02	7.839604779E-02	7.839604779E-02	7.825070538E-02 23011Q
0.10506955	0.102730185	0.102730185	8.839088097E-02 23011R
8.068014646E-02	0.132976257	0.132976257	0.132468243 23011S
7.744669494E-02	7.194347472E-02	7.194347472E-02	7.108280846E-02 23011T
0.485438255	0.393245985	0.393245985	0.454267724 23011U
4.471024156E-02	5.076523985E-02	5.076523985E-02	5.080440472E-02 23011V
6.040749239E-02	5.964393512E-02	5.964393512E-02	5.848834102E-02 23011W
7.191008684E-02	7.829170928E-02	7.829170928E-02	7.826367504E-02 23011X
8.719051698E-02	8.805224317E-02	8.805224317E-02	8.851780908E-02 23011Y
4.166103714E-02	4.69088936E-02	4.69088936E-02	4.718722597E-02 23011Z
4.162296951E-02	7.564387102E-02	7.564387102E-02	7.570322976E-02 230120
9.195942851E-02	4.96682195E-02	4.96682195E-02	4.847329268E-02 230121
0.192269093	0.174499193	0.174499193	0.171084094 230122
0.145757004	8.369484184E-02	8.369484184E-02	8.384946479E-02 230123
9.782043957E-02	9.644925935E-02	9.3966019E-02	9.417506017E-02 230124
0.133083677	0.138360336	0.138360336	0.136254045 230125
8.598599229E-02	0.113851514	0.113851514	0.126350959 230126
0.119138834	8.695727185E-02	8.695727185E-02	8.581108871E-02 230128
8.683019929E-02	6.095388843E-02	6.095388843E-02	8.56626042E-02 230127
0.576680145	9.769310229E-02	6.090118733E-02	6.257008816E-02 230129
0.260555014	0.136357185	0.136357185	0.131953211 23012A
5.503864142E-02	8.240236287E-02	8.240236287E-02	8.152842238E-02 23012B
7.688257971E-02	4.469034052E-02	4.469034052E-02	4.392137394E-02 23012C
0.140407035	0.193583243	0.193583243	0.184712193 23012D
0.198414434	0.100318029	0.100318029	0.101208394 23012F
0.155898105	6.228584699E-02	6.228584699E-02	6.474592317E-02 23012E
0.505484828	0.100422455	0.104996438	9.903036302E-02 23012H
0.101766304	0.132667784	0.132667784	0.126150309 23012G
6.615163681E-02	8.179969842E-02	8.179969842E-02	8.736742823E-02 23012I
0.115289963	9.277902384E-02	9.277902384E-02	9.250032534E-02 23012J
0.158488919	9.408993074E-02	9.408993074E-02	9.388207408E-02 23012L
0.113221669	0.1310262	0.1310262	0.131674917 23012M
0.308251832	0.182292936	0.182292936	0.184272704 23012K
