#Atom_RMSD:ini opt ret reo zincid
0.105044 0.0906209 0.0906209 0.0930648 230002
0.145535 0.157833 0.157833 0.15229 230003
0.0823766 0.099428 0.099428 0.100172 230004
0.102025 0.0958772 0.0958772 0.0963734 230005
0.149126 0.14985 0.14985 0.139847 230006
0.114333 0.12483 0.12483 0.121673 230008
0.0784867 0.0733672 0.0733672 0.0730435 230009
0.105053 0.0800291 0.0800291 0.0793766 23000A
0.0595209 0.096211 0.096211 0.0954429 23000B
0.217447 0.11794 0.11794 0.118541 23000C
0.123637 0.128066 0.128066 0.127667 23000D
0.0791543 0.0744051 0.0744051 0.0763813 23000E
0.279103 0.150556 0.150556 0.149203 23000F
0.223982 0.293305 0.293305 0.290633 23000G
0.0510015 0.057802 0.057802 0.0588024 23000H
0.197261 0.168453 0.168453 0.166732 23000I
0.139169 0.0607734 0.0607734 0.0624662 23000J
0.282026 0.0599948 0.0599948 0.0623698 23000K
0.0612966 0.0610258 0.0610258 0.0604358 23000L
0.142603 0.148065 0.14431 0.144426 23000M
0.0734638 0.0437809 0.0468375 0.0466819 23000O
0.0539073 0.050804 0.050804 0.0509713 23000Q
0.0925439 0.0983555 0.0983555 0.0972754 23000R
0.0471964 0.041512 0.041512 0.0407312 23000S
0.0738271 0.0314011 0.0314011 0.0313955 23000T
0.180455 0.0788737 0.0788737 0.0791183 23000U
0.111352 0.0585337 0.0585337 0.0595329 23000X
0.11348 0.0767956 0.0767956 0.0764115 23000Z
0.135584 0.0419716 0.0498829 0.0509827 230010
0.239783 0.320913 0.320913 0.317819 230011
0.0768319 0.121198 0.121198 0.120766 230013
0.128039 0.114515 0.114515 0.116439 230014
0.0959496 0.0316286 0.0316286 0.0315824 230016
0.207851 0.12867 0.12867 0.130487 230017
0.195873 0.0689384 0.0689384 0.0631874 230019
0.0873507 0.216449 0.216449 0.216262 23001A
0.201072 0.165165 0.165165 0.165856 23001B
0.130311 0.103351 0.149313 0.145325 23001C
0.218121 0.123921 0.123921 0.118829 23001D
0.0990203 0.0594512 0.0594512 0.0591314 23001F
0.226187 0.0896054 0.096323 0.0967091 23001G
0.136837 0.105184 0.105184 0.105613 23001I
0.134253 0.103829 0.103829 0.107942 23001J
0.0750416 0.0760058 0.0760058 0.0761086 23001K
0.314055 0.1492 0.1492 0.148733 23001L
0.126564 0.0848233 0.0848233 0.0845912 23001P
0.078589 0.0511141 0.0511141 0.050444 23001Q
0.0850148 0.0805147 0.0805147 0.0811935 23001R
0.163216 0.135044 0.135044 0.135 23001S
0.0386921 0.0494502 0.0513676 0.0539863 23001T
0.708043 0.605942 0.66489 0.635898 23001U
0.150497 0.168469 0.151779 0.152194 23001X
0.0429181 0.051117 0.051117 0.0518955 23001Z
0.112886 0.107106 0.107106 0.110508 230020
0.178526 0.106474 0.106474 0.105959 230021
0.143069 0.119443 0.119443 0.119658 230023
0.170458 0.170351 0.161963 0.161581 230024
0.101497 0.0751807 0.0751807 0.0748631 230028
0.437235 0.20162 0.151053 0.147859 230029
0.0641164 0.0530999 0.0530999 0.0531414 23002B
0.374723 0.391141 0.391141 0.390754 23002C
0.102074 0.0781392 0.0781392 0.0782789 23002D
0.073989 0.0778694 0.0778694 0.0779023 23002E
0.0557196 0.0613346 0.0613346 0.0598398 23002F
0.182932 0.161464 0.161464 0.161243 23002G
0.373601 0.099157 0.099157 0.101973 23002H
0.25847 0.117365 0.117365 0.125245 23002I
0.28076 0.102179 0.102179 0.102506 23002J
0.0887027 0.115106 0.115106 0.118486 23002M
0.0621832 0.0598179 0.0598179 0.0598776 23002P
0.12661 0.0643337 0.0643337 0.0671579 23002Q
0.314825 0.0491541 0.0491541 0.0488731 23002T
0.0958259 0.0901074 0.0901074 0.0930012 23002U
0.0582039 0.0573628 0.0573628 0.0579278 23002V
0.180534 0.0996155 0.0996155 0.0996898 23002W
0.065879 0.132236 0.132236 0.131404 23002Z
0.055651 0.0658766 0.0658766 0.0664276 230032
0.144177 0.111915 0.111915 0.107333 230033
0.182573 0.203143 0.203143 0.204776 230034
0.0966426 0.0463482 0.0463482 0.0467542 230035
0.103794 0.0879005 0.0879005 0.089862 230036
0.196092 0.156808 0.156808 0.157582 230037
0.087001 0.0859074 0.0859074 0.0861814 230038
0.0700964 0.0517359 0.0517359 0.0518121 230039
0.0947412 0.072145 0.072145 0.0721686 23003B
0.0660505 0.14282 0.14282 0.141736 23003D
0.107286 0.0685287 0.0685287 0.069069 23003E
0.121497 0.152213 0.152213 0.154699 23003G
0.0904399 0.080573 0.0856773 0.0868018 23003H
0.0806394 0.0872704 0.176779 0.176595 23003L
0.0794392 0.0870906 0.0870906 0.0862561 23003M
0.125536 0.133509 0.133509 0.134483 23003O
0.115668 0.141623 0.141623 0.139756 23003S
0.0813813 0.100015 0.100015 0.100971 23003T
0.201658 0.0905709 0.0905709 0.0895559 23003U
0.118263 0.072505 0.072505 0.0726317 23003V
0.15078 0.0949211 0.0949211 0.0951726 23003W
0.166277 0.0614102 0.0614102 0.0628007 23003X
0.13746 0.137516 0.137516 0.137516 23003Z
0.101966 0.074079 0.074079 0.0722451 230041
0.0814047 0.0532557 0.0532557 0.0530516 230042
0.290178 0.133545 0.133545 0.1332 230043
0.187269 0.178485 0.178485 0.178485 230044
0.0889801 0.0879945 0.0879945 0.0879945 230045
0.0487355 0.0597978 0.0597978 0.0612565 230047
0.140891 0.0900581 0.0900581 0.090199 230048
0.0681138 0.0573886 0.0573886 0.0574177 230049
0.102798 0.100559 0.100559 0.0999735 23004A
0.0978541 0.0937157 0.0909434 0.0930403 23004F
0.0777199 0.0776984 0.0776984 0.0785976 23004G
0.131797 0.101026 0.101026 0.101149 23004H
0.197771 0.0723164 0.0723164 0.0724627 23004I
0.15445 0.168215 0.168215 0.180312 23004L
0.116146 0.0499002 0.0499002 0.0499715 23004Q
0.0523744 0.0446075 0.0446075 0.0458314 23004S
0.1149 0.0688373 0.0688373 0.0727978 23004T
0.0515516 0.0768528 0.0768528 0.0812518 23004U
0.342312 0.147845 0.147845 0.146753 23004V
0.589736 0.16694 0.16694 0.171452 23004X
0.112726 0.0834213 0.0834213 0.0835271 23004Z
0.0492702 0.0483647 0.0483647 0.0479403 230050
0.150318 0.132995 0.132995 0.143776 230051
0.11724 0.0448847 0.0448847 0.0449168 230052
0.303289 0.189023 0.189023 0.188452 230053
0.0709042 0.19807 0.19807 0.198157 230054
0.453901 0.127325 0.127325 0.117432 230055
0.154789 0.121664 0.121664 0.121496 230057
0.160224 0.161166 0.161166 0.160919 230058
0.159831 0.0699686 0.0699686 0.0684012 23005A
0.206322 0.0821991 0.0821991 0.0807291 23005B
0.16302 0.118859 0.118859 0.120052 23005C
0.106398 0.0992787 0.0992787 0.0981805 23005D
0.176415 0.136928 0.136928 0.137022 23005E
0.0841945 0.0713137 0.0713137 0.0713821 23005G
0.342843 0.161553 0.161553 0.159476 23005H
0.0887134 0.0496067 0.0496067 0.0501181 23005J
0.0574264 0.0736855 0.0736855 0.0733756 23005K
0.180178 0.13278 0.13278 0.111477 23005L
0.305742 0.0679755 0.0679755 0.0699113 23005M
0.169484 0.0716925 0.0716925 0.0691885 23005N
0.162435 0.0873103 0.0834274 0.0841705 23005O
0.0636886 0.0638899 0.0638899 0.0638899 23005R
0.111631 0.069621 0.069621 0.0684835 23005S
0.361434 0.173943 0.187455 0.189234 23005T
0.0701459 0.111505 0.111505 0.111077 23005U
0.078362 0.073227 0.073227 0.072828 23005V
0.140365 0.102512 0.0996587 0.100806 23005X
0.118191 0.122114 0.122114 0.122838 23005Y
0.443002 0.462072 0.462072 0.473869 230060
0.127051 0.101252 0.101252 0.102228 230061
0.102047 0.0770375 0.0770375 0.0648583 230062
0.175971 0.0889389 0.0889389 0.0890911 230064
0.490889 0.166426 0.147156 0.145728 230065
0.0614087 0.0499952 0.0499952 0.05024 230066
0.102522 0.0338383 0.0338383 0.0337543 230068
0.0683948 0.0492661 0.0492661 0.049358 23006B
0.0916387 0.310506 0.310506 0.309176 23006C
0.0805708 0.0843551 0.0843551 0.0929449 23006D
0.0506132 0.0944202 0.0938414 0.0902747 23006F
0.0433355 0.042894 0.042894 0.0437542 23006G
0.0659012 0.0770272 0.0770272 0.0851296 23006H
0.113551 0.0697783 0.0635858 0.0648495 23006I
0.186968 0.111722 0.111722 0.11568 23006J
0.0642007 0.0468424 0.0468424 0.0467726 23006L
0.218511 0.0718489 0.0718489 0.0717513 23006M
0.072406 0.0767933 0.0767933 0.0757252 23006O
0.0536632 0.0546773 0.0546773 0.0547215 23006P
0.0890641 0.0755822 0.0755822 0.0734248 23006Q
0.071868 0.0832448 0.0832448 0.0827358 23006R
0.420965 0.157438 0.157438 0.156778 23006S
0.410843 0.169322 0.169322 0.168548 23006T
0.109185 0.100178 0.100178 0.104016 23006U
0.0693291 0.0763844 0.0763844 0.0767233 23006V
0.0405311 0.0385523 0.0385523 0.0390667 23006W
0.17464 0.0943335 0.0943335 0.0942935 23006X
0.19843 0.0927296 0.0927296 0.0920278 23006Y
0.113285 0.0404882 0.0404882 0.0396876 23006Z
0.09359 0.0788067 0.0788067 0.0788938 230070
0.241555 0.103241 0.103858 0.103738 230073
0.0350415 0.0364444 0.0364444 0.0360324 230074
0.0781917 0.0773221 0.0773221 0.0771096 230076
0.295452 0.264885 0.240924 0.242958 230077
0.118162 0.0918509 0.0918509 0.0917126 23007A
0.043234 0.0771901 0.0771901 0.0771405 23007B
0.0546925 0.0540565 0.0540565 0.053806 23007C
0.089957 0.102045 0.102045 0.10206 23007E
0.36697 0.431711 0.279595 0.277586 23007H
0.101127 0.0838698 0.0838698 0.0839174 23007I
0.0678597 0.0590588 0.0590588 0.0583333 23007K
0.170427 0.195218 0.185187 0.184623 23007L
0.0511254 0.0536475 0.0536475 0.0538352 23007M
0.0500266 0.0552707 0.0552707 0.0560732 23007N
0.0809291 0.0820415 0.0820415 0.0827733 23007O
0.0699746 0.0767073 0.0767073 0.0766588 23007P
0.17769 0.169014 0.169014 0.169014 23007Q
0.138116 0.0882083 0.0882083 0.0867055 23007R
0.0987264 0.109835 0.109835 0.110031 23007S
0.0891002 0.100519 0.100519 0.0997227 23007U
0.210573 0.0999491 0.0999491 0.0997771 23007V
0.229298 0.24177 0.24177 0.242273 23007Z
0.0805914 0.0602737 0.0602737 0.060224 230080
0.551727 0.0698353 0.0698353 0.0702223 230081
0.147145 0.168512 0.168512 0.169251 230084
0.101234 0.0900358 0.0900358 0.0902768 230085
0.0835516 0.0903608 0.0903608 0.0905076 230086
0.201928 0.152037 0.152037 0.151202 230087
0.056805 0.0666233 0.0666233 0.0670781 230088
0.0701841 0.0887985 0.0887985 0.088542 230089
0.108536 0.126911 0.126911 0.125193 23008B
0.099218 0.0840916 0.0840916 0.0941351 23008C
0.294347 0.132121 0.132121 0.129337 23008D
0.133562 0.106137 0.106137 0.106161 23008E
0.111345 0.10739 0.10739 0.107331 23008F
0.104222 0.0883062 0.0883062 0.0854257 23008I
0.0670029 0.0607871 0.0607871 0.0635311 23008K
0.0453775 0.0766857 0.0766857 0.0758156 23008M
0.338093 0.341754 0.341754 0.342202 23008N
0.157798 0.131123 0.131123 0.132255 23008O
0.0901856 0.0824295 0.0824295 0.0830407 23008P
0.118372 0.113983 0.113983 0.112946 23008Q
0.275691 0.283683 0.283683 0.283464 23008R
0.0680938 0.0618467 0.0618467 0.061548 23008T
0.0653804 0.0614864 0.0614864 0.0617054 23008U
0.103192 0.0871996 0.0871996 0.0872699 23008V
0.0405179 0.039297 0.039297 0.0394281 23008W
0.0860373 0.0866102 0.0866102 0.0867049 23008X
0.0648001 0.0620101 0.0620101 0.0625 23008Z
0.154655 0.110683 0.110683 0.110493 230091
0.0824698 0.0879993 0.0879993 0.0874753 230092
0.355857 0.18566 0.18566 0.185743 230094
0.0933879 0.0789339 0.0789339 0.0785521 230095
0.0764019 0.093266 0.093266 0.0931749 230096
0.291484 0.0549813 0.0549813 0.0552596 230097
0.108767 0.080028 0.080028 0.0783017 230098
0.173625 0.154699 0.154699 0.153373 230099
0.0485137 0.0477464 0.0477464 0.0478004 23009A
0.313023 0.229997 0.229997 0.226367 23009B
0.11915 0.0978951 0.0978951 0.100208 23009D
0.0678679 0.0699511 0.0699511 0.0684093 23009E
0.449066 0.0885762 0.0885762 0.088978 23009F
0.0888428 0.0984838 0.0984838 0.0980857 23009G
0.0592892 0.0607433 0.0607433 0.0605848 23009H
0.145186 0.0787257 0.0787257 0.0793153 23009I
0.372897 0.164267 0.164267 0.163031 23009J
0.0847464 0.0906741 0.0906741 0.0890368 23009M
0.0981798 0.106632 0.106632 0.10704 23009N
0.0719013 0.066075 0.066075 0.065901 23009O
0.0915222 0.0756277 0.0756277 0.0756743 23009P
0.152106 0.107643 0.107643 0.108659 23009Q
0.331 0.127096 0.127096 0.127003 23009R
0.0885268 0.140735 0.140735 0.138759 23009S
0.100021 0.103483 0.103483 0.102911 23009U
0.0847293 0.079544 0.079544 0.0800882 23009Z
0.118413 0.0988827 0.0988827 0.0985694 2300A0
0.131375 0.139495 0.139495 0.136642 2300A2
0.0649678 0.0352533 0.0352533 0.0358872 2300A3
0.148388 0.149109 0.149109 0.150261 2300A4
0.0545073 0.0787589 0.0787589 0.0785696 2300A5
0.183234 0.082543 0.082543 0.0829742 2300A6
0.104057 0.09061 0.09061 0.0861978 2300A8
0.102167 0.10533 0.10533 0.105773 2300A9
0.11561 0.125673 0.125673 0.12345 2300AA
0.177144 0.188683 0.188683 0.186674 2300AB
0.0540495 0.038028 0.038028 0.0375848 2300AC
0.140643 0.0745792 0.0745792 0.0745271 2300AF
0.659979 0.201965 0.201965 0.209902 2300AG
0.107476 0.0601612 0.0601612 0.0592323 2300AH
0.0854069 0.106669 0.106669 0.102426 2300AK
0.0398643 0.0409999 0.0409999 0.0409999 2300AN
0.187458 0.115448 0.115448 0.115899 2300AO
0.0881224 0.0948363 0.0771824 0.0775865 2300AP
0.144934 0.137172 0.137172 0.136372 2300AS
0.288587 0.344128 0.344128 0.341759 2300AT
0.114012 0.131189 0.131189 0.133053 2300AW
0.0725653 0.0791805 0.0791805 0.0797925 2300AY
0.449925 0.3872 0.3872 0.386779 2300B0
0.075398 0.0751863 0.0751863 0.0755364 2300B1
0.0766476 0.10751 0.10751 0.108231 2300B2
0.0756118 0.0494443 0.0494443 0.0505451 2300B3
0.138911 0.101912 0.101912 0.0977581 2300B4
0.0347985 0.0357008 0.0357008 0.03544 2300B5
0.0936963 0.119809 0.119809 0.117247 2300B6
0.0787439 0.0850882 0.0850882 0.0855489 2300B7
0.27791 0.278561 0.278561 0.278087 2300B8
0.15167 0.215137 0.215137 0.227815 2300BB
0.0961009 0.102454 0.102454 0.107256 2300BC
0.0508536 0.0548557 0.0548557 0.0495354 2300BD
0.0904362 0.0768527 0.0768527 0.0782148 2300BF
0.38358 0.214057 0.214057 0.21411 2300BG
0.278182 0.125074 0.125074 0.138732 2300BH
0.0668091 0.0710004 0.0710004 0.0714099 2300BI
0.112527 0.123289 0.123289 0.123487 2300BK
0.133484 0.0877714 0.0877714 0.0862011 2300BM
0.197024 0.169831 0.169831 0.171928 2300BN
0.0931701 0.0769917 0.0769917 0.077667 2300BO
0.0960004 0.121527 0.121527 0.118409 2300BP
0.111823 0.115917 0.115917 0.116029 2300BQ
0.0792588 0.0920621 0.0920621 0.0919783 2300BT
0.0858547 0.112778 0.112778 0.112984 2300BU
0.115743 0.132546 0.132546 0.134931 2300BV
0.0580596 0.0571817 0.0571817 0.0572647 2300BW
0.101813 0.107264 0.107264 0.104739 2300BY
0.0987334 0.0944198 0.0944198 0.0961774 2300BZ
0.106744 0.118835 0.118835 0.118352 2300C1
0.129049 0.143373 0.143373 0.144055 2300C2
0.029032 0.0289238 0.0289238 0.0287441 2300C3
0.0787485 0.073957 0.073957 0.0739196 2300C4
0.139699 0.0709751 0.0709751 0.0715323 2300C5
0.0370065 0.155182 0.167151 0.163312 2300C6
0.124649 0.127139 0.127139 0.126335 2300C7
0.146135 0.119 0.119806 0.119529 2300C8
0.116646 0.120976 0.120976 0.121358 2300CA
0.09414 0.0929122 0.0929122 0.0928735 2300CB
0.123987 0.104285 0.104285 0.100803 2300CC
0.164222 0.162667 0.162667 0.162519 2300CD
0.133464 0.142257 0.142257 0.136915 2300CE
0.116783 0.088568 0.088568 0.0877286 2300CF
0.0934522 0.145493 0.145493 0.12205 2300CG
0.088051 0.133602 0.133602 0.131989 2300CH
0.100334 0.0807083 0.0807083 0.0808413 2300CJ
0.390236 0.0688513 0.0688513 0.0686735 2300CK
0.16247 0.160419 0.160419 0.160098 2300CM
0.0716123 0.194236 0.194236 0.168581 2300CO
0.26027 0.0854228 0.0854228 0.0860728 2300CT
0.468516 0.0796207 0.0922221 0.0875071 2300CU
0.0524229 0.0700936 0.0700936 0.0700871 2300CW
0.0567826 0.233671 0.233671 0.234015 2300CX
0.467819 0.20062 0.20062 0.201544 2300CY
0.176585 0.0958582 0.0958582 0.0970396 2300CZ
0.150776 0.0970485 0.0970485 0.0971544 2300D0
0.0589819 0.0680992 0.0680992 0.0687905 2300D2
0.0706733 0.0659277 0.0659277 0.0659277 2300D3
0.0942267 0.131919 0.131919 0.120288 2300D4
0.198759 0.143403 0.137416 0.137452 2300D5
0.0666714 0.070676 0.070676 0.0707067 2300D7
0.0502931 0.1028 0.086538 0.0866311 2300D8
0.170761 0.218566 0.218566 0.229345 2300DA
0.113609 0.116121 0.116121 0.112609 2300DB
0.181118 0.179733 0.179733 0.180528 2300DD
0.149896 0.0858507 0.0858507 0.0863142 2300DE
0.387518 0.124676 0.124676 0.124341 2300DG
0.116177 0.118623 0.118623 0.119309 2300DI
0.0927037 0.12978 0.12978 0.130186 2300DJ
0.114351 0.103265 0.103265 0.103431 2300DK
0.0880374 0.0760808 0.0760808 0.0760031 2300DM
0.320322 0.117419 0.117419 0.1171 2300DO
0.247125 0.0917538 0.0917538 0.0919994 2300DP
0.140432 0.163966 0.163966 0.163745 2300DQ
0.0874043 0.0797521 0.0797521 0.0851712 2300DT
0.0493699 0.0359165 0.0359165 0.0357287 2300DU
0.0984162 0.0668696 0.0668696 0.0678286 2300DV
0.1321 0.0591411 0.0591411 0.0581556 2300DW
0.0871049 0.081187 0.081187 0.0812336 2300DX
0.431852 0.113135 0.113135 0.112607 2300DY
0.120565 0.123335 0.123335 0.122956 2300DZ
0.175067 0.112829 0.112829 0.113822 2300E0
0.0614541 0.0615696 0.0615696 0.0612573 2300E2
0.0629243 0.0527551 0.0527551 0.0534143 2300E3
0.0897829 0.0537736 0.0537736 0.0551997 2300E4
0.163981 0.16035 0.16035 0.161098 2300E5
0.113018 0.11001 0.11001 0.10761 2300E6
0.11925 0.0875405 0.0875405 0.0787693 2300E7
0.106583 0.0887253 0.0887253 0.0885009 2300E8
0.0524623 0.0499391 0.0499391 0.0500308 2300E9
0.060757 0.0664348 0.0664348 0.0659976 2300EA
0.15138 0.159215 0.159215 0.157747 2300EB
0.0567448 0.066822 0.066822 0.0672925 2300EC
0.0638688 0.0625426 0.0625426 0.0623047 2300ED
0.122955 0.127673 0.127673 0.127534 2300EE
0.146572 0.160163 0.160163 0.161617 2300EF
0.13883 0.0939225 0.0939225 0.0925536 2300EG
0.0906902 0.07091 0.07091 0.0715287 2300EH
0.124332 0.12771 0.12771 0.130231 2300EI
0.0894113 0.0556958 0.0556958 0.0556958 2300EJ
0.115693 0.0591933 0.0591933 0.0585419 2300EK
0.102064 0.0734098 0.0874389 0.0833552 2300EM
0.222685 0.179534 0.179534 0.1798 2300EO
0.167766 0.107989 0.107989 0.109944 2300EP
0.185589 0.185322 0.185322 0.184035 2300EQ
0.13554 0.13615 0.13615 0.13627 2300ER
0.0702638 0.126809 0.126809 0.127152 2300ET
0.250922 0.0771645 0.0771645 0.0772504 2300EU
0.125361 0.341719 0.341719 0.363373 2300EV
0.0934533 0.0585094 0.0585094 0.0584976 2300EW
0.156453 0.175158 0.175158 0.173814 2300F0
0.048555 0.096882 0.096882 0.096882 2300F1
0.114395 0.107031 0.107031 0.10709 2300F2
0.112412 0.0594604 0.0594604 0.0598744 2300F3
0.0873001 0.0755168 0.0755168 0.0749105 2300F4
0.10864 0.170243 0.142633 0.142899 2300F5
0.251711 0.238529 0.238529 0.235504 2300F6
0.0621351 0.064618 0.064618 0.0665419 2300F7
0.0599864 0.0615247 0.0615247 0.0616644 2300F8
0.0622354 0.0966208 0.0966208 0.0953445 2300F9
0.094217 0.0800842 0.0800842 0.0829116 2300FA
0.0760919 0.105286 0.105286 0.0992576 2300FB
0.0590015 0.0727689 0.0727689 0.0728626 2300FC
0.208944 0.174888 0.174888 0.174924 2300FE
0.0798476 0.092596 0.092596 0.0908731 2300FF
0.0766493 0.0759418 0.0759418 0.0754158 2300FG
0.115451 0.120956 0.120956 0.119774 2300FH
0.215507 0.156127 0.156127 0.158217 2300FI
0.322134 0.189563 0.190375 0.189911 2300FJ
0.129825 0.121497 0.121497 0.121557 2300FK
0.0630778 0.041988 0.041988 0.0409061 2300FM
0.112843 0.0601383 0.0601383 0.0590011 2300FO
0.0639648 0.0564906 0.0564906 0.0563279 2300FP
0.0501851 0.0623762 0.0623762 0.0614372 2300FQ
0.0470157 0.0470802 0.0470802 0.0474468 2300FR
0.156026 0.121632 0.121632 0.120933 2300FT
0.185775 0.196227 0.196227 0.196364 2300FU
0.147615 0.205357 0.205357 0.204903 2300FV
0.113881 0.119025 0.119025 0.115446 2300FX
0.0966629 0.0894269 0.0894269 0.0895043 2300FY
0.0611814 0.0610212 0.0610212 0.0610212 2300FZ
0.154075 0.144546 0.144546 0.138426 2300G1
0.141596 0.112224 0.112224 0.112819 2300G3
0.0753291 0.0653441 0.0653441 0.064736 2300G4
0.0669889 0.0495728 0.0495728 0.0493134 2300G7
0.0557917 0.051151 0.051151 0.0517054 2300G8
0.0898833 0.0956992 0.093238 0.0939019 2300G9
0.0886957 0.0826023 0.0826023 0.0820823 2300GA
0.198809 0.0893716 0.0893716 0.0890517 2300GB
0.0926606 0.0721847 0.0721847 0.0736555 2300GC
0.160494 0.111316 0.111316 0.113563 2300GD
0.065971 0.0773779 0.0773779 0.0777444 2300GE
0.125815 0.0721651 0.0721651 0.0716236 2300GF
0.161413 0.231027 0.231027 0.238144 2300GG
0.0992732 0.0858639 0.0858639 0.0939717 2300GI
0.0975422 0.0951084 0.0951084 0.0952682 2300GJ
0.0629088 0.0975652 0.0975652 0.0976373 2300GK
0.072028 0.0621748 0.0621748 0.0616534 2300GM
0.109904 0.0885105 0.0885105 0.0897567 2300GO
0.122192 0.117834 0.117834 0.11797 2300GR
0.0666617 0.0985971 0.0985971 0.0984676 2300GS
0.102816 0.108597 0.108597 0.107893 2300GT
0.0746082 0.0745757 0.0745757 0.0742877 2300GV
0.0629794 0.0659991 0.0659991 0.0606439 2300GW
0.068396 0.0849307 0.0977507 0.094333 2300GX
0.0965538 0.110431 0.110431 0.107397 2300GY
0.213704 0.289606 0.210339 0.209168 2300H0
0.0871332 0.083757 0.083757 0.0837022 2300H1
0.0982267 0.097398 0.097398 0.097542 2300H2
0.0843389 0.0854812 0.0854812 0.0863949 2300H3
0.209596 0.0513308 0.0513308 0.0515841 2300H4
0.0780357 0.0823085 0.0835918 0.0850746 2300H6
0.140554 0.132032 0.132032 0.12373 2300H7
0.116937 0.103343 0.103343 0.101478 2300H9
0.0634108 0.0595445 0.0595445 0.0601408 2300HA
0.146696 0.123347 0.123347 0.123099 2300HB
0.0775631 0.0971295 0.0971295 0.096252 2300HD
0.0642 0.080984 0.080984 0.0811795 2300HE
0.0539483 0.040843 0.040843 0.040913 2300HF
0.0879249 0.142099 0.132817 0.132849 2300HG
0.157244 0.164804 0.164804 0.164431 2300HH
0.17779 0.0806662 0.0806662 0.0810768 2300HI
0.0595071 0.0660025 0.0660025 0.0660095 2300HJ
0.101456 0.0817219 0.0817219 0.0830689 2300HK
0.0578377 0.0926617 0.0926617 0.0879505 2300HL
0.0724731 0.0617741 0.0617741 0.0637579 2300HM
0.118891 0.115816 0.115816 0.115535 2300HN
0.252323 0.455579 0.455579 0.455511 2300HP
0.129195 0.081827 0.081827 0.08227 2300HR
0.315266 0.14018 0.14018 0.141012 2300HS
0.119874 0.16649 0.16649 0.166544 2300HU
0.0430693 0.0418552 0.0418552 0.0424922 2300HW
0.58697 0.470119 0.470119 0.465937 2300HX
0.0856002 0.0939955 0.0939955 0.0892712 2300HY
0.0879091 0.0739845 0.0739845 0.0745746 2300HZ
0.0610094 0.0610097 0.0610097 0.0610097 2300I0
0.0794256 0.0828168 0.0828168 0.082193 2300I2
0.0510525 0.0634485 0.0634485 0.0649916 2300I4
0.0641778 0.065269 0.065269 0.0658288 2300I5
0.078416 0.0649769 0.0649769 0.0653639 2300I6
0.0783726 0.0927794 0.0927794 0.0895677 2300I7
0.0728372 0.0454482 0.0454482 0.0470855 2300I8
0.149633 0.13164 0.13164 0.140368 2300IA
0.17632 0.190339 0.190339 0.179815 2300IB
0.120061 0.120421 0.120421 0.120523 2300IC
0.0906619 0.0860051 0.0860051 0.0860051 2300ID
0.131368 0.149685 0.149685 0.150702 2300IE
0.0548647 0.0543127 0.0543127 0.0544941 2300IG
0.0669821 0.0694239 0.0694239 0.0712248 2300IH
0.187068 0.278828 0.281633 0.279125 2300II
0.0653201 0.058204 0.058204 0.058204 2300IK
0.0816259 0.0717061 0.0717061 0.0730027 2300IL
0.0980754 0.0814578 0.0814578 0.0819173 2300IM
0.135605 0.0664139 0.0664139 0.0726187 2300IO
0.25778 0.33018 0.33018 0.330369 2300IQ
0.133172 0.141922 0.141922 0.14314 2300IR
0.0839353 0.136763 0.136763 0.135428 2300IS
0.117267 0.112665 0.112665 0.112577 2300IU
0.0934046 0.0361782 0.0361782 0.0362277 2300IW
0.229987 0.316385 0.31966 0.319491 2300IY
0.155011 0.0624154 0.0624154 0.0677064 2300J1
0.161482 0.084796 0.084796 0.0861325 2300J2
0.297487 0.206088 0.206088 0.207631 2300J3
0.212779 0.0722247 0.0722247 0.0716844 2300J6
0.0835955 0.0923424 0.0923424 0.0905433 2300J7
0.0703325 0.0742187 0.0742187 0.074951 2300J8
0.0602471 0.0486138 0.0486138 0.0492479 2300JA
0.0974362 0.114145 0.114145 0.112396 2300JB
0.137565 0.156947 0.156947 0.155654 2300JD
0.0914843 0.103587 0.103587 0.10004 2300JE
0.0769701 0.0585495 0.0585495 0.0596853 2300JF
0.179905 0.115795 0.115795 0.11599 2300JG
0.0656686 0.0675725 0.0675725 0.0684666 2300JH
0.187169 0.229418 0.225167 0.226411 2300JI
0.0958536 0.0916258 0.0916258 0.0915679 2300JK
0.0767895 0.0614177 0.0614177 0.0614354 2300JL
0.0730829 0.0757586 0.0757586 0.0754429 2300JM
0.156569 0.12307 0.12307 0.110697 2300JN
0.10233 0.116972 0.116972 0.111959 2300JO
0.0946547 0.156947 0.156947 0.157231 2300JP
0.109501 0.118686 0.118686 0.118506 2300JR
0.137182 0.128259 0.128259 0.128629 2300JS
0.0780808 0.0821563 0.0821563 0.0816203 2300JT
0.099414 0.109056 0.109056 0.109478 2300JU
0.0971671 0.0899529 0.0899529 0.0900697 2300JV
0.104786 0.121419 0.121419 0.121308 2300JW
0.0531077 0.0531073 0.0531073 0.0531073 2300JX
0.131608 0.144955 0.144955 0.146586 2300JY
0.14019 0.112144 0.112144 0.111144 2300JZ
0.0680059 0.0540228 0.0540228 0.054353 2300K0
0.171323 0.13091 0.13091 0.132376 2300K2
0.0533323 0.0544882 0.0544882 0.0547141 2300K3
0.404215 0.242935 0.242935 0.220663 2300K4
0.0897292 0.0895411 0.0895411 0.0895411 2300K7
0.109509 0.11034 0.0965628 0.0964528 2300K8
0.0896435 0.088996 0.088996 0.0878929 2300K9
0.0400648 0.0394694 0.0394694 0.0395752 2300KA
0.0740478 0.0786918 0.0786918 0.078639 2300KC
0.14276 0.216865 0.216865 0.219524 2300KD
0.105868 0.105117 0.105117 0.104981 2300KF
0.115911 0.0905963 0.0905963 0.0911409 2300KH
0.110597 0.0798094 0.0798094 0.0852975 2300KJ
0.0793686 0.0860982 0.0860982 0.0840731 2300KK
0.0805989 0.0883754 0.0883754 0.0891669 2300KL
0.101313 0.129387 0.129387 0.131303 2300KM
0.081898 0.104845 0.104845 0.102979 2300KO
0.054749 0.052802 0.052802 0.052554 2300KP
0.404815 0.206652 0.206652 0.206383 2300KR
0.0818322 0.0889109 0.0889109 0.0883562 2300KS
0.0455694 0.0442557 0.0442557 0.0436632 2300KT
0.145781 0.157665 0.157665 0.14554 2300KU
0.0762187 0.0559317 0.0559317 0.0544799 2300KV
0.144166 0.157448 0.157448 0.157639 2300KX
0.144187 0.194975 0.168764 0.152296 2300KY
0.067629 0.0999052 0.0999052 0.100613 2300L0
0.106441 0.117467 0.117467 0.118051 2300L1
0.0596861 0.0591689 0.0591689 0.0586824 2300L2
0.0738127 0.0860837 0.0860837 0.0842771 2300L3
0.114648 0.129074 0.129074 0.128629 2300L5
0.325661 0.136233 0.136233 0.137281 2300L6
0.0875829 0.102739 0.102739 0.102543 2300L7
0.115804 0.0627808 0.0627808 0.0750294 2300L8
0.0591707 0.0462527 0.0462527 0.0457235 2300L9
0.0522975 0.0616972 0.0616972 0.0626555 2300LA
0.0666277 0.0747043 0.0747043 0.0745266 2300LB
0.0659548 0.0698939 0.0698939 0.0683697 2300LC
0.306663 0.147605 0.147605 0.147013 2300LD
0.0659734 0.129682 0.129682 0.126999 2300LE
0.0871667 0.093773 0.093773 0.0894872 2300LF
0.0841644 0.0783776 0.0783776 0.0787624 2300LG
0.172955 0.260422 0.260422 0.254028 2300LH
0.177882 0.15725 0.15725 0.162869 2300LI
0.0678027 0.0490607 0.0490607 0.0490607 2300LJ
0.0690994 0.133181 0.133181 0.132521 2300LK
0.0728005 0.0916799 0.0916799 0.0920048 2300LL
0.20692 0.159111 0.159111 0.144096 2300LM
0.0604767 0.0604783 0.0604783 0.0604783 2300LN
0.063484 0.0611269 0.0611269 0.0612433 2300LO
0.0573325 0.0964662 0.0964662 0.0965552 2300LP
0.0550848 0.0589896 0.0589896 0.0589669 2300LQ
0.0348632 0.0465949 0.0465949 0.0487847 2300LR
0.0580776 0.060138 0.060138 0.0599501 2300LS
0.072347 0.0871616 0.081711 0.0721223 2300LT
0.0995281 0.111087 0.111087 0.110188 2300LU
0.350715 0.172017 0.193653 0.195322 2300LV
0.0493411 0.0484927 0.0484927 0.0487192 2300LX
0.0984373 0.11555 0.11555 0.115224 2300LY
0.0630248 0.0727871 0.0727871 0.0959746 2300LZ
0.101919 0.0787914 0.0787914 0.0798395 2300M0
0.106114 0.0999175 0.0999175 0.100028 2300M1
0.35558 0.141895 0.141895 0.142377 2300M2
0.167796 0.118974 0.118974 0.118218 2300M3
0.108453 0.106678 0.106678 0.10724 2300M5
0.146414 0.0994724 0.0994724 0.0985269 2300M6
0.497357 0.074404 0.074404 0.0741116 2300M7
0.099545 0.106346 0.106346 0.107092 2300M8
0.0626414 0.0650095 0.0650095 0.0644231 2300MA
0.0809974 0.0763269 0.0763269 0.0777596 2300MB
0.131521 0.140974 0.140974 0.140944 2300MD
0.0650523 0.0336106 0.0336106 0.0337824 2300ME
0.690758 0.140084 0.140084 0.140263 2300MF
0.0460396 0.0419451 0.0419451 0.0430927 2300MI
0.0617923 0.0664647 0.0664647 0.0647175 2300MJ
0.0551058 0.0649016 0.0649016 0.0651411 2300MK
0.0603817 0.0535955 0.0535955 0.0549732 2300ML
0.0385848 0.0425653 0.0425653 0.0425847 2300MM
0.0993874 0.126538 0.126538 0.122048 2300MN
0.109329 0.0906446 0.0906446 0.0906266 2300MO
0.058757 0.0646341 0.0646341 0.0642436 2300MP
0.106872 0.0827429 0.0827429 0.0862583 2300MR
0.0697545 0.0672843 0.0672843 0.0668351 2300MS
0.108628 0.111187 0.111187 0.111066 2300MT
0.105209 0.121299 0.121299 0.122742 2300MU
0.0855815 0.097441 0.097441 0.0964564 2300MW
0.103526 0.0664617 0.0664617 0.0677971 2300MY
0.0700213 0.0779882 0.0779882 0.0778711 2300MZ
0.083924 0.0716801 0.0716801 0.0715844 2300N1
0.125989 0.264361 0.266969 0.26355 2300N2
0.0711192 0.0697779 0.0697779 0.0700715 2300N3
0.134779 0.0744615 0.0744615 0.0742717 2300N5
0.122389 0.105526 0.105526 0.105556 2300N6
0.153239 0.119591 0.119591 0.117934 2300N7
0.153869 0.158395 0.158395 0.158652 2300N8
0.0484741 0.0507887 0.0507887 0.0506353 2300N9
0.101499 0.0977041 0.0977041 0.0975776 2300NA
0.112023 0.112638 0.112638 0.112638 2300NB
0.0521158 0.0524552 0.0524552 0.0524552 2300NC
0.15852 0.127057 0.127057 0.126101 2300ND
0.0742445 0.0867215 0.0867215 0.0871003 2300NE
0.0736969 0.0754293 0.0754293 0.0764548 2300NF
0.114925 0.115871 0.115871 0.116947 2300NH
0.0933958 0.0892414 0.0892414 0.0892179 2300NI
0.0979585 0.0798649 0.0798649 0.0799283 2300NJ
0.145327 0.129196 0.129196 0.127894 2300NK
0.0678182 0.0635563 0.0635563 0.0648479 2300NL
0.0919819 0.0582142 0.0582142 0.0574336 2300NM
0.0992786 0.099495 0.099495 0.098768 2300NN
0.0902118 0.0972545 0.0972545 0.0958832 2300NO
0.0611097 0.0748152 0.0748152 0.0744088 2300NP
0.043127 0.0431269 0.0431269 0.0431269 2300NQ
0.24291 0.131809 0.131809 0.131551 2300NR
0.133149 0.183059 0.183059 0.172187 2300NS
0.056222 0.0667115 0.0667115 0.0661388 2300NT
0.0514997 0.0510883 0.0510883 0.050586 2300NU
0.0525882 0.0349267 0.0349267 0.0349612 2300NV
0.102543 0.108797 0.108797 0.108368 2300NW
0.203617 0.0942503 0.0942503 0.0933485 2300NX
0.14664 0.231563 0.231563 0.233725 2300NY
0.0793912 0.0508232 0.0508232 0.0509868 2300NZ
0.158537 0.187631 0.187631 0.181879 2300O0
0.0782209 0.086555 0.086555 0.0866755 2300O1
0.113801 0.118092 0.134858 0.136453 2300O2
0.1269 0.12097 0.12097 0.122611 2300O3
0.0781429 0.221423 0.221423 0.221925 2300O4
0.377192 0.0938945 0.0938945 0.0942743 2300O5
0.0668681 0.107817 0.107817 0.107794 2300O6
0.238687 0.24921 0.234646 0.233376 2300O7
0.321081 0.247277 0.247277 0.247699 2300O9
0.0356457 0.0354908 0.0354908 0.0351408 2300OA
0.0972818 0.0883908 0.0883908 0.0783347 2300OB
0.0929737 0.0982012 0.0982012 0.0963033 2300OD
0.0784419 0.0688864 0.0688864 0.0720023 2300OE
0.0640011 0.107329 0.107329 0.107485 2300OF
0.160486 0.165569 0.165569 0.172573 2300OG
0.0495418 0.0502348 0.0502348 0.0492602 2300OH
0.0689759 0.0539032 0.0539032 0.0542553 2300OI
0.0850914 0.053048 0.053048 0.054435 2300OJ
0.12736 0.244607 0.244607 0.24534 2300OL
0.207703 0.316387 0.316387 0.315588 2300OM
0.050245 0.048185 0.048185 0.0489651 2300ON
0.0811136 0.0822157 0.0822157 0.0822157 2300OQ
0.0952699 0.108551 0.108551 0.108803 2300OR
0.072968 0.0552475 0.0552475 0.0571155 2300OS
0.0483504 0.0471955 0.0471955 0.0471955 2300OT
0.132594 0.115597 0.115597 0.116296 2300OU
0.0926546 0.07676 0.07676 0.0779858 2300OV
0.106672 0.0535099 0.0535099 0.053556 2300OW
0.129845 0.103766 0.103766 0.103289 2300OX
0.141996 0.131173 0.131173 0.126512 2300OY
0.172486 0.173937 0.173937 0.170427 2300OZ
0.110297 0.130319 0.130319 0.125104 2300P0
0.0674825 0.0678618 0.0678618 0.0680121 2300P1
0.160724 0.120167 0.120167 0.125433 2300P2
0.0889846 0.0752625 0.0752625 0.0752625 2300P4
0.390484 0.096629 0.096629 0.0965078 2300P5
0.176316 0.164174 0.162907 0.160951 2300P6
0.124104 0.220413 0.220413 0.213297 2300P7
0.22883 0.080251 0.080251 0.0802589 2300P8
0.148459 0.165153 0.165153 0.165451 2300P9
0.0902015 0.0808618 0.0808618 0.0732421 2300PA
0.0880589 0.077322 0.077322 0.0779692 2300PB
0.0532472 0.0582969 0.0582969 0.0573713 2300PC
0.0725709 0.0739545 0.0739545 0.073337 2300PD
0.0877844 0.147757 0.147757 0.148284 2300PF
0.110524 0.104112 0.104112 0.103683 2300PG
0.156708 0.119681 0.119681 0.119955 2300PH
0.182704 0.183 0.183 0.183 2300PJ
0.109013 0.0987214 0.0987214 0.0965028 2300PK
0.103604 0.113527 0.113527 0.113671 2300PM
0.0971328 0.0811026 0.0811026 0.0790903 2300PN
0.0682584 0.0643626 0.0643626 0.0641708 2300PO
0.0987968 0.102308 0.102308 0.100665 2300PP
0.164322 0.0999544 0.0999544 0.105349 2300PQ
0.0787576 0.055515 0.055515 0.0555557 2300PR
0.139707 0.136514 0.136514 0.13652 2300PT
0.110846 0.222083 0.222083 0.214063 2300PU
0.072915 0.0696151 0.0696151 0.0691517 2300PV
0.287695 0.130633 0.130633 0.133344 2300PX
0.356116 0.456789 0.456789 0.457938 2300PY
0.0736569 0.0625523 0.0625523 0.0626159 2300PZ
0.0815977 0.154222 0.154222 0.151987 2300Q0
0.124936 0.121864 0.121864 0.120087 2300Q1
0.0687298 0.0845818 0.0845818 0.0829769 2300Q3
0.222361 0.119236 0.119236 0.115101 2300Q4
0.191848 0.102155 0.102155 0.102106 2300Q5
0.0557488 0.0539634 0.0539634 0.0542544 2300Q8
0.0832463 0.0730269 0.0730269 0.0731252 2300QA
0.221652 0.362147 0.362147 0.363085 2300QC
0.42377 0.0814498 0.0814498 0.080157 2300QD
0.199992 0.0815658 0.0815658 0.082015 2300QE
0.0704126 0.0612224 0.0612224 0.060038 2300QF
0.0628999 0.0662059 0.0662059 0.0660046 2300QG
0.185135 0.153217 0.153217 0.147378 2300QH
0.169017 0.115325 0.115325 0.114696 2300QI
0.113272 0.116957 0.116957 0.118693 2300QJ
0.0744472 0.0744337 0.0744337 0.0743231 2300QK
0.105381 0.129125 0.129125 0.125596 2300QL
0.0567984 0.0722312 0.0722312 0.0720244 2300QM
0.358826 0.299146 0.299146 0.29215 2300QN
0.112208 0.111539 0.111539 0.11175 2300QP
0.0855064 0.0803074 0.0803074 0.0766195 2300QQ
0.217113 0.183171 0.183171 0.1855 2300QS
0.236135 0.0852332 0.0852332 0.0852332 2300QT
0.0904285 0.0907863 0.0907863 0.0906097 2300QU
0.0732162 0.109094 0.109094 0.108668 2300QV
0.0786339 0.0640908 0.0640908 0.0658999 2300QW
0.0720811 0.0728317 0.0728317 0.0720469 2300QX
0.521643 0.107375 0.107375 0.107479 2300QZ
0.246393 0.262957 0.262957 0.263052 2300R0
0.136081 0.089953 0.089953 0.0902115 2300R1
0.0708099 0.0722966 0.0722966 0.0727757 2300R2
0.0757658 0.082959 0.082959 0.0829773 2300R3
0.115613 0.101385 0.101385 0.10421 2300R4
0.0863217 0.0779813 0.0779813 0.0776758 2300R5
0.177399 0.149214 0.149214 0.148553 2300R7
0.147533 0.0858555 0.0858555 0.0859142 2300R8
0.0842338 0.070469 0.070469 0.0707187 2300RA
0.0817212 0.0771841 0.0771841 0.0790019 2300RC
0.593263 0.352176 0.352176 0.356624 2300RD
0.515487 0.133828 0.133828 0.130603 2300RE
0.0578161 0.161762 0.161762 0.16151 2300RG
0.0566785 0.0491279 0.0491279 0.0505279 2300RH
0.0537457 0.0614867 0.0614867 0.0593313 2300RI
0.0822845 0.107513 0.107513 0.10612 2300RK
0.481814 0.472526 0.472526 0.472419 2300RL
0.109031 0.108886 0.108886 0.108632 2300RO
0.0799079 0.0746907 0.0746907 0.074513 2300RP
0.178492 0.151252 0.148141 0.151234 2300RQ
0.0623146 0.0748219 0.0748219 0.0739572 2300RR
0.179638 0.141693 0.141693 0.139085 2300RS
0.367143 0.145894 0.145894 0.144321 2300RT
0.103066 0.104114 0.104114 0.103553 2300RW
0.106628 0.106628 0.106628 0.106628 2300RX
0.10562 0.110169 0.110169 0.109947 2300RY
0.0832232 0.0883086 0.0883086 0.0875482 2300RZ
0.195216 0.185759 0.185759 0.183004 2300S0
0.343023 0.306579 0.306579 0.306995 2300S1
0.0917089 0.109477 0.109477 0.112927 2300S2
0.0745176 0.0563243 0.0563243 0.0567408 2300S3
0.0480801 0.0773386 0.0773386 0.0784957 2300S4
0.0797323 0.0797047 0.0797047 0.0793152 2300S5
0.0577395 0.057766 0.057766 0.0577634 2300S6
0.273355 0.256773 0.256773 0.256502 2300S8
0.146111 0.151775 0.151775 0.15183 2300SB
0.540464 0.148213 0.148213 0.148849 2300SC
0.188609 0.11913 0.11913 0.120165 2300SD
0.0621215 0.0708126 0.0708126 0.0698535 2300SE
0.159305 0.287696 0.287696 0.28826 2300SF
0.0537572 0.0693219 0.0693219 0.0718863 2300SH
0.132232 0.178139 0.178139 0.179523 2300SI
0.249126 0.074786 0.074786 0.0751659 2300SJ
0.0849851 0.0848271 0.0848271 0.0836129 2300SK
0.0547164 0.0674536 0.0674536 0.0673664 2300SL
0.0649608 0.066077 0.066077 0.066081 2300SM
0.0501156 0.0497642 0.0497642 0.0497642 2300SN
0.0535987 0.0660449 0.0660449 0.066184 2300SO
0.0387835 0.0447296 0.0447296 0.0450808 2300SQ
0.126563 0.126903 0.126903 0.126702 2300SR
0.16874 0.10578 0.10578 0.105625 2300SS
0.092222 0.0920984 0.0920984 0.0933948 2300ST
0.161761 0.18435 0.18435 0.179664 2300SU
0.0800801 0.0729149 0.0729149 0.0724862 2300SW
0.0753687 0.0585121 0.0585121 0.0585272 2300SX
0.0815703 0.114652 0.114652 0.114356 2300SY
0.182406 0.121092 0.121092 0.120726 2300SZ
0.15742 0.147694 0.147694 0.146469 2300T0
0.118707 0.0869003 0.0869003 0.10396 2300T1
0.0780939 0.1017 0.1017 0.101142 2300T2
0.120173 0.106931 0.106931 0.0903533 2300T3
0.12462 0.187696 0.187696 0.188234 2300T4
0.115486 0.211417 0.211417 0.21159 2300T5
0.0859556 0.251981 0.251981 0.229924 2300T6
0.0560757 0.0560737 0.0560737 0.0560737 2300T7
0.113242 0.131105 0.131105 0.129269 2300T8
0.144327 0.10773 0.10773 0.114138 2300T9
0.0607938 0.0657528 0.0657528 0.0651728 2300TA
0.131946 0.151678 0.151678 0.150209 2300TB
0.278775 0.209185 0.209185 0.20904 2300TC
0.0610798 0.0958309 0.0958309 0.0953145 2300TD
0.0803974 0.106787 0.106787 0.106565 2300TE
0.071141 0.13788 0.131312 0.131326 2300TF
0.112795 0.103888 0.103888 0.103888 2300TG
0.153743 0.199274 0.199274 0.200321 2300TH
0.192745 0.117722 0.117722 0.117345 2300TJ
0.13062 0.108795 0.108795 0.108829 2300TK
0.230114 0.145569 0.145569 0.142863 2300TL
0.0728678 0.0552555 0.0552555 0.0554245 2300TM
0.148503 0.208563 0.208563 0.209242 2300TN
0.120983 0.110692 0.110692 0.110285 2300TO
0.286091 0.250616 0.373505 0.37146 2300TP
0.0909182 0.052028 0.052028 0.0518192 2300TQ
0.0562621 0.0708005 0.0708005 0.0717658 2300TR
0.0545105 0.0587632 0.0587632 0.0587309 2300TS
0.063269 0.0554783 0.0554783 0.0553416 2300TT
0.0557529 0.0602157 0.0602157 0.059693 2300TU
0.265644 0.0638489 0.0638489 0.0637349 2300TV
0.127013 0.106477 0.106477 0.106699 2300TW
0.0689677 0.125066 0.0913755 0.0926504 2300TX
0.140308 0.0697938 0.0697938 0.069894 2300TY
0.0623668 0.0697024 0.0697024 0.0709596 2300TZ
0.0670512 0.14283 0.14283 0.141714 2300U0
0.0764616 0.138477 0.138477 0.134589 2300U1
0.195532 0.108058 0.108058 0.108863 2300U3
0.0949949 0.0753945 0.0753945 0.0753181 2300U4
0.243175 0.240579 0.240579 0.245481 2300U5
0.103188 0.0834838 0.0834838 0.0826757 2300U6
0.106266 0.116628 0.116628 0.116228 2300U8
0.0645607 0.0805213 0.0805213 0.080637 2300U9
0.146351 0.258845 0.258845 0.259365 2300UA
0.0930419 0.101296 0.101296 0.101296 2300UC
0.247943 0.144107 0.144107 0.143027 2300UD
0.231188 0.179235 0.179235 0.179439 2300UE
0.0867839 0.108588 0.108588 0.108605 2300UF
0.127738 0.110943 0.110943 0.111689 2300UH
0.0738339 0.066926 0.066926 0.0694637 2300UI
0.0605679 0.0829295 0.0829295 0.0831128 2300UJ
0.0857397 0.0965519 0.0965519 0.0965265 2300UK
0.0938327 0.0474575 0.0474575 0.0468176 2300UL
0.0745951 0.0898423 0.0898423 0.0893423 2300UM
0.108012 0.0977273 0.0977273 0.0973917 2300UN
0.478803 0.348111 0.306029 0.307865 2300UP
0.182609 0.158335 0.140202 0.137729 2300UQ
0.0712392 0.0835073 0.0835073 0.0834735 2300US
0.319256 0.285289 0.285289 0.281154 2300UT
0.146946 0.223374 0.223374 0.218469 2300UU
0.0680164 0.0577888 0.0577888 0.0578607 2300UW
0.075859 0.09536 0.09536 0.0947258 2300UX
0.0928994 0.0541436 0.0541436 0.0537469 2300UY
0.212514 0.161391 0.161391 0.160465 2300UZ
0.0536282 0.0538592 0.0538592 0.054256 2300V0
0.0703148 0.0790007 0.0790007 0.0779106 2300V2
0.11196 0.14177 0.14177 0.11397 2300V4
0.0788664 0.091777 0.091777 0.0921616 2300V5
0.137261 0.195956 0.195956 0.195752 2300V6
0.04763 0.0501491 0.0501491 0.0500639 2300V7
0.218184 0.105429 0.105429 0.105896 2300V8
0.327265 0.219025 0.219025 0.218553 2300V9
0.126515 0.0855453 0.0855453 0.0855894 2300VA
0.138163 0.142908 0.207598 0.207283 2300VB
0.0648222 0.0676017 0.0676017 0.0676017 2300VC
0.162436 0.169778 0.169778 0.174065 2300VD
0.0540616 0.0444987 0.0444987 0.0446238 2300VE
0.0579157 0.0652723 0.0652723 0.0650842 2300VF
0.0921729 0.114968 0.114968 0.11522 2300VG
0.130097 0.284297 0.221053 0.228501 2300VH
0.136848 0.137788 0.137788 0.137013 2300VI
0.0522432 0.0598901 0.0598901 0.0588301 2300VJ
0.161162 0.180873 0.180873 0.180294 2300VK
0.106192 0.125074 0.125074 0.124808 2300VL
0.0808243 0.0702075 0.0702075 0.0700891 2300VM
0.067522 0.0577109 0.0577109 0.057253 2300VN
0.0270964 0.0274416 0.0274416 0.0273945 2300VP
0.0766819 0.110324 0.110324 0.110429 2300VQ
0.31041 0.296776 0.296776 0.2974 2300VU
0.382124 0.242793 0.242793 0.2446 2300VV
0.0698705 0.0689681 0.0689681 0.068479 2300VW
0.251565 0.343154 0.343154 0.343903 2300VX
0.485963 0.0659464 0.0659464 0.065916 2300VY
0.0867264 0.112447 0.112447 0.113436 2300VZ
0.135851 0.110747 0.110747 0.11108 2300W0
0.124443 0.119992 0.119992 0.119707 2300W1
0.506999 0.113239 0.113239 0.111682 2300W2
0.25497 0.184444 0.184444 0.182503 2300W3
0.131647 0.0515774 0.0515774 0.0526817 2300W4
0.113332 0.0691372 0.0691372 0.0695687 2300W5
0.0613192 0.0575736 0.0575736 0.057837 2300W6
0.110993 0.0687236 0.0687236 0.06792 2300W7
0.0606711 0.0554614 0.0554614 0.0565478 2300W8
0.132617 0.111116 0.111116 0.109971 2300WC
0.0462308 0.0634042 0.0634042 0.0632135 2300WG
0.0982799 0.0933736 0.0933736 0.0935217 2300WH
0.153692 0.0540834 0.0540834 0.0551288 2300WI
0.0502588 0.057496 0.057496 0.0564523 2300WJ
0.0592397 0.0726222 0.0726222 0.074381 2300WK
0.0580898 0.0499058 0.0499058 0.0486136 2300WL
0.152461 0.179088 0.179088 0.17888 2300WM
0.0839946 0.0834713 0.0834713 0.0833145 2300WN
0.0604569 0.579712 0.579712 0.583362 2300WO
0.0847356 0.107124 0.107124 0.107007 2300WP
0.082004 0.0771219 0.0771219 0.0770597 2300WQ
0.0514365 0.0510743 0.0510743 0.0510743 2300WR
0.255317 0.0788629 0.0788629 0.076767 2300WT
0.0940787 0.060417 0.060417 0.0607334 2300WU
0.104705 0.11148 0.11148 0.111677 2300WV
0.11688 0.113137 0.113137 0.114872 2300WW
0.170718 0.127452 0.127452 0.127206 2300WX
0.0521224 0.0560329 0.0560329 0.0559444 2300WY
0.0602517 0.0557252 0.0557252 0.055438 2300WZ
0.060719 0.0529876 0.0529876 0.0526103 2300X0
0.0418841 0.0525281 0.0525281 0.0521831 2300X1
0.102768 0.0926583 0.0926583 0.0910679 2300X2
0.0630598 0.0735092 0.0735092 0.07419 2300X3
0.265879 0.363901 0.215071 0.195085 2300X4
0.0925204 0.139871 0.139871 0.13427 2300X5
0.0504521 0.0570873 0.0570873 0.0560687 2300X6
0.0819394 0.0842536 0.0842536 0.0836405 2300X7
0.279172 0.074405 0.074405 0.0738105 2300X9
0.178258 0.112038 0.112038 0.112439 2300XB
0.224851 0.0514647 0.0514647 0.051913 2300XD
0.0708884 0.0701383 0.0701383 0.0700844 2300XE
0.503016 0.147385 0.147385 0.149663 2300XF
0.189027 0.101784 0.101784 0.101855 2300XH
0.072312 0.0953378 0.0953378 0.0950738 2300XI
0.188143 0.186686 0.186686 0.186953 2300XJ
0.144425 0.105295 0.105295 0.105255 2300XK
0.110692 0.0642382 0.0642382 0.064409 2300XL
0.097722 0.0695252 0.0695252 0.0697281 2300XM
0.0711613 0.0814498 0.0814498 0.0832912 2300XN
0.101978 0.181809 0.181809 0.181776 2300XP
0.357203 0.0708819 0.0708819 0.0735905 2300XT
0.214095 0.103389 0.103389 0.103766 2300XU
0.136871 0.173007 0.173007 0.174154 2300XV
0.32675 0.15397 0.15397 0.154585 2300XW
0.0986087 0.0995701 0.0995701 0.100879 2300XY
0.104789 0.102777 0.102777 0.102821 2300XZ
0.102366 0.286379 0.286379 0.285168 2300Y1
0.0512742 0.0751743 0.0751743 0.0736757 2300Y2
0.0656646 0.145847 0.145847 0.146591 2300Y3
0.239411 0.159869 0.122422 0.125201 2300Y4
0.27867 0.123006 0.123006 0.126823 2300Y5
0.0642871 0.095301 0.095301 0.0952114 2300Y6
0.0692015 0.0858867 0.0858867 0.0859301 2300Y7
0.0833403 0.0797426 0.0797426 0.0795015 2300Y8
0.0521972 0.030862 0.030862 0.0298227 2300Y9
0.167877 0.0769017 0.0769017 0.0769962 2300YA
0.106191 0.0769775 0.0769775 0.0772588 2300YC
0.127815 0.129919 0.129919 0.130072 2300YE
0.616571 0.25094 0.28794 0.318309 2300YF
0.0855287 0.0826375 0.0826375 0.0844727 2300YH
0.175117 0.085519 0.085519 0.0853047 2300YI
0.112968 0.0965356 0.0965356 0.0978389 2300YJ
0.104557 0.0959308 0.0959308 0.0956825 2300YK
0.0703421 0.0776367 0.0776367 0.0779905 2300YL
0.104622 0.112039 0.112039 0.105004 2300YM
0.179627 0.215315 0.215315 0.215027 2300YO
0.0529389 0.0370909 0.0370909 0.0365852 2300YP
0.0504057 0.0503948 0.0503948 0.0503948 2300YQ
0.0562026 0.0618005 0.0618005 0.0618793 2300YR
0.0496382 0.0718138 0.0718138 0.0715868 2300YS
0.17416 0.192034 0.192034 0.189259 2300YW
0.0664819 0.0686922 0.065731 0.0678393 2300YX
0.118601 0.105786 0.105786 0.104801 2300YY
0.386599 0.13527 0.13527 0.136381 2300Z1
0.0525405 0.0274376 0.0274376 0.0269419 2300Z2
0.440991 0.187195 0.187195 0.182263 2300Z3
0.215757 0.14407 0.152636 0.152338 2300Z5
0.0656215 0.0661889 0.0661889 0.0653509 2300Z7
0.239881 0.192888 0.192888 0.18894 2300Z9
0.1761 0.169818 0.163161 0.164109 2300ZA
0.327117 0.175242 0.147058 0.145207 2300ZC
0.124798 0.102155 0.102155 0.0992978 2300ZE
0.0633766 0.0689209 0.0689209 0.066956 2300ZF
0.0790459 0.101043 0.101043 0.102217 2300ZG
0.0581515 0.0561794 0.0561794 0.0561794 2300ZH
0.222374 0.289159 0.289159 0.288999 2300ZI
0.136291 0.161031 0.161031 0.160299 2300ZJ
0.157707 0.130344 0.130344 0.130355 2300ZK
0.0841618 0.0918477 0.0918477 0.0926012 2300ZM
0.16779 0.177114 0.177114 0.168493 2300ZN
0.105721 0.0938083 0.0938083 0.0934026 2300ZO
0.0569786 0.0610052 0.0610052 0.0603568 2300ZP
0.0911457 0.0512526 0.0512526 0.0515936 2300ZR
0.179273 0.13357 0.13357 0.129281 2300ZS
0.0998481 0.130446 0.130446 0.131142 2300ZT
0.048828 0.0782902 0.0782902 0.0776882 2300ZV
0.105197 0.0965239 0.0965239 0.0971079 2300ZY
0.0706547 0.0571055 0.0571055 0.0570963 2300ZZ
0.0664101 0.0449454 0.0449454 0.044973 230101
0.122193 0.0970482 0.0970482 0.0970941 230105
0.248157 0.205706 0.126187 0.110965 230109
0.141033 0.148766 0.148766 0.147207 23010B
0.174743 0.153123 0.153123 0.153628 23010C
0.135753 0.144528 0.144528 0.144089 23010D
0.0625732 0.0821536 0.0821536 0.082084 23010E
0.109379 0.116446 0.116446 0.114724 23010F
0.103423 0.0856612 0.0856612 0.0824384 23010G
0.138205 0.141507 0.141507 0.14828 23010H
0.231243 0.237299 0.198764 0.197347 23010I
0.126448 0.192358 0.192358 0.196464 23010J
0.076174 0.0581148 0.0581148 0.0567332 23010K
0.0869219 0.0808466 0.0808466 0.0808535 23010L
0.0754145 0.0933524 0.0933524 0.0939033 23010M
0.0578359 0.0944564 0.0944564 0.0944054 23010O
0.0852572 0.0493473 0.0493473 0.0521966 23010Q
0.108816 0.118833 0.118833 0.118276 23010R
0.0396936 0.0584258 0.0584258 0.0575509 23010S
0.179953 0.151925 0.151925 0.151436 23010V
0.0835405 0.0567348 0.0567348 0.0567711 2300SG
0.107907 0.156222 0.156222 0.155433 23010W
0.160095 0.0931009 0.0931009 0.0928741 23010X
0.110733 0.0759705 0.0759705 0.0759474 23010Y
0.111104 0.186315 0.186315 0.186462 23010Z
0.0963739 0.0680945 0.0680945 0.0677364 230110
0.158216 0.099687 0.099687 0.0996749 230112
0.142031 0.155526 0.155526 0.154789 230113
0.0929661 0.0683551 0.0683551 0.0684977 230114
0.0965526 0.11084 0.11084 0.111442 230116
0.077159 0.0843261 0.0843261 0.0834541 230117
0.056379 0.0614212 0.0614212 0.061154 230118
0.271303 0.196768 0.196768 0.195851 23012N
0.043902 0.0741009 0.0741009 0.0743671 230119
0.101144 0.0877212 0.0877212 0.0875262 23011A
0.0522142 0.0600113 0.0600113 0.0605128 23011B
0.138951 0.165952 0.165952 0.166458 23011C
0.0663649 0.0446567 0.0446567 0.0452923 23011E
0.102705 0.0843716 0.0843716 0.0798221 23011F
0.0754548 0.189038 0.189038 0.192071 23011I
0.0559062 0.0577771 0.0577771 0.0578602 23011L
0.0761099 0.0952092 0.0952092 0.0953285 23011M
0.0469022 0.0487498 0.0313765 0.0309829 23011N
0.537184 0.157068 0.157068 0.158131 23011P
0.169414 0.106018 0.106018 0.106192 23011Q
0.306522 0.25647 0.25647 0.254671 23011R
0.0763317 0.142693 0.142693 0.142303 23011S
0.0756007 0.0776744 0.0776744 0.0772913 23011T
0.536506 0.509957 0.509957 0.507243 23011U
0.0565933 0.0758526 0.0758526 0.0760812 23011V
0.0698298 0.081067 0.081067 0.0804502 23011W
0.0999789 0.103619 0.103619 0.103726 23011X
0.075071 0.0704114 0.0704114 0.070508 23011Y
0.071843 0.0743617 0.0743617 0.0745452 23011Z
0.0477658 0.0820762 0.0820762 0.0820636 230120
0.102254 0.0655387 0.0655387 0.0652041 230121
0.215891 0.20303 0.20303 0.204355 230122
0.11432 0.101899 0.101899 0.101711 230123
0.142372 0.148101 0.148101 0.148029 230125
0.069713 0.139411 0.139411 0.142015 230126
0.109552 0.140858 0.140858 0.140405 230127
0.572322 0.12762 0.0975377 0.097733 230129
0.334655 0.140782 0.140782 0.134507 23012A
0.0846803 0.119877 0.119877 0.121315 23012B
0.0670798 0.061221 0.061221 0.061063 23012C
0.384738 0.309236 0.309236 0.319788 23012D
0.142264 0.150984 0.150984 0.148997 23012E
0.0829038 0.102676 0.102676 0.103504 23012F
0.578169 0.164414 0.164414 0.16451 23012G
0.509369 0.140281 0.162142 0.161747 23012H
0.085311 0.085393 0.085393 0.0860321 23012I
0.12087 0.102549 0.102549 0.10231 23012J
0.226142 0.314466 0.314466 0.306842 23012K
0.155024 0.11162 0.11162 0.10977 23012L
0.112878 0.131025 0.131025 0.131672 23012M
