#Atom_RMSD:ini opt rep pre zincid
0.15143 0.657735 0.657735 0.650186 ZINC000000033978
0.221441 0.621527 0.621527 0.63443 ZINC000000036303
0.111473 0.136647 0.136647 0.134838 ZINC000000040719
0.124261 0.118289 0.118289 0.119671 ZINC000000042736
0.18441 0.154813 0.154813 0.147005 ZINC000000051544
0.279855 0.268796 0.268796 0.258427 ZINC000000084284
0.160066 0.140022 0.140022 0.144332 ZINC000000087135n
0.564392 0.275474 0.275474 0.276162 ZINC000000088101
0.301394 0.21413 0.21413 0.247047 ZINC000000088474_1
0.467582 0.42545 0.42545 0.478708 ZINC000000097479
0.586918 0.269045 0.269045 0.268556 ZINC000000119009
0.0828684 0.0722739 0.0722739 0.0744117 ZINC000000126038
0.512855 0.199483 0.199483 0.194674 ZINC000000127402
0.390891 0.552886 0.552886 0.557051 ZINC000000135843
0.221015 0.260255 0.260255 0.279612 ZINC000000140092_1
0.699786 0.328287 0.328287 0.325737 ZINC000000144678
0.118318 0.511453 0.511453 0.503044 ZINC000000144678_2
0.262087 0.0707438 0.0707438 0.0708263 ZINC000000145322
0.0806309 0.999686 0.999686 0.998543 ZINC000000151361
0.435928 0.417949 0.43698 0.436748 ZINC000000152023_1
0.898846 0.0649217 0.0654393 0.0651895 ZINC000000155839_1
0.298172 0.353851 0.353851 0.35418 ZINC000000159804
0.215464 0.179596 0.179596 0.181462 ZINC000000160394
0.226708 0.0404774 0.0404774 0.0398946 ZINC000000162425
0.253797 0.404868 0.404868 0.404851 ZINC000000172719_2
0.197916 0.120586 0.120586 0.119737 ZINC000000192086
0.169323 0.150801 0.150801 0.15108 ZINC000000207445
0.275934 0.161948 0.161948 0.162403 ZINC000000209743_1
0.179653 0.112472 0.128149 0.128011 ZINC000000225683_1
0.731438 0.820672 0.820672 0.81708 ZINC000000238008
0.174393 0.302114 0.302114 0.301392 ZINC000000273304_1
0.184822 0.13572 0.13572 0.143273 ZINC000000273813
0.0967928 0.100233 0.100233 0.0997743 ZINC000000294631_1
0.214768 0.367326 0.367326 0.3788 ZINC000000324748_1
0.267797 0.0949814 0.0949814 0.0919317 ZINC000000331270
0.481177 0.11117 0.11117 0.110132 ZINC000000331970
0.499349 0.486579 0.486579 0.486694 ZINC000000334995
0.276578 0.128196 0.278726 0.277757 ZINC000000335016
0.429805 0.28229 0.28229 0.27943 ZINC000000336240
0.394587 0.161606 0.161606 0.21818 ZINC000000338265
0.966387 1.35602 1.35398 1.35337 ZINC000000339586
0.102325 0.112708 0.112708 0.112465 ZINC000000342360_1
0.282165 0.147284 0.147284 0.148087 ZINC000000343825
0.498168 0.683169 0.683169 0.649505 ZINC000000349518_1
0.345262 0.344209 0.344209 0.343458 ZINC000000366208_1
0.376823 0.157483 0.157483 0.157392 ZINC000000383392_1
0.0788087 0.0860422 0.0860422 0.0855158 ZINC000000384763
0.263866 0.276418 0.276418 0.280476 ZINC000000392812
0.691467 0.254827 0.254827 0.255887 ZINC000000392829
0.0386695 0.0493188 0.0512681 0.053879 ZINC000000394029
5.16426e-06 1.61008e-06 1.37251e-06 4.23941e-06 ZINC000000394716
0.467418 0.369124 0.350064 0.338471 ZINC000000401198
0.0419957 0.0509362 0.0509362 0.0517118 ZINC000000402296
0.259291 0.104742 0.104742 0.107346 ZINC000000403261
0.515705 0.286336 0.286336 0.284842 ZINC000000405046
0.499972 0.204544 0.204544 0.203855 ZINC000000410229_1
0.750977 0.30459 0.284576 0.287266 ZINC000000444816
0.200706 0.192958 0.192958 0.191819 ZINC000000496310
0.470005 0.226063 0.182732 0.184222 ZINC000000499672
0.304389 0.346845 0.346845 0.353709 ZINC000000507755_1
0.381852 0.394795 0.394795 0.394482 ZINC000000510399_1
0.254129 0.229608 0.229608 0.232111 ZINC000000517428
0.112246 0.1852 0.1852 0.183977 ZINC000000517428n
0.0557311 0.148346 0.148346 0.140194 ZINC000000518699
0.515014 0.166017 0.166017 0.165776 ZINC000000521962_2
0.392009 0.107243 0.107243 0.112313 ZINC000000900552
0.331504 0.171763 0.171763 0.196296 ZINC000000901957
0.602121 0.148054 0.148054 0.148078 ZINC000000980164
0.0824971 0.186974 0.186974 0.200277 ZINC000001016430
0.0924735 0.145093 0.145093 0.144724 ZINC000001043940
0.126619 0.0643362 0.0643362 0.0671585 ZINC000001066646n
0.4806 0.197097 0.197097 0.196917 ZINC000001123028
0.0984195 0.12227 0.12227 0.131712 ZINC000001233327
0.0696853 0.0755495 0.0755495 0.074042 ZINC000001241237_1
0.294876 0.237855 0.237855 0.237258 ZINC000001297821
0.512108 0.39112 0.39112 0.38889 ZINC000001321342n
0.212589 0.23638 0.23638 0.239403 ZINC000001393062
0.164398 0.146233 0.146233 0.145667 ZINC000001393937
0.349832 0.240176 0.240176 0.239703 ZINC000001396946_1
0.470381 0.413718 0.413718 0.413766 ZINC000001400343n_1
0.328059 0.38338 0.38338 0.341577 ZINC000001400675
0.236619 0.21898 0.21898 0.220006 ZINC000001407196
0.202194 0.271521 0.271521 0.271583 ZINC000001410179
0.0700982 0.0517376 0.0517376 0.0518136 ZINC000001420704n
0.620017 0.126594 0.126594 0.120572 ZINC000001425612_1
0.168245 0.479573 0.479573 0.478231 ZINC000001438993
0.449234 0.0782802 0.0782802 0.0782562 ZINC000001443681_2
0.132546 0.157033 0.157033 0.157639 ZINC000001463335
0.505389 0.333789 0.248359 0.24987 ZINC000001484979
0.248727 0.369746 0.373898 0.37388 ZINC000001564374_1
0.785946 0.323397 0.323397 0.309614 ZINC000001566068
0.34256 0.395719 0.395719 0.395616 ZINC000001571661
0.1469 0.162638 0.162638 0.160539 ZINC000001583786n
0.323085 0.357824 0.357824 0.402098 ZINC000001603989
0.754936 0.144604 0.144604 0.142361 ZINC000001606193
0.161022 0.12941 0.12941 0.129479 ZINC000001611078_1
0.281683 0.109219 0.109219 0.109992 ZINC000001617863
0.346782 0.169089 0.169089 0.166546 ZINC000001620111
0.182383 0.18294 0.18294 0.18294 ZINC000001625438
0.202107 0.172405 0.172405 0.171581 ZINC000001661342
0.108469 0.05481 0.05481 0.0546743 ZINC000001661342n
0.341138 0.26177 0.26177 0.261549 ZINC000001668602_1
0.278655 0.280735 0.280735 0.280735 ZINC000001668835
0.267146 0.26719 0.26719 0.26719 ZINC000001669442
0.048747 0.0598067 0.0598067 0.0612658 ZINC000001676870n
0.518074 0.269078 0.269078 0.269209 ZINC000001677949
0.0768991 0.216368 0.216368 0.215437 ZINC000001677981_1
0.134187 0.238736 0.238736 0.238412 ZINC000001681766_1
0.208856 0.205197 0.212945 0.215669 ZINC000001692414
0.381091 0.521883 0.521883 0.511437 ZINC000001696994
0.253776 0.219577 0.219577 0.219966 ZINC000001697961_1
0.449692 0.145159 0.145159 0.149284 ZINC000001705340
0.27677 0.207738 0.207738 0.224857 ZINC000001707121
0.202205 0.403443 0.403443 0.403159 ZINC000001721075_1
0.111605 0.134536 0.134536 0.140244 ZINC000001743783_2
0.342296 0.172436 0.172436 0.187558 ZINC000001744207
0.188883 0.065127 0.065127 0.0721858 ZINC000001744207_1
0.475179 0.592876 0.592876 0.593043 ZINC000001752189
0.737565 0.329418 0.329418 0.32516 ZINC000001753214
0.133248 0.211911 0.211911 0.212777 ZINC000001760327
0.0489349 0.048063 0.048063 0.0476511 ZINC000001843130
0.248104 0.177049 0.177049 0.200026 ZINC000001870603
0.13159 0.0861645 0.0861645 0.095797 ZINC000001870603_1
0.490718 0.310644 0.310644 0.311767 ZINC000002012927
0.067661 0.167092 0.167092 0.166631 ZINC000002037527_1
0.490946 0.477799 0.477799 0.528632 ZINC000002038421
0.542692 0.234014 0.234014 0.235736 ZINC000002043262
0.495664 0.388776 0.388776 0.387109 ZINC000002048036_2
0.174214 0.0698844 0.0698844 0.0682631 ZINC000002232417_1
0.208186 0.082328 0.082328 0.0808857 ZINC000002292870n_1
0.299515 0.283883 0.283883 0.284234 ZINC000002384500
0.338155 0.234506 0.234506 0.233532 ZINC000002386480n
0.833288 0.285367 0.285367 0.315427 ZINC000002488985
0.383399 0.380792 0.380792 0.380803 ZINC000002506754
0.65602 0.259149 0.259149 0.25955 ZINC000002507566
0.451579 0.54286 0.54286 0.542803 ZINC000002507829
0.301573 0.110202 0.110202 0.109809 ZINC000002509844
0.290004 0.220804 0.220804 0.455834 ZINC000002511723
0.632347 0.168769 0.168769 0.169305 ZINC000002511723n
0.498031 0.218594 0.218594 0.220183 ZINC000002511723n_2
0.319132 0.0978237 0.10017 0.101436 ZINC000002511723n_3
0.082101 0.0840403 0.0840403 0.0840403 ZINC000002516028
0.117702 0.101653 0.101653 0.0977958 ZINC000002524420
1.19655 0.364195 0.494125 0.582666 ZINC000002529367
0.275926 0.385361 0.385361 0.383138 ZINC000002556216
0.433913 0.387949 0.387949 0.388545 ZINC000002556216n
0.392793 0.221346 0.22196 0.220692 ZINC000002573398
0.356058 0.31485 0.31485 0.316627 ZINC000002577992
0.651824 0.544357 0.544357 0.545551 ZINC000002583571
0.162172 0.157289 0.157289 0.158389 ZINC000002584295
0.120949 0.0741508 0.0741508 0.0652849 ZINC000002599164
0.19285 0.0927551 0.0927551 0.0928995 ZINC000002774749_1
0.410426 0.253596 0.240921 0.240059 ZINC000002778777_2
0.352637 0.245741 0.245741 0.245249 ZINC000002786753
0.187679 0.410471 0.410471 0.411224 ZINC000003029908_1
0.427601 0.261003 0.261003 0.26115 ZINC000003080625_1
0.091573 0.314431 0.314431 0.313001 ZINC000003086176_1
0.254862 0.243873 0.243873 0.251766 ZINC000003127918
0.102907 0.448904 0.493658 0.505633 ZINC000003132279
0.0760688 0.0697861 0.0697861 0.0713633 ZINC000003137923
0.11399 0.155901 0.155901 0.153734 ZINC000003165873
0.395414 0.386074 0.356415 0.358934 ZINC000003189195
0.196389 0.126331 0.126331 0.122993 ZINC000003230885
0.723007 0.0492853 0.0492853 0.0496403 ZINC000003468889_1
0.204335 0.307207 0.307207 0.306967 ZINC000003468889n
0.153472 0.116233 0.116233 0.116052 ZINC000003628406
0.0536632 0.0546773 0.0546773 0.0547215 ZINC000003647272n
0.400619 0.431293 0.431293 0.395042 ZINC000003704331
0.237687 0.300478 0.300478 0.290605 ZINC000003732452
0.643158 0.506778 0.506778 0.494023 ZINC000003732484
1.07956 0.217325 0.217325 0.216495 ZINC000003732484_1
0.153232 0.267128 0.267128 0.279013 ZINC000003845199
0.195167 0.211882 0.211882 0.213984 ZINC000003845997
0.0404941 0.0384882 0.0384882 0.0389997 ZINC000003847683
0.249528 0.164791 0.164791 0.16434 ZINC000003848005_1
0.42691 0.174452 0.174452 0.172835 ZINC000003848247
0.223832 0.143293 0.143293 0.142891 ZINC000003848293
0.216149 0.210424 0.210424 0.211078 ZINC000003848355
0.382865 0.244557 0.234506 0.235262 ZINC000003887489n
0.0350415 0.0364444 0.0364444 0.0360324 ZINC000003887569_1
0.345213 0.20003 0.20003 0.198348 ZINC000003937375n_1
0.290567 0.420982 0.278527 0.28103 ZINC000003993826
0.525583 0.2859 0.2859 0.286171 ZINC000004023402_1
0.0694278 0.132052 0.132052 0.131048 ZINC000004025328_1
0.232145 0.202215 0.202215 0.202859 ZINC000004026369
0.492898 0.42449 0.42449 0.427944 ZINC000004097541
0.357578 0.462282 0.45757 0.46262 ZINC000004189718
0.314765 0.12387 0.12387 0.125534 ZINC000004189718_1
0.388296 0.216047 0.216047 0.218494 ZINC000004202974
0.655805 0.722746 0.727033 0.725723 ZINC000004214486
0.178216 0.207444 0.207444 0.20701 ZINC000004214486_2
0.143559 0.584345 0.584345 0.583564 ZINC000004237890
0.321878 0.442828 0.442828 0.441343 ZINC000004237890n
0.315862 0.282793 0.282793 0.282529 ZINC000004262098
0.717729 0.714143 0.714143 0.714143 ZINC000004271993
0.356154 0.448164 0.448164 0.44399 ZINC000004303615
0.461022 0.279371 0.279371 0.279016 ZINC000004329339
0.0981269 0.0981656 0.0981656 0.0972361 ZINC000004419542_1
0.557341 0.213574 0.213574 0.213321 ZINC000004521853
0.484625 0.353749 0.353749 0.353929 ZINC000004642428
0.0891672 0.0703002 0.0703002 0.070088 ZINC000004663220_1
0.532907 0.1997 0.1997 0.200179 ZINC000004708120_1
0.145422 0.188326 0.188326 0.189119 ZINC000004715062n
0.368739 0.184953 0.184953 0.184954 ZINC000004718856
0.532764 0.520775 0.520775 0.520661 ZINC000004722141n
0.690079 0.351353 0.351353 0.350682 ZINC000004753987
0.199916 0.216222 0.216222 0.223638 ZINC000004765095
0.435864 0.169888 0.169888 0.16819 ZINC000004776052
0.186822 0.232389 0.232389 0.232772 ZINC000004777715
0.694789 0.235093 0.235093 0.342599 ZINC000004800545
0.444497 0.446943 0.446943 0.553125 ZINC000004803017
0.355026 0.518736 0.518736 0.517926 ZINC000004803017n
0.198161 0.283542 0.283542 0.283916 ZINC000004803166
0.107327 0.0912871 0.0912871 0.0888169 ZINC000004812189
0.212042 0.0607872 0.0607872 0.0635321 ZINC000004829905
0.0453689 0.0766859 0.0766859 0.0758147 ZINC000004831127_1
0.64048 0.636055 0.636055 0.636211 ZINC000004837503
0.295534 0.208806 0.208806 0.229615 ZINC000004945865
0.197918 0.186305 0.186305 0.186604 ZINC000004948170
0.249992 0.142598 0.142598 0.141728 ZINC000004972506n
0.31433 0.30641 0.30641 0.303435 ZINC000004983935
0.327212 0.0808938 0.0808938 0.0842415 ZINC000005004779n
0.473521 0.425728 0.425728 0.413776 ZINC000005046237n
0.367849 0.32512 0.32512 0.324893 ZINC000005064297
0.0468873 0.0459937 0.0459937 0.0461251 ZINC000005092432
0.322266 0.347237 0.347237 0.347155 ZINC000005103411
0.170748 0.180669 0.180669 0.178778 ZINC000005120986
0.179092 0.286827 0.286827 0.285464 ZINC000005282860
0.140081 0.322995 0.322995 0.325949 ZINC000005282936
0.480873 0.274491 0.274491 0.272848 ZINC000005328863
0.747816 0.0789355 0.0789355 0.0785529 ZINC000005356732
0.0656174 0.0771884 0.0771884 0.0771129 ZINC000005368516_1
0.365732 0.579093 0.579093 0.579479 ZINC000005375234
0.205577 0.224708 0.224708 0.224107 ZINC000005377859
0.343035 0.237657 0.237657 0.23961 ZINC000005392875
0.648912 0.172833 0.172833 0.17417 ZINC000005398141_2
0.420836 0.422616 0.422616 0.422599 ZINC000005409176
0.54639 0.543778 0.543778 0.544272 ZINC000005422896
0.298499 0.221747 0.221747 0.222244 ZINC000005482225
1.28006 0.369723 0.369723 0.353566 ZINC000005495750
0.3255 0.422744 0.422744 0.421921 ZINC000005496263_1
0.0687732 0.069792 0.069792 0.0691764 ZINC000005496347_1
0.300079 0.179263 0.179263 0.181484 ZINC000005496377_1
0.339419 0.247632 0.247632 0.2422 ZINC000005514950
0.227162 0.565963 0.565963 0.567809 ZINC000005551296_1
0.288813 0.35897 0.35897 0.369475 ZINC000005551296n
0.152865 0.148154 0.148154 0.147152 ZINC000005551296n_1
0.448533 0.450047 0.450047 0.449608 ZINC000005566939
0.211675 0.273976 0.273976 0.180656 ZINC000005572792
0.323328 0.123452 0.123452 0.123611 ZINC000005583033_1
0.203856 0.24478 0.24478 0.245209 ZINC000005583033_1_1
0.609912 0.541654 0.541654 0.540224 ZINC000005600318n
0.186049 0.241719 0.241719 0.243791 ZINC000005659883
1.05235 0.379117 0.379117 0.378032 ZINC000005684049
0.22379 0.273683 0.273683 0.260734 ZINC000005741199
0.0669841 0.0426474 0.0426474 0.0432242 ZINC000005742670_1
0.608134 0.471142 0.471142 0.477369 ZINC000005760696
0.296671 0.114813 0.114813 0.114583 ZINC000005760696_1
0.222182 0.0968881 0.0968881 0.0971458 ZINC000005773132_1
0.12875 0.0893436 0.0893436 0.086269 ZINC000005928269_2
0.375989 0.379351 0.379351 0.377706 ZINC000005928269n
0.175318 0.179736 0.179736 0.18781 ZINC000005932712
0.214239 0.188627 0.188627 0.186606 ZINC000005939868
0.296491 0.316596 0.316596 0.316544 ZINC000005939868_1
0.404074 0.403816 0.403816 0.409939 ZINC000005986331
0.73406 0.301569 0.301569 0.30988 ZINC000005997783
0.267898 0.0808036 0.0808036 0.0815046 ZINC000006069105
0.240298 0.342285 0.342285 0.342738 ZINC000006158590
0.0868887 0.0655467 0.0655467 0.0655467 ZINC000006361500
0.191401 0.120258 0.120258 0.120806 ZINC000006420595
0.21394 0.164099 0.153722 0.153982 ZINC000006448831_1
0.435739 0.324857 0.324857 0.307789 ZINC000006504156
0.331889 0.414254 0.414254 0.411336 ZINC000006566832_1
0.131515 0.160016 0.160016 0.172924 ZINC000006672310
0.170095 0.145922 0.145922 0.141879 ZINC000006815534
0.484902 0.328643 0.328643 0.328143 ZINC000007141472
0.0984824 0.0894802 0.0894802 0.0875347 ZINC000007778791
0.534442 0.360886 0.360886 0.361175 ZINC000008100974
0.386453 0.242207 0.242207 0.232459 ZINC000008299379
0.217937 0.176716 0.176716 0.171899 ZINC000008413630
0.38005 0.322291 0.322291 0.321616 ZINC000008413630_1
0.401489 0.412782 0.412782 0.411817 ZINC000008575676
0.327861 0.0992795 0.0992795 0.0978589 ZINC000008616088
0.294623 0.297637 0.297637 0.297525 ZINC000008618569
1.13984 0.222413 0.222413 0.234323 ZINC000008731869
0.399463 0.169981 0.169981 0.263724 ZINC000008731869n
0.0663264 0.0720636 0.0720636 0.0628803 ZINC000008755350
0.0904375 0.0768527 0.0768527 0.0782147 ZINC000009954092_1
0.405893 0.256424 0.256424 0.253873 ZINC000011567736
0.334356 0.238735 0.238735 0.247007 ZINC000011567736n
0.222254 0.452508 0.452508 0.452383 ZINC000011597105n
0.514436 0.253461 0.253461 0.253141 ZINC000011631704n
0.172675 0.126989 0.126989 0.124776 ZINC000011848828
0.443041 0.500335 0.500335 0.463672 ZINC000011848828n
0.580052 0.576735 0.576735 0.577097 ZINC000011867375
0.472507 0.384347 0.384347 0.377028 ZINC000011920335
0.188056 0.197139 0.197139 0.196902 ZINC000012153222
0.234575 0.220789 0.220789 0.220396 ZINC000012359370
0.184315 0.209926 0.209926 0.208683 ZINC000012360535n
0.290121 0.144756 0.144756 0.151839 ZINC000012394573
0.101499 0.314023 0.314023 0.314844 ZINC000012394573n
0.389322 0.392886 0.392886 0.38742 ZINC000012416954
0.181128 0.193804 0.193804 0.19612 ZINC000012433147
0.410569 0.327928 0.327928 0.320542 ZINC000012446871
0.312172 0.453547 0.453547 0.454078 ZINC000012504937
0.0287298 0.0285708 0.0285708 0.0283897 ZINC000012603478
0.449439 0.339973 0.339973 0.24047 ZINC000012650823_1
0.162355 0.134072 0.134072 0.134251 ZINC000013209422
0.385958 0.312362 0.327658 0.31056 ZINC000013228217
0.174467 0.184652 0.184652 0.183442 ZINC000013284845n
0.282196 0.210952 0.160706 0.161116 ZINC000013284968n
0.170577 0.177338 0.177338 0.171495 ZINC000013437802
0.322112 0.28668 0.28668 0.279485 ZINC000013525814
0.749942 0.695929 0.695929 0.680498 ZINC000013573731
0.152333 0.150778 0.150778 0.150504 ZINC000013637396
0.50081 0.317389 0.317389 0.32214 ZINC000013653875
0.347102 0.387441 0.387441 0.38367 ZINC000013653875n
0.177309 0.220273 0.220273 0.189613 ZINC000013858485
0.359928 0.301084 0.301084 0.300291 ZINC000013997957_1
0.192245 0.0934317 0.0934317 0.0931404 ZINC000014988034
0.431503 0.0965697 0.0965697 0.0953005 ZINC000015444386
0.508611 0.335454 0.335454 0.335019 ZINC000015864704
0.358126 0.369679 0.369679 0.363679 ZINC000016159453
0.28827 0.0876321 0.0876321 0.0901953 ZINC000016954046_1
0.465017 0.272719 0.339569 0.316636 ZINC000017025509
0.481532 0.484185 0.484185 0.484194 ZINC000017107912_1
0.200226 0.254947 0.254947 0.25522 ZINC000017126154
0.446577 0.225011 0.225011 0.22564 ZINC000017142425_1
0.175818 0.118371 0.118371 0.118645 ZINC000017191210
0.557261 0.331592 0.331592 0.331264 ZINC000017299419
0.0589438 0.0680203 0.0680203 0.0687135 ZINC000018208791
0.147373 0.157841 0.157841 0.157841 ZINC000018323561
0.333072 0.282893 0.282893 0.327301 ZINC000019091590
0.337402 0.290651 0.268374 0.293607 ZINC000019319542
0.121467 0.15094 0.15094 0.150935 ZINC000019325717_2
0.418201 0.145577 0.125287 0.123436 ZINC000019329234
1.01702 0.356602 0.356602 0.36265 ZINC000019345434
0.281253 0.277264 0.277264 0.209364 ZINC000019390946
0.721626 0.434035 0.434035 0.512613 ZINC000019470639
0.188199 0.279885 0.279885 0.257891 ZINC000019504940
0.496939 0.469777 0.469777 0.471777 ZINC000019754878
0.169263 0.164784 0.164784 0.163965 ZINC000019770046n
0.321747 0.293153 0.293153 0.29413 ZINC000019801200_1
0.323753 0.307748 0.307748 0.308115 ZINC000019831265_1
0.104811 0.0935677 0.0935677 0.0941452 ZINC000019865660
0.55045 0.169425 0.169425 0.169689 ZINC000019909419
0.477262 0.208772 0.208772 0.208754 ZINC000019947314_1
0.522581 0.411252 0.411252 0.411164 ZINC000020113932n
0.472323 0.112134 0.112134 0.115743 ZINC000020281466
0.320912 0.415444 0.415444 0.415457 ZINC000020282640_1
0.101045 0.073902 0.073902 0.0749891 ZINC000020286599
0.28149 0.287505 0.287505 0.265086 ZINC000020354504
0.152394 0.171926 0.171926 0.174862 ZINC000020380764n
0.551792 0.161452 0.161452 0.159753 ZINC000020440507
0.296702 0.286417 0.286417 0.287939 ZINC000020445716
0.519112 0.172569 0.172569 0.174227 ZINC000020534067
0.0777595 0.0767273 0.0767273 0.0771343 ZINC000020534579_1
0.467546 0.466556 0.466556 0.466605 ZINC000020581282_1
0.0871233 0.0535508 0.0535508 0.0549179 ZINC000020720251_1
0.265152 0.259631 0.259631 0.294635 ZINC000020973650n
0.348548 0.407846 0.407846 0.3389 ZINC000021297338
1.07736 0.123431 0.123431 0.114192 ZINC000021949999
0.454758 0.429941 0.429941 0.335214 ZINC000021949999n
0.101327 0.082812 0.082812 0.0833989 ZINC000021953421
0.348135 0.128961 0.128961 0.12805 ZINC000021953421_2
0.466553 0.529557 0.529557 0.526905 ZINC000021985153n
0.137722 0.167733 0.167733 0.164705 ZINC000022015856
0.145076 0.136653 0.136653 0.136223 ZINC000022055084
0.190208 0.225336 0.225336 0.212125 ZINC000022115648n
0.822103 0.606304 0.606304 0.611436 ZINC000022788807n
0.857364 0.537477 0.537477 0.543097 ZINC000023066147
0.279205 0.401181 0.401181 0.294921 ZINC000023066147_1
0.358341 0.403372 0.403372 0.404079 ZINC000023070350
0.281371 0.360521 0.360521 0.360521 ZINC000023070350_1
0.322096 0.274953 0.274953 0.279067 ZINC000025336397
0.33631 0.298669 0.245291 0.248429 ZINC000025757901n
0.510678 0.504752 0.504752 0.503267 ZINC000026422980n
0.226424 0.278706 0.278706 0.216632 ZINC000026502377
0.565647 0.565636 0.565636 0.532352 ZINC000026742018
0.211165 0.213352 0.213352 0.213722 ZINC000026895446
0.0667677 0.151056 0.151056 0.150827 ZINC000026898894
0.261119 0.0775528 0.0775528 0.0776146 ZINC000028294478
0.287132 0.156395 0.156395 0.153239 ZINC000028873866
0.113699 0.146693 0.146693 0.133923 ZINC000028873866_2
0.235308 0.202995 0.202995 0.201473 ZINC000031819861
0.0775499 0.0689126 0.0689126 0.0689126 ZINC000032099445
0.098602 0.11999 0.11999 0.120378 ZINC000032182542
0.209821 0.0898434 0.0898434 0.0905974 ZINC000032208683
0.262926 0.228842 0.228842 0.220828 ZINC000032501004
0.351771 0.311992 0.309487 0.309572 ZINC000032629462n
0.775737 0.410154 0.410154 0.412093 ZINC000032650373
0.237883 0.23769 0.23769 0.238851 ZINC000032919481_2
0.317737 0.19885 0.19885 0.200487 ZINC000033374122
0.140257 0.555141 0.555141 0.582099 ZINC000033487145
0.207416 0.0997304 0.0997304 0.100194 ZINC000033755328
0.527731 0.474708 0.474708 0.472952 ZINC000033779816
0.620938 0.308856 0.308856 0.30913 ZINC000033855254_2
0.306831 0.237438 0.237438 0.237908 ZINC000034183726
0.427982 0.309776 0.309776 0.317645 ZINC000034235494
0.116047 0.104634 0.104634 0.10669 ZINC000034278388
0.50674 0.507597 0.507597 0.506073 ZINC000034290676_1
0.55085 0.373986 0.373986 0.388278 ZINC000034380900
0.395066 0.293575 0.30094 0.298509 ZINC000034380901
0.455006 0.459599 0.459599 0.459418 ZINC000034407239
0.0630479 0.0420723 0.0420723 0.0409938 ZINC000034490455
0.112918 0.0602367 0.0602367 0.059088 ZINC000034555277
0.686384 0.248084 0.248084 0.245813 ZINC000034571268_1
0.0914292 0.0861179 0.0861179 0.11643 ZINC000034618206_1
0.3143 0.355716 0.355716 0.378864 ZINC000034771056
0.407388 0.382612 0.382612 0.402161 ZINC000035458091
0.274122 0.310356 0.310356 0.311187 ZINC000035570805
0.557655 0.379551 0.379551 0.378928 ZINC000035570805_1
0.207807 0.221558 0.221558 0.220525 ZINC000035644930
0.228299 0.217408 0.217408 0.216296 ZINC000035644930n
0.0590819 0.0590818 0.0590818 0.0590818 ZINC000035731136
0.420712 0.199482 0.199482 0.192535 ZINC000035970936
0.399133 0.317872 0.317872 0.318667 ZINC000036140943n
0.160479 0.127512 0.127512 0.126455 ZINC000036222630_1
0.491997 0.489945 0.489945 0.490055 ZINC000036472809
0.0624138 0.0583394 0.0583394 0.0588019 ZINC000036533315
0.458724 0.460057 0.45875 0.459224 ZINC000036722181_1
0.399011 0.579521 0.579521 0.5792 ZINC000037180282
0.233244 0.276095 0.276095 0.276907 ZINC000037240057_1
0.353243 0.509016 0.509016 0.390206 ZINC000037408014
0.339708 0.291555 0.291555 0.299146 ZINC000037439210
0.129211 0.171375 0.171375 0.171605 ZINC000037439210n
0.491992 0.74786 0.74786 1.00775 ZINC000037730507
0.601166 0.715639 0.715639 0.742222 ZINC000038063705
0.175049 0.107571 0.107571 0.117213 ZINC000038124736
0.286908 0.102002 0.102002 0.103255 ZINC000038124736n
0.312858 0.352464 0.352464 0.086291 ZINC000038124736n_1
0.0829556 0.32553 0.32553 0.324424 ZINC000038391975
0.425285 0.525734 0.525734 0.527635 ZINC000038583212
0.428897 0.306131 0.306131 0.307241 ZINC000039101372
0.150689 0.210395 0.210395 0.211386 ZINC000039113424n_2
0.454293 0.464967 0.464967 0.464861 ZINC000039119147_1
0.104855 0.105257 0.105257 0.102506 ZINC000039148328
0.309451 0.316748 0.316748 0.316013 ZINC000039243736
0.316529 0.5494 0.146017 0.123886 ZINC000039253580
0.193617 0.144746 0.144746 0.142341 ZINC000039254274
0.256998 0.351697 0.287424 0.272911 ZINC000039269407n
0.287876 0.172952 0.172952 0.173048 ZINC000039279376_1
0.330742 0.155869 0.155869 0.156999 ZINC000039339470
0.239496 0.256282 0.256282 0.252433 ZINC000039339470n
0.569538 0.0597473 0.0597473 0.0595066 ZINC000039369942
0.0765218 0.0806317 0.0812595 0.0831056 ZINC000040448357
0.287349 0.271419 0.271419 0.270174 ZINC000040539044
0.133576 0.139106 0.139106 0.1342 ZINC000041671393
0.175585 0.16957 0.16957 0.170029 ZINC000041701782n
0.576889 0.323418 0.323418 0.315805 ZINC000042783320
0.177626 0.150846 0.150846 0.151914 ZINC000043198885
0.507564 0.453111 0.453111 0.45336 ZINC000043199025
0.280709 0.291458 0.291458 0.290977 ZINC000043199025_1
0.115439 0.124223 0.12689 0.123524 ZINC000043761817
0.402969 0.411711 0.411711 0.412864 ZINC000043763293
0.374526 0.353747 0.353747 0.354245 ZINC000044082570
0.165972 0.11544 0.11544 0.11548 ZINC000044082668
0.101456 0.0817219 0.0817219 0.0830689 ZINC000044119062
0.168356 0.186494 0.186494 0.18249 ZINC000044138759
0.328537 0.148986 0.148986 0.159736 ZINC000044138759n
0.173714 0.134064 0.134064 0.133195 ZINC000044396420n
0.218692 0.475903 0.475903 0.475819 ZINC000044787391_1
0.490259 0.184247 0.184247 0.186436 ZINC000044831084
0.398838 0.531106 0.531106 0.53113 ZINC000045027560
0.126563 0.158973 0.158973 0.161782 ZINC000045028047n
0.143495 0.141636 0.141636 0.138324 ZINC000045238423
0.807805 1.00683 1.00683 1.056 ZINC000045918651
0.129193 0.148657 0.148657 0.138589 ZINC000047476143
0.180348 0.104568 0.104568 0.104509 ZINC000047476143n
0.0610107 0.0610106 0.0610106 0.0610106 ZINC000047912995n
0.332955 0.322555 0.322555 0.298368 ZINC000050330894
0.0678017 0.0614461 0.0614461 0.0637459 ZINC000052842060
0.103899 0.130221 0.130221 0.133807 ZINC000053994765
0.108538 0.0710836 0.0710836 0.0714844 ZINC000055167591
0.29251 0.590286 0.590286 0.597539 ZINC000057347165
0.368521 0.365989 0.365989 0.366228 ZINC000057352171_1
0.202431 0.12804 0.12804 0.130798 ZINC000057382550
0.855173 0.331487 0.331487 0.320984 ZINC000057490024
0.187733 0.178411 0.178411 0.178077 ZINC000057490024n_1
0.300477 0.267054 0.267054 0.267054 ZINC000057490024_S_1
0.696051 0.465271 0.465271 0.463621 ZINC000057935980_1
0.0672919 0.0648891 0.0648891 0.064999 ZINC000059549875_1
0.152211 0.165553 0.165553 0.124323 ZINC000059778361
0.723514 0.447374 0.348987 0.417164 ZINC000060534201
0.204388 0.235721 0.235721 0.235721 ZINC000061916723_1
0.212153 0.0782345 0.0782345 0.079719 ZINC000062152173
0.0980754 0.0814577 0.0814577 0.0819172 ZINC000062716671n
0.212247 0.221182 0.221182 0.217694 ZINC000064542464_1
0.485779 0.418915 0.418915 0.416461 ZINC000064551368
0.290549 0.28932 0.28932 0.290965 ZINC000065504158
0.144908 0.202845 0.202845 0.202918 ZINC000066091421
0.298729 0.101179 0.101179 0.101815 ZINC000066346333n
0.129982 0.0750009 0.0750009 0.0714541 ZINC000066347747
0.462038 0.359935 0.366336 0.366158 ZINC000067321260_1
0.209929 0.311319 0.311319 0.311228 ZINC000067801367
0.393117 0.186735 0.186735 0.191423 ZINC000067802530
0.274534 0.335574 0.335574 0.339044 ZINC000068568666
0.530636 0.283695 0.283695 0.282621 ZINC000068575131
0.34515 0.325296 0.325296 0.32519 ZINC000068575710
0.19162 0.350618 0.350618 0.351951 ZINC000068575710n
0.308834 0.312498 0.312498 0.308982 ZINC000068585096n
0.203136 0.219513 0.219513 0.215847 ZINC000068587490
0.305318 0.227349 0.227349 0.226218 ZINC000068939485n
0.130443 0.0994056 0.0994056 0.0976401 ZINC000069022235
0.507852 0.498795 0.498795 0.49873 ZINC000069512662_1
0.743246 0.502881 0.502881 0.502623 ZINC000069853220
0.0620917 0.0632723 0.0632723 0.0642303 ZINC000069853220_1
0.827163 0.349135 0.400622 0.394518 ZINC000070026049
0.478156 0.405967 0.405967 0.405689 ZINC000070588021n
0.485001 0.322532 0.322532 0.321901 ZINC000070632654
0.135555 0.317894 0.317894 0.317978 ZINC000070651956_1
0.460235 0.457176 0.457176 0.144592 ZINC000070652606
0.902881 0.535725 0.535725 0.533551 ZINC000070946819
0.0969802 0.266641 0.266641 0.265537 ZINC000071024820n
0.185733 0.30056 0.30056 0.250563 ZINC000071773137
0.367319 0.167061 0.167061 0.16972 ZINC000071774179
0.463475 0.308231 0.308231 0.306883 ZINC000071774375
0.326281 0.296461 0.296461 0.297126 ZINC000071785282
0.213973 0.304972 0.304972 0.305286 ZINC000071785887
0.393855 0.387822 0.387822 0.384459 ZINC000071786113
0.0531123 0.0531123 0.0531123 0.0531123 ZINC000071789018
0.466072 0.3646 0.3646 0.368038 ZINC000071790874
0.294685 0.367458 0.367458 0.382022 ZINC000071790874n
0.46612 0.456503 0.456503 0.457009 ZINC000071790874n_1
1.00515 0.470409 0.470409 0.471685 ZINC000071790930
0.579956 0.544141 0.544141 0.544183 ZINC000071790930_1
0.406804 0.460023 0.460023 0.46235 ZINC000072166870
0.122262 0.122229 0.122229 0.122229 ZINC000072187465
0.382605 0.487278 0.796593 0.803011 ZINC000072187569n
0.273976 0.680423 0.680423 0.681759 ZINC000072187607
0.045535 0.0471688 0.0471688 0.0454326 ZINC000072194352
0.533081 0.428037 0.428037 0.426934 ZINC000072207075n
0.163194 0.402735 0.402735 0.399851 ZINC000072207083
0.533847 0.515342 0.515342 0.514938 ZINC000072209750
0.779709 0.224257 0.224257 0.221051 ZINC000072217047n
0.278166 0.249563 0.249563 0.258972 ZINC000072218302
0.178148 0.32419 0.32419 0.297067 ZINC000072221648
0.0805922 0.0883747 0.0883747 0.0891658 ZINC000072226725n
0.215132 0.349912 0.349912 0.349755 ZINC000072266664
0.476733 0.819898 0.819898 0.323666 ZINC000072344521_2
0.0841711 0.0834656 0.0834656 0.0834021 ZINC000074340288
0.483722 0.377108 0.377108 0.37576 ZINC000074343229n
0.344554 0.407105 0.407105 0.402677 ZINC000075125171
0.226272 0.177081 0.177081 0.243177 ZINC000075139672_2
0.241328 0.201211 0.201211 0.178163 ZINC000075271158
0.442663 0.427431 0.427431 0.426139 ZINC000075271158_1
0.148841 0.15745 0.15745 0.157656 ZINC000075545592
0.100522 0.259104 0.164967 0.141956 ZINC000075566870
0.391949 0.390561 0.390561 0.390396 ZINC000075848010
0.236671 0.331769 0.331769 0.339651 ZINC000076095351
0.209886 0.385434 0.385434 0.385508 ZINC000076644560_2
0.179264 0.228839 0.228839 0.228342 ZINC000077010503
0.117266 0.135977 0.135977 0.134871 ZINC000077302714
0.856748 0.590866 0.590866 0.590885 ZINC000078298681
0.103779 0.0832926 0.0832926 0.083779 ZINC000078753390_1
0.168687 0.121611 0.121611 0.15157 ZINC000079108092
0.0589606 0.131289 0.131289 0.130906 ZINC000081973484
0.326204 0.29081 0.29081 0.291722 ZINC000082014634_1
0.0964953 0.190138 0.190138 0.189801 ZINC000082014634n_1
0.121064 0.113895 0.113895 0.109661 ZINC000082160261
0.664871 0.484065 0.484065 0.48377 ZINC000082164659n
0.232879 0.151719 0.151719 0.147299 ZINC000082297207_1
0.338044 0.297276 0.297276 0.329781 ZINC000082382093
0.403399 0.226979 0.226979 0.229046 ZINC000082382093_1
0.60323 0.619312 0.619312 0.546824 ZINC000082524035
0.374043 0.214312 0.214312 0.222216 ZINC000082529551
0.729799 0.775732 0.775732 0.775732 ZINC000082754623
0.161271 0.202624 0.202624 0.203717 ZINC000082754623n
0.463607 0.476154 0.476154 0.476253 ZINC000082843389n
0.629677 0.177907 0.177907 0.167653 ZINC000082850201
0.13042 0.173374 0.173374 0.173374 ZINC000082852970_2
1.21945 0.0611153 0.0611153 0.061235 ZINC000082854049
0.126911 0.170999 0.170999 0.170996 ZINC000082854049n
0.115936 0.214514 0.214514 0.260644 ZINC000082863074
0.0509223 0.0633839 0.0633839 0.0647636 ZINC000082873171
0.311519 0.389238 0.389238 0.391561 ZINC000083119752
0.415679 0.465501 0.431975 0.377018 ZINC000083119813
0.307756 0.600526 0.600526 0.594465 ZINC000083119813n
0.35708 0.185606 1.05219 1.05346 ZINC000083143604
0.490126 0.106584 0.106584 0.106524 ZINC000083962875_1
0.750386 0.711508 0.711508 0.711755 ZINC000084006867
0.251654 0.190783 0.190783 0.2015 ZINC000084136482
0.129626 0.123211 0.123211 0.123959 ZINC000084136867
0.603685 0.414177 0.414177 0.413955 ZINC000084248954_1
0.348575 0.152876 0.152876 0.152919 ZINC000084312142
0.502411 0.158533 0.158533 0.157098 ZINC000084328152n
0.263333 0.230513 0.230513 0.227868 ZINC000084427096n
0.598366 0.174499 0.174499 0.174482 ZINC000084427659n
0.396011 0.0874843 0.0874843 0.0872434 ZINC000084427659n_1
0.341449 0.261205 0.261205 0.263811 ZINC000085221591
0.183109 0.275172 0.275172 0.273452 ZINC000085305378
0.14723 0.139941 0.139941 0.140936 ZINC000085385949
0.32919 0.404353 0.404353 0.403675 ZINC000085396530
0.173589 0.259846 0.259846 0.253219 ZINC000085399318_1
0.906599 0.282289 0.282289 0.282365 ZINC000085432594_1
0.40243 0.0710963 0.0710963 0.0710362 ZINC000086258441_2
0.285863 0.267454 0.267454 0.258317 ZINC000086552749
0.215507 0.215546 0.215546 0.214195 ZINC000086928398
0.0781502 0.0725975 0.0725975 0.073699 ZINC000087493377
0.24021 0.26507 0.26507 0.260635 ZINC000088038280
0.295425 0.312389 0.312389 0.311054 ZINC000088190282
0.358838 0.293588 0.293588 0.293607 ZINC000088611474
0.239108 0.284378 0.284378 0.283588 ZINC000088832258
0.359062 0.306147 0.306147 0.307715 ZINC000089224378
0.16995 0.204915 0.204915 0.179098 ZINC000090225739n
0.250108 0.222596 0.222596 0.250328 ZINC000090394393n
0.413354 0.577268 0.577268 0.572033 ZINC000090397518n
0.444428 0.356093 0.356093 0.362104 ZINC000091305407n
0.895125 0.150069 0.150069 0.144704 ZINC000091368638
0.554241 0.121215 0.121215 0.120077 ZINC000091368638n
0.528978 0.268038 0.268038 0.267682 ZINC000091692747n
0.177703 0.305481 0.334832 0.330116 ZINC000095097405
0.200381 0.194238 0.194238 0.19392 ZINC000095097605n
0.689089 0.286201 0.286201 0.286526 ZINC000095496188_1
0.722793 0.109669 0.109669 0.107155 ZINC000095496188_2
0.567074 0.470625 0.470625 0.469819 ZINC000095496188_3
0.450374 0.443957 0.443957 0.443321 ZINC000095496188n
0.0594528 0.106169 0.106169 0.106441 ZINC000095611857_1
0.468489 0.218921 0.218921 0.217322 ZINC000095630518
0.311798 0.311544 0.311544 0.311544 ZINC000095642801
0.0913153 0.0914768 0.0914768 0.0914768 ZINC000095642801n
0.216221 0.151887 0.151887 0.152096 ZINC000095704697
0.278395 0.210617 0.210617 0.199522 ZINC000095707968
0.074512 0.107072 0.107072 0.106955 ZINC000095707968_1
0.41241 0.413187 0.413187 0.413353 ZINC000095742647n
0.146254 0.135159 0.135159 0.135402 ZINC000096027941
0.0910618 0.0737905 0.0737905 0.0740465 ZINC000096028449
0.317969 0.301572 0.301572 0.299796 ZINC000096034703n
0.116422 0.20305 0.20305 0.202405 ZINC000096076997_1
0.124425 0.162635 0.162635 0.174583 ZINC000096508949
0.398126 0.164923 0.164923 0.164618 ZINC000096509569
0.38875 0.386488 0.386488 0.385833 ZINC000096509814_1
0.159747 0.180317 0.180317 0.179699 ZINC000096509858
0.0431293 0.0431292 0.0431292 0.0431292 ZINC000098074346_1
0.338841 0.197443 0.197443 0.19524 ZINC000098086437
0.502028 0.643427 0.643427 0.623203 ZINC000098095701
0.296526 0.248371 0.248371 0.259042 ZINC000098175197n
0.0414149 0.0409216 0.0409216 0.0406082 ZINC000098209721
0.0521997 0.0327216 0.0327216 0.0327905 ZINC000098209721_1
0.175983 0.252679 0.252679 0.252792 ZINC000098209803
0.346511 0.146374 0.146374 0.148273 ZINC000098210295
0.384851 0.380529 0.380529 0.381919 ZINC000098211098_1
0.0951643 0.0511181 0.0511181 0.0510105 ZINC000098213460
0.431176 0.210524 0.210524 0.201504 ZINC000100017698
0.426907 0.410609 0.410609 0.410636 ZINC000100024675n_2
0.165809 0.157555 0.176732 0.179207 ZINC000100028601
0.435044 0.171717 0.171717 0.166566 ZINC000100068718
1.82105 0.254791 0.254791 0.254763 ZINC000100116164
0.379258 0.090298 0.090298 0.0952352 ZINC000100269068
0.142679 0.122452 0.122452 0.122262 ZINC000100294673n
0.856381 0.19979 0.239964 0.237387 ZINC000100740740
1.10891 0.26589 0.26589 0.266328 ZINC000101036545
0.0410416 0.0482796 0.0482796 0.0480337 ZINC000101315751n
0.163019 0.087422 0.087422 0.0776692 ZINC000101528567
0.201885 0.175182 0.175182 0.184478 ZINC000104105974
0.0603573 0.0644312 0.0644312 0.0660592 ZINC000104506070
0.412813 0.446065 0.446065 0.441806 ZINC000107120543n_1
0.415657 0.387352 0.387352 0.382742 ZINC000107121073n
0.0582372 0.0711007 0.0711007 0.074657 ZINC000107256565
0.0971832 0.208455 0.208455 0.210668 ZINC000107275006_1
0.0740616 0.0422789 0.0422789 0.0441451 ZINC000107277083
0.568217 0.442191 0.442191 0.445096 ZINC000107415772n
0.256961 0.356292 0.356292 0.355315 ZINC000108264175_1
0.451333 0.445513 0.445513 0.445797 ZINC000108291988n_1
0.159847 0.201048 0.201048 0.201048 ZINC000113897606n
0.0832279 0.0750727 0.0750727 0.07558 ZINC000114969901
0.129642 0.278755 0.278755 0.276228 ZINC000115416606
0.060386 0.046571 0.046571 0.046571 ZINC000115999507
0.137812 0.146856 0.146856 0.156238 ZINC000116336391n
0.404555 0.191268 0.191268 0.190441 ZINC000116666992
0.0868016 0.0510915 0.0510915 0.0512007 ZINC000116666992_1
0.672431 0.449659 0.449659 0.367165 ZINC000117538082n
0.313623 0.33049 0.33049 0.332299 ZINC000129454406
0.26176 0.274317 0.274317 0.264174 ZINC000129454406n
0.977432 0.286274 0.286274 0.28942 ZINC000129511187
0.3139 0.295972 0.295972 0.295284 ZINC000133452480_1
0.303057 0.208783 0.208783 0.204015 ZINC000134682048
0.395014 0.305202 0.305202 0.305202 ZINC000138936765_1
0.587727 0.115267 0.115267 0.114323 ZINC000142115061
0.62206 0.264371 0.278092 0.275722 ZINC000142747837
0.338387 0.238515 0.238515 0.229597 ZINC000142834635
0.22001 0.116961 0.116961 0.117351 ZINC000143190822
0.341387 0.349134 0.349134 0.348724 ZINC000144525278
0.248452 0.343967 0.343967 0.347932 ZINC000146516494
0.168773 0.170365 0.170365 0.168713 ZINC000146653324
0.230359 0.487245 0.487245 0.485503 ZINC000146653324n
0.0729122 0.0742708 0.0742708 0.0736552 ZINC000146884723
0.462335 0.142804 0.142804 0.143277 ZINC000148931276n
0.235514 0.214067 0.214067 0.213025 ZINC000149842689
0.22053 0.378812 0.378812 0.379406 ZINC000159711379
0.354059 0.354007 0.354007 0.354007 ZINC000161025364
0.751876 0.170118 0.170118 0.161876 ZINC000162265548
0.19 0.233072 0.233072 0.235105 ZINC000169269125
0.200952 0.178178 0.178178 0.17405 ZINC000169793051
0.218193 0.118516 0.118516 0.118296 ZINC000169798718
0.234291 0.224316 0.224316 0.22128 ZINC000169801813
0.221346 0.161346 0.161346 0.167597 ZINC000170620388
0.0787576 0.0555151 0.0555151 0.0555558 ZINC000172999540
0.390931 0.309005 0.309005 0.309004 ZINC000192634351n_1
0.536381 0.265613 0.265613 0.266271 ZINC000199778862
0.0729153 0.0696154 0.0696154 0.0691523 ZINC000200693560n
0.545692 0.469196 0.469196 0.469754 ZINC000204957972
0.288602 0.269378 0.269378 0.271555 ZINC000204993205
0.455523 0.248215 0.248215 0.248515 ZINC000205331240_1
0.0938133 0.122731 0.122731 0.122732 ZINC000205392892
0.252437 0.1739 0.1739 0.20554 ZINC000205684851
0.379751 0.324452 0.324452 0.295949 ZINC000211404173
1.02007 0.320614 0.320614 0.338805 ZINC000211577168
0.866403 0.222241 0.222241 0.225381 ZINC000211577168n
0.0780966 0.0832204 0.0832204 0.0844514 ZINC000217471846
0.119719 0.0708993 0.0708993 0.0689541 ZINC000217640949
0.219019 0.335699 0.335699 0.335757 ZINC000217677017
0.489729 0.159915 0.159915 0.159829 ZINC000217735676
0.512316 0.13735 0.13735 0.136279 ZINC000217735676_1
0.339553 0.312541 0.312541 0.302693 ZINC000217753978
0.18481 0.2262 0.2262 0.229352 ZINC000218264002
0.229082 0.165101 0.165101 0.167858 ZINC000218696287
0.162184 0.118664 0.118664 0.118604 ZINC000218696287_1
0.237349 0.288897 0.288897 0.289258 ZINC000218775522
0.168278 0.139044 0.139044 0.140464 ZINC000218775522n
0.425145 0.203399 0.203399 0.198805 ZINC000218849955
0.136798 0.91069 0.91069 0.911946 ZINC000219308735_2
0.463463 0.378372 0.378372 0.372854 ZINC000221683085
0.156853 0.138875 0.138875 0.139101 ZINC000222830259
0.342261 0.35271 0.35271 0.349115 ZINC000223780879
0.377036 0.403506 0.403506 0.408309 ZINC000225603590
0.260972 0.135624 0.135624 0.135624 ZINC000225603590_1
0.136023 0.163569 0.163569 0.16346 ZINC000225605614
0.356992 0.451319 0.451319 0.449736 ZINC000225711473_1
0.125115 0.159007 0.159007 0.136291 ZINC000225762071
0.504916 0.337188 0.337188 0.297777 ZINC000225762849n
0.551414 0.178035 0.178035 0.178316 ZINC000225796079
0.227662 0.235394 0.235394 0.235909 ZINC000225800418
0.236543 0.151858 0.151858 0.154066 ZINC000225803300n
0.988533 0.0909508 0.0909508 0.0909558 ZINC000236417523
0.226721 0.439726 0.439726 0.439856 ZINC000238007895_1
0.183388 0.142879 0.142879 0.175866 ZINC000238061978
0.222753 0.482069 0.482069 0.481287 ZINC000238327776n
0.540683 0.559889 0.559889 0.528541 ZINC000238634592
0.515353 0.215814 0.215814 0.216827 ZINC000238650504
0.0842185 0.0702677 0.0702677 0.0705198 ZINC000238720264
0.19318 0.191119 0.191119 0.19636 ZINC000238854917
0.594832 0.77447 0.77447 0.756586 ZINC000238855850
0.46584 0.356506 0.356506 0.352248 ZINC000238855850_1
0.63075 0.184153 0.184153 0.183913 ZINC000242688660
0.0879458 0.279901 0.279901 0.0983809 ZINC000245197901
0.190778 0.195634 0.195634 0.189917 ZINC000245226177
0.354453 0.358416 0.358416 0.361072 ZINC000247540611_1
0.481828 0.472846 0.472846 0.472739 ZINC000247703159
0.0984366 0.118742 0.118742 0.117155 ZINC000252613948
0.105336 0.29403 0.29403 0.290383 ZINC000252858916_1
0.257575 0.476464 0.482514 0.474406 ZINC000253536217
0.160169 0.230614 0.230614 0.228342 ZINC000253571556
0.336296 0.281305 0.281305 0.280721 ZINC000255004105
0.603396 0.418755 0.418755 0.417811 ZINC000256050440
0.2538 0.291911 0.291911 0.287199 ZINC000257178479
0.41958 0.398792 0.398792 0.398792 ZINC000257178479n
0.381277 0.385184 0.385184 0.36131 ZINC000257198246n
0.130305 0.127952 0.127952 0.131703 ZINC000257204204
0.327701 0.23303 0.23303 0.236624 ZINC000257280973
0.557986 0.839048 0.839048 0.839367 ZINC000257300663n
0.256286 0.184967 0.184967 0.188112 ZINC000257303349_1
0.393816 0.180212 0.180212 0.172893 ZINC000257319378_1
0.235826 0.224209 0.224209 0.226657 ZINC000257832977n
0.0980071 0.107966 0.107966 0.109297 ZINC000258004811
0.0659854 0.0979376 0.0979376 0.0979915 ZINC000258119260_1
0.305816 0.530249 0.530249 0.530129 ZINC000261506806
0.774716 0.466951 0.466951 0.468009 ZINC000261828108
0.590995 0.268549 0.268549 0.267734 ZINC000264762524_1
0.303139 0.422312 0.422312 0.422684 ZINC000270195797
0.377437 0.374561 0.374561 0.374817 ZINC000270195797_1
0.20461 0.223801 0.223801 0.226516 ZINC000272197666
0.27688 0.237485 0.237485 0.287082 ZINC000274729073_1
0.21905 0.268099 0.268099 0.271741 ZINC000277331664_1
0.351072 0.199663 0.199663 0.204801 ZINC000280592813_1
0.124216 0.117208 0.117208 0.120411 ZINC000284846973_1
0.207872 0.381535 0.381535 0.38222 ZINC000287678803_1
0.457234 0.261482 0.261482 0.263265 ZINC000294953765_1
0.507718 0.522651 0.522651 0.522651 ZINC000298772249_2
0.131465 0.167817 0.167817 0.169361 ZINC000299805293
0.207469 0.177878 0.177878 0.178681 ZINC000306141493_2
0.33539 0.344368 0.344368 0.340924 ZINC000306145937
0.554919 0.316116 0.316116 0.315082 ZINC000306153083
0.232874 0.237042 0.237042 0.262121 ZINC000306239711
0.313744 0.3809 0.3809 0.374434 ZINC000306400062
0.718651 0.102312 0.102312 0.101118 ZINC000306526315_2
0.133508 0.105886 0.105886 0.106124 ZINC000306634373
0.186101 0.27132 0.27132 0.267886 ZINC000306660947_1
0.231717 0.173351 0.173351 0.173662 ZINC000306693302
0.563701 0.367234 0.367234 0.368892 ZINC000306741534
0.489368 0.650996 0.650996 0.636106 ZINC000306741534_1
0.254912 0.33022 0.33022 0.329671 ZINC000306762107
0.524946 0.356654 0.356654 0.320269 ZINC000306780205
0.380128 0.395273 0.395273 0.395046 ZINC000306918522n
0.156387 0.337518 0.337518 0.337974 ZINC000307015894
0.433123 0.394213 0.394213 0.338554 ZINC000307137915
0.203984 0.265838 0.265838 0.265838 ZINC000307160738
0.563565 0.589913 0.589913 0.582858 ZINC000307192337
0.412209 0.383797 0.383797 0.388627 ZINC000307362067
0.192931 0.265715 0.265715 0.265562 ZINC000307479893_2
0.199454 0.190687 0.190687 0.184731 ZINC000307580839
0.48103 0.502232 0.502232 0.50227 ZINC000307580839_2
0.0866718 0.0920999 0.0920999 0.0916123 ZINC000307580839n_2
0.241268 0.219797 0.219797 0.220116 ZINC000307613969
0.317386 0.244994 0.23007 0.23017 ZINC000307613969n
0.36963 0.295909 0.295909 0.295909 ZINC000307677377
0.333123 0.342355 0.342355 0.342149 ZINC000307727016
0.474494 0.442951 0.442951 0.443543 ZINC000310527293_1
0.291654 0.303419 0.303419 0.303845 ZINC000328604392_1
0.837666 0.248963 0.248963 0.256579 ZINC000329147912
0.458173 0.452062 0.452062 0.452194 ZINC000329788101_1
0.698081 0.545368 0.545368 0.448071 ZINC000333664623
0.120895 0.110632 0.110632 0.110227 ZINC000333730288_1
0.61308 0.329493 0.486833 0.486516 ZINC000334156958_1
0.377759 0.0666097 0.0666097 0.0747392 ZINC000334157412
0.100338 0.112947 0.112947 0.116716 ZINC000334195160_1
0.266233 0.234985 0.234985 0.234424 ZINC000334205181_1
0.107778 0.122452 0.122452 0.121494 ZINC000334611015_1
0.331454 0.185879 0.185879 0.183832 ZINC000334695301_1
0.504515 0.0758334 0.0758334 0.0733177 ZINC000334728356_1
0.693772 0.297319 0.297319 0.29716 ZINC000335428347_1
0.499349 0.490723 0.487337 0.487688 ZINC000335583022_1
0.364588 0.409727 0.409727 0.409369 ZINC000335610283n_1
0.26531 0.266031 0.266031 0.266124 ZINC000335974015
0.282564 0.200804 0.200804 0.197767 ZINC000336031612_2
0.431599 0.34375 0.34375 0.345013 ZINC000336119607_1
0.524172 0.126426 0.126426 0.13128 ZINC000357685471n_1
0.0954488 0.0971237 0.0971237 0.097368 ZINC000357701784n_1
0.58444 0.676892 0.676892 0.876378 ZINC000359423569
0.365037 0.363141 0.363141 0.362138 ZINC000359708089_1
0.250173 0.175067 0.175067 0.174698 ZINC000390822805
0.164493 0.239642 0.239642 0.255941 ZINC000398900501_1
0.814505 0.398766 0.398766 0.403433 ZINC000404804913
0.517178 0.527923 0.527923 0.527923 ZINC000409419094
0.591324 0.535313 0.535313 0.536686 ZINC000409426569
0.290912 1.06204 1.06204 1.06615 ZINC000409428650
0.154317 0.210597 0.210597 0.209391 ZINC000409429719_1
0.246394 0.615731 0.615731 0.625624 ZINC000409430733
0.211074 0.195788 0.195788 0.202259 ZINC000409432792
0.159823 0.578062 0.578062 0.578191 ZINC000409436578_2
0.207911 0.487659 0.487659 0.487758 ZINC000409436745n
0.407627 0.409792 0.409792 0.410001 ZINC000409437169_1
0.292596 0.382026 0.382026 0.382064 ZINC000409437367
0.597166 0.179048 0.179048 0.179611 ZINC000409437748
0.517641 0.369873 0.324757 0.327058 ZINC000409440930
0.530696 0.481974 0.289997 0.40038 ZINC000414168612
0.322959 0.295985 0.295985 0.295953 ZINC000420254693n_1
0.465821 0.61152 0.61152 0.610157 ZINC000425228381
0.395477 0.575684 0.575684 0.570668 ZINC000425228381n
0.235472 0.178047 0.178047 0.178344 ZINC000440560791_1
0.720169 0.0783462 0.0783462 0.077922 ZINC000496607366_1
0.929259 0.57343 0.57343 0.573186 ZINC000496607366_1_2
0.574662 0.342974 0.342974 0.341837 ZINC000521398286
0.11129 0.0977493 0.0977493 0.0983474 ZINC000536555952_1
0.302142 0.662835 0.662835 0.663703 ZINC000575624118_1
0.115897 0.154161 0.154161 0.114724 ZINC000575624158
0.230698 0.257889 0.257889 0.275838 ZINC000575628976
0.242699 0.249459 0.249459 0.249515 ZINC000584787969n_1
0.0680213 0.0543596 0.0543596 0.0554877 ZINC000585138847n
0.292557 0.135369 0.135369 0.134516 ZINC000585139440n
0.365986 0.255248 0.255248 0.254757 ZINC000585144046
0.366596 0.355775 0.355775 0.355814 ZINC000585144046_1
0.114794 0.142901 0.200526 0.200202 ZINC000588225583
0.418211 0.164524 0.164524 0.164524 ZINC000594662464
0.700261 0.433824 0.433824 0.417326 ZINC000596133925
0.323089 0.0959964 0.0959964 0.0956982 ZINC000596133925_1
0.138218 0.247788 0.247788 0.246645 ZINC000596133925_2
0.373492 0.397056 0.397056 0.40579 ZINC000601014836n
0.529196 0.551277 0.382755 0.389205 ZINC000602993625n
0.165949 0.19068 0.19068 0.189475 ZINC000616575784
0.242897 0.258892 0.258892 0.16241 ZINC000618254154_1
0.522071 0.529618 0.529618 0.530468 ZINC000623243252
0.284196 0.441276 0.441276 0.441842 ZINC000623243252n
0.107523 0.113325 0.113325 0.113145 ZINC000624057466_1
0.180142 0.105112 0.105112 0.10642 ZINC000628371854
0.343542 0.340805 0.340805 0.340877 ZINC000630051514_1
0.154005 0.443964 0.443964 0.44201 ZINC000634583444
0.482061 0.430344 0.430344 0.426778 ZINC000634623204
0.768981 0.344608 0.344608 0.347814 ZINC000641602996
0.502939 0.531291 0.531291 0.529394 ZINC000641702143
0.846728 1.01152 1.01152 1.00746 ZINC000646628959
1.30083 0.296625 0.296625 0.296219 ZINC000647843470
0.193514 0.175718 0.175718 0.178041 ZINC000647870968_1
0.237839 0.236543 0.236543 0.233097 ZINC000649443256n
0.350524 0.272828 0.272828 0.27473 ZINC000650146167
0.510766 0.68749 0.68749 0.687293 ZINC000656400991
0.315851 0.27654 0.27654 0.274755 ZINC000656471822_1
0.165247 0.101354 0.101354 0.101119 ZINC000657011431
0.117848 0.0937935 0.0937935 0.0921941 ZINC000660579376_1
0.234432 0.227197 0.227197 0.225938 ZINC000663622744_1
0.337678 0.38454 0.38454 0.381616 ZINC000665722552_1
0.23981 0.0629403 0.0629403 0.0598847 ZINC000669372627n
0.134855 0.159939 0.159939 0.157665 ZINC000669374486
0.354459 0.374782 0.374782 0.371068 ZINC000677486681_1
0.661358 0.298847 0.298847 0.297031 ZINC000678468880_1
0.212008 0.134197 0.134197 0.138157 ZINC000685937492
0.312512 0.312764 0.312764 0.312025 ZINC000685938119
0.0587881 0.0781736 0.0781736 0.0809369 ZINC000685938364
0.0593018 0.0498297 0.0498297 0.100774 ZINC000685938364_1
0.392057 0.271224 0.271224 0.270698 ZINC000685939199
0.179597 0.136267 0.136267 0.136657 ZINC000685944133n
0.0944423 0.591326 0.591326 0.594177 ZINC000685944682
0.425038 0.321102 0.321102 0.32192 ZINC000685944721
0.136653 0.155924 0.155924 0.155947 ZINC000711921440_1
0.156555 0.151709 0.151709 0.151709 ZINC000712252383_2
0.214228 0.194489 0.194489 0.200746 ZINC000725244717
0.108957 0.0605559 0.0605559 0.0608097 ZINC000725272374n
0.532047 0.569133 0.569133 0.569273 ZINC000725361122n
0.700584 0.355491 0.355491 0.342907 ZINC000736809422n
0.204479 0.182648 0.182648 0.182253 ZINC000739207475n
0.357682 0.27034 0.27034 0.27001 ZINC000757213235_1
0.209363 0.101566 0.101566 0.104126 ZINC000757213235n_1
0.429652 0.255435 0.255435 0.254565 ZINC000757213653_2
0.171845 0.262774 0.262774 0.263413 ZINC000757213724_2
0.43036 0.521208 0.521208 0.508375 ZINC000757213845_2
0.098697 0.130727 0.130727 0.131128 ZINC000757215738_2
0.459905 0.423366 0.241281 0.239529 ZINC000767478079
0.330837 0.151178 0.151178 0.151757 ZINC000773145501
0.115993 0.142883 0.142883 0.140945 ZINC000799123402_1
0.271486 0.307443 0.307443 0.304657 ZINC000832070040n
0.485476 0.111825 0.111825 0.114036 ZINC000849918009
0.47606 0.616295 0.616295 0.614005 ZINC000864368537
0.497101 0.0461101 0.0461101 0.0461516 ZINC000866117130_1
0.247165 0.238852 0.238852 0.238645 ZINC000871958970_1
0.640925 0.23525 0.23525 0.251889 ZINC000884561238
0.496508 0.125435 0.125435 0.125476 ZINC000895249962_1
0.158879 0.141003 0.141003 0.14078 ZINC000895956485_2
0.457105 0.342615 0.342615 0.342714 ZINC000896333858_1
0.395404 0.390869 0.390869 0.39144 ZINC000896338174_1
0.130429 0.0693958 0.0693958 0.0697303 ZINC000899320368_2
0.280171 0.553778 0.553778 0.558426 ZINC000899322873_1
0.260335 0.258049 0.258049 0.25696 ZINC000899322873n_1
0.336493 0.320299 0.320299 0.319745 ZINC000900453192_1
0.544472 0.196347 0.196347 0.196545 ZINC000906176945_2
0.432236 0.594567 0.594567 0.595326 ZINC000906205602_2
0.572002 0.467427 0.467427 0.467693 ZINC000920153414
0.501835 0.288764 0.288764 0.292994 ZINC000931523329
0.217543 0.11442 0.11442 0.116042 ZINC000931678245_1
0.418778 0.419853 0.419853 0.41834 ZINC000932838760
0.189155 0.269239 0.269239 0.264439 ZINC001120852010
0.0746744 0.128607 0.128607 0.126231 ZINC001120860874_1
0.3112 0.347899 0.347899 0.341453 ZINC001121897655
0.396033 0.295176 0.153912 0.16017 ZINC001156816117
0.706188 0.182185 0.182185 0.182242 ZINC001157449731
0.128106 0.1505 0.1505 0.149348 ZINC001157731948_1
0.217109 0.382737 0.382737 0.384353 ZINC001157745159n_1
0.19244 0.204248 0.204248 0.200173 ZINC001158699060_1
0.27944 0.100667 0.100667 0.0998404 ZINC001159103094_1
0.779901 0.122052 0.122052 0.122475 ZINC001160878230_1
0.167013 0.130519 0.130519 0.126826 ZINC001161700339
0.550089 0.19723 0.19723 0.210533 ZINC001163219742n
0.981922 0.311971 0.313706 0.32362 ZINC001164275931
0.326033 0.378607 0.378607 0.380988 ZINC001164275931_2
0.453656 0.170531 0.170531 0.173286 ZINC001165294459_1
0.635745 0.112084 0.112084 0.113085 ZINC001165314341_1
0.437522 0.183825 0.183825 0.183309 ZINC001165325546n_1
0.289624 0.314526 0.314526 0.3141 ZINC001165325546n_1_1
0.741646 0.199124 0.199124 0.194858 ZINC001165380822n_1
0.42823 0.499832 0.499832 0.467307 ZINC001166932686_1
0.229367 0.212238 0.212238 0.211884 ZINC001167185324_1
0.198033 0.28179 0.28179 0.28179 ZINC001169124206_1
0.514713 0.408802 0.408802 0.408293 ZINC001170147166_1
0.15854 0.160203 0.160203 0.158006 ZINC001172296233_1
0.664746 0.974688 0.974688 0.974934 ZINC001173996627
0.138004 0.15781 0.168668 0.160357 ZINC001173999554_1
0.176115 0.277091 0.277091 0.279002 ZINC001174277778
0.762311 0.206187 0.206187 0.209689 ZINC001174792103
0.702594 0.0272077 0.0272077 0.0267457 ZINC001174792103_1
0.871521 0.313606 0.313606 0.304749 ZINC001176401833
1.18142 0.419357 0.407695 0.405969 ZINC001201326673
0.154783 0.153964 0.153964 0.142927 ZINC001204918113
0.975095 0.241751 0.241751 0.236592 ZINC001210450279
0.780777 0.412516 0.375249 0.388669 ZINC001210450279_1
0.45683 0.269478 0.381514 0.383208 ZINC001211253607
0.235144 0.19141 0.19141 0.182565 ZINC001217727675_2
0.0968047 0.199459 0.199459 0.155266 ZINC001217727675n_2
0.543972 0.483731 0.483731 0.48543 ZINC001217736742n_2
0.0751858 0.0696541 0.0696541 0.0696541 ZINC001222701454
0.682963 0.547916 0.547916 0.548256 ZINC001236357506_2
0.204602 0.203553 0.203553 0.202148 ZINC001236360606
0.405019 0.563616 0.563616 0.562362 ZINC001236366799
0.150224 0.121556 0.121556 0.119761 ZINC001239317829n
0.393296 0.421642 0.421642 0.412419 ZINC001239318796
0.10903 0.133163 0.133163 0.131396 ZINC001239331275
0.22019 0.233124 0.233124 0.231825 ZINC001239465882_2
0.239917 0.0614836 0.0614836 0.0605835 ZINC001239690345_1
0.179783 0.152899 0.152899 0.146146 ZINC001239785008n
0.295705 0.261436 0.261436 0.258056 ZINC001240125879
0.0625156 0.0985795 0.0985795 0.0968888 ZINC001240828115n
0.142186 0.131569 0.131569 0.129635 ZINC001241540889
0.0953899 0.150701 0.150701 0.150298 ZINC001241564972_2
0.0663794 0.458334 0.458334 0.45832 ZINC001242013084_1
0.366379 0.106986 0.106986 0.106764 ZINC001242075130
0.264367 0.236016 0.226395 0.233732 ZINC001242459244
0.332099 0.295374 0.295374 0.29378 ZINC001242460667
0.30425 0.169144 0.169144 0.169647 ZINC001242602055
0.353355 0.388383 0.388383 0.386416 ZINC001242757916
0.355664 0.369568 0.369568 0.368857 ZINC001242758505
0.320429 0.372842 0.372842 0.370487 ZINC001242894460_1
0.242242 0.175648 0.175648 0.162046 ZINC001242897054
0.18198 0.18432 0.18432 0.19351 ZINC001243061568
0.406457 0.371408 0.360487 0.292714 ZINC001243108999n
0.232612 0.20693 0.20693 0.20907 ZINC001243111516
0.076174 0.0581148 0.0581148 0.0567332 ZINC001243674859_2
0.254671 0.255846 0.255846 0.249781 ZINC001243675434_2
0.105713 0.134951 0.134951 0.135339 ZINC001243947093_2
0.452117 0.504891 0.504891 0.506279 ZINC001245208011_1
0.0852411 0.439345 0.439345 0.412128 ZINC001245895341_1
0.420911 0.367944 0.367944 0.363092 ZINC001246259560_1
0.351613 0.353547 0.353547 0.353166 ZINC001246524526_1
0.582516 0.481102 0.481102 0.481227 ZINC001246550775n
0.21669 0.102408 0.102408 0.102293 ZINC001246550775n_1
0.586866 0.229726 0.229726 0.228411 ZINC001246550775n_2
0.442426 0.416316 0.416316 0.417292 ZINC001246550775n_3
0.5587 0.462541 0.462541 0.462098 ZINC001246550775n_4
0.518771 0.188218 0.188218 0.190073 ZINC001246550775n_5
0.256504 0.200568 0.200568 0.200403 ZINC001246569894_1
0.344703 0.308295 0.308295 0.307857 ZINC001246605739_1
0.399767 0.683236 0.683236 0.680809 ZINC001246620865_1
0.744038 0.0649915 0.0649915 0.0648904 ZINC001246841220_1
0.149134 0.401408 0.401408 0.405908 ZINC001246961565_1
0.0756484 0.0827572 0.0827572 0.082426 ZINC001246991001_1
0.104441 0.135319 0.135319 0.140625 ZINC001246991001n_1
0.377863 0.306619 0.306619 0.307849 ZINC001246991472_1
0.0536467 0.223747 0.223747 0.224282 ZINC001250032854
0.472077 0.38291 0.38291 0.382952 ZINC001250487441
0.135451 0.137588 0.137588 0.137807 ZINC001250524155_1
0.520215 0.51461 0.51461 0.48061 ZINC001250570624
0.0663649 0.0446568 0.0446568 0.0452921 ZINC001250875004n_1
1.30324 0.751341 0.751341 0.73134 ZINC001250919891
0.320776 0.60003 0.60003 0.604401 ZINC001253387814
0.132778 0.147989 0.147989 0.148493 ZINC001253396614_2
0.483734 0.52593 0.52593 0.525112 ZINC001253402246_2
0.191028 0.361808 0.358404 0.358322 ZINC001253421002
0.565612 0.430454 0.430454 0.439944 ZINC001253477613_2
0.660418 0.480803 0.480803 0.48028 ZINC001254225042_1
0.334661 0.670836 0.670836 0.670533 ZINC001254867202n
0.223233 0.275035 0.275035 0.275204 ZINC001255019831_1
0.132823 0.513742 0.513742 0.5148 ZINC001255283034_1
0.67205 0.673352 0.673352 0.673496 ZINC001255289996
0.157898 0.301955 0.301955 0.302124 ZINC001255429782_1
0.680516 0.817007 0.817007 0.557629 ZINC001255546774_1
0.610499 0.281257 0.281257 0.281115 ZINC001255550175_1
0.110723 0.270011 0.270011 0.269671 ZINC001257088967_1
0.478038 0.144071 0.144071 0.144394 ZINC001257459468_1
0.0711735 0.104734 0.104734 0.104746 ZINC001257459468n_1
0.151918 0.167485 0.167485 0.16531 ZINC001258161803_1
0.397827 0.535214 0.535214 0.549662 ZINC001262671361
0.359242 0.195304 0.195304 0.194271 ZINC001262671965_1
0.198644 0.188564 0.188564 0.18771 ZINC001274023484n_1
0.341274 0.492288 0.492288 0.494917 ZINC001277921912_1
0.216399 0.494757 0.494757 0.501109 ZINC001278091420
0.569323 0.862381 0.376032 0.460697 ZINC001329590631
0.556397 0.445558 0.445558 0.439181 ZINC001332479305
0.528568 0.524813 0.524813 0.525092 ZINC001336398509_1
0.498808 0.399657 0.399657 0.399504 ZINC001336425002_1
0.687273 0.528852 0.528852 0.536716 ZINC001336909342
0.95689 0.412372 0.412372 0.410139 ZINC001337073713
0.251474 0.222959 0.222959 0.222261 ZINC001337073713_1
1.10781 0.532233 0.532233 0.531232 ZINC001339791928n
0.465094 0.21571 0.226164 0.225451 ZINC001339791928n_1
0.408585 0.120853 0.120853 0.120881 ZINC001350087619
0.149326 0.145244 0.145244 0.145305 ZINC001354028531_1
0.258309 0.259584 0.259584 0.252579 ZINC001503350576
0.199919 0.596949 0.596949 0.595691 ZINC001503350576_1
0.365157 0.480957 0.480957 0.480496 ZINC001503350576_2
